time,T_Cu1,T_Cu2,T_Inco1,T_Inco2,T_Cu3,T_Cu4
1,150.205568898502,147.19335525565,129.46865358732,43.9301857988052,26.5974212258,24.5368412957452
2,150.274614422783,147.173324626514,129.560267814812,44.0128128660281,26.594225596114,24.5345764326561
3,150.269403830107,147.159380499111,129.537810532492,44.0198521876461,26.6010041397651,24.5330397415533
4,150.268397747014,147.201352003566,129.652508874763,44.0565585204071,26.5990419602196,24.5304321978515
5,150.282028138618,147.23267691512,129.621799130747,44.1221371869245,26.6085467545468,24.5468133557218
6,150.249322451454,147.245371141659,129.767924798119,44.1338158827577,26.5937539884829,24.5289546340629
7,150.138808168375,147.331042800122,129.739064204857,44.1674264875852,26.6165471837347,24.5366765655331
8,150.285327962832,147.331808204116,129.745707261544,44.2145258869236,26.6064425357641,24.5313007406605
9,150.204841149688,147.291609386534,129.842698990165,44.2669522467339,26.6178083900708,24.5302998082649
10,150.214551413066,147.29727535119,129.880713021729,44.2875646500803,26.6259127294674,24.5227340081109
11,150.149810628363,147.235649131268,129.932059611018,44.3130813878494,26.6158652336854,24.5392022553428
12,150.25424236152,147.284611477988,129.956628330062,44.3133243813522,26.6216146240752,24.5446412600544
13,150.244130749446,147.371016716345,129.99276098587,44.3500419713449,26.6170051375679,24.5330320112037
14,150.218286910563,147.27061909841,130.001991036381,44.4034042563682,26.6294116092665,24.5439635693603
15,150.248097027998,147.270302296472,130.062512097554,44.4236536557838,26.6257452627466,24.5461988803343
16,150.239575168846,147.302009233002,130.04822831255,44.4479703569813,26.6231939071582,24.5319017374119
17,150.228170707461,147.347658960938,130.089255445921,44.4561055577096,26.6209524749251,24.5275813992542
18,150.148827903092,147.325943853735,130.109329926838,44.4576728221819,26.6304271662633,24.526978305423
19,150.193027043145,147.328114747965,130.128362872153,44.478143929199,26.6163556060962,24.5301564201255
20,150.197222122116,147.313821502186,130.179190697414,44.522944675961,26.6161392598419,24.5437568664336
21,150.239583374653,147.409363400017,130.205747589326,44.5500255779081,26.6385984984263,24.5356391313181
22,150.197228877238,147.381201225663,130.141991242072,44.5543738717258,26.6339670992166,24.5432101243389
23,150.219646676085,147.300603025164,130.130016598088,44.5657727406369,26.6338717107384,24.5251709795138
24,150.229216496818,147.301601025277,130.239763981357,44.584030582832,26.6299037934972,24.5379276188345
25,150.199095938017,147.295187816641,130.240481519683,44.5827158605121,26.6329285241113,24.5366697310061
26,150.263208488366,147.431657681363,130.190460673011,44.6236507760183,26.6249467035286,24.5290224719646
27,150.219203162481,147.354350076014,130.245639191886,44.6360386303747,26.6239177462906,24.5225567708028
28,150.258449141186,147.365706314139,130.319662366544,44.6401918194541,26.6401137324914,24.5296804446139
29,150.183785925072,147.391466356679,130.229745246913,44.6458657312555,26.626735179357,24.5430308201034
30,150.265381127545,147.337387309159,130.310702669983,44.6630450032721,26.6374984381607,24.544876953159
31,150.169081432691,147.316300390893,130.26306703492,44.6656232913993,26.6245098801652,24.5473942657821
32,150.15378002541,147.412358813392,130.331315349469,44.705762436482,26.6361341420952,24.5227100280871
33,150.149357400955,147.385800588865,130.342199039621,44.6876488028282,26.6315314522092,24.5408201490029
34,150.159671561388,147.350422004293,130.329993595546,44.7249558141893,26.6434671166301,24.5246144997405
35,150.256803684584,147.352360029452,130.368880828668,44.6918180453488,26.6399524149003,24.5383327822444
36,150.28114751,147.427608421386,130.351546674575,44.7351536306799,26.6430199758804,24.5426262286822
37,150.165995495383,147.437740933681,130.41370612532,44.7285735806229,26.6331275833316,24.5432481902028
38,150.253184113235,147.409938797421,130.40424503388,44.7455726485701,26.6319889568763,24.536679604285
39,150.140449103601,147.409413983691,130.376916334949,44.7391852667587,26.6295044627185,24.5290001528043
40,150.153558506155,147.393884624166,130.41023312703,44.7744214364659,26.6538011049562,24.542112369277
41,150.164470062338,147.417787702068,130.421029951302,44.7499796978173,26.6478794449791,24.5267292013925
42,150.275287467605,147.445041101121,130.460740429815,44.7638103601744,26.6446143687967,24.5293555266713
43,150.218933165377,147.382615115278,130.481849114158,44.7674481341977,26.638269860649,24.5226216478992
44,150.141152663438,147.456274153045,130.454463439571,44.7615172371515,26.6320647428457,24.5324380990551
45,150.267959990325,147.353851733247,130.432305158474,44.7933783945445,26.6535465654232,24.5231628568727
46,150.279008524053,147.410450990541,125.302090920336,49.3176503144205,26.6515565445035,24.5438665442872
47,150.208896800257,147.330383872735,123.234029319844,51.5416862071725,26.6852549439094,24.527621360271
48,150.201411882483,147.269853269084,121.949331486775,53.02481565442,26.8050148134365,24.5440078325694
49,150.229447828279,147.038675356144,120.929154162976,54.1475462855819,26.8837403340629,24.5239021857621
50,150.171015105361,146.948832742123,120.115072456822,55.0310398877267,26.9917998957379,24.5280868623511
51,150.241558946565,146.708451244025,119.484042709431,55.7753463857446,27.0715851144985,24.5236310809872
52,150.283625550267,146.532068469187,119.070785289319,56.2996705125457,27.1259052258717,24.5412738623698
53,150.161003954522,146.482104499974,118.595230554311,56.7080005681295,27.1685573718636,24.5399504775402
54,150.231094366096,146.297077771725,118.336891139567,57.0620580305888,27.2163724351253,24.54546876527
55,150.232745361249,146.169144663604,118.057946751496,57.3327902782327,27.2417899427064,24.5452221331502
56,150.231955755901,146.082039773979,117.93544305076,57.5563022608879,27.2694487139882,24.5426371644556
57,150.284558889966,145.943307988768,117.777885367492,57.7637914328544,27.2793483026367,24.5474910041763
58,150.194513769407,145.8604290654,117.585679395494,57.8793079688627,27.3095182847084,24.5425182249358
59,150.1757353518,145.77899372137,117.547862078776,57.9681301347555,27.3075525223405,24.530571951358
60,150.205147970355,145.766916135964,117.432900805665,58.0544675197263,27.3142648458172,24.5231276826456
61,150.153632811123,145.745727887994,117.319474116017,58.1193072495061,27.3432842409306,24.540819654824
62,150.190192403166,145.697134047087,117.367451262103,58.2209910572868,27.3474662257812,24.5343187356556
63,150.254279025421,145.621951341362,117.214435439372,58.2716666484999,27.3539830459987,24.5323137780961
64,150.182244001234,145.631916478421,117.216289946494,58.3032850297134,27.336624837043,24.5439994187373
65,150.246077774745,145.596422574243,117.211854260371,58.2994123087478,27.3560790886981,24.52393560927
66,150.233238352578,145.523147653881,117.154886054219,58.3491075827887,27.3443414154027,24.5321126965051
67,150.262381509528,145.511409173151,117.047768951157,58.3402395083647,27.3639880680191,24.5260450785511
68,150.214568214302,145.424847141661,117.066811908588,58.3511146671603,27.3626765506778,24.5236411029863
69,150.193688047761,145.466831607835,117.041612432416,58.3418166543761,27.3651141853512,24.539948936366
70,150.229363462293,145.34260981162,117.056997769762,58.342706311531,27.3656664289854,24.5453368555936
71,150.227190707382,145.371140830835,117.063806332494,58.3789934149856,27.3474294469734,24.5320877088492
72,150.21680987517,145.35784031427,116.958945704833,58.3620713817342,27.3627012413182,24.5285768384744
73,150.245993421816,145.312725944202,117.015250102621,58.3719831218751,27.3707620346883,24.5451765113581
74,150.192923667518,145.42524817286,116.902651520265,58.3565619953391,27.3607540960383,24.5400495158636
75,150.154737956811,145.333786567459,116.921409192174,58.3429772803663,27.3606154913516,24.5448900152143
76,150.19151502262,145.324028756802,116.954794313986,58.388100905213,27.3539642358532,24.546198407023
77,150.2580936321,145.370982702341,116.916080322959,58.3603355280143,27.373113579254,24.5459163670028
78,150.271132269325,145.313833363575,116.910708261584,58.3367015908481,27.3626108825626,24.5474187338172
79,150.188483814413,145.328652676624,116.86314629963,58.3749222343352,27.3728799375518,24.5324226298395
80,150.138862123584,145.334155956904,116.84195487585,58.3423176698595,27.3479574632909,24.5389974792763
81,150.140794176665,145.240216395638,116.875367082456,58.3666264605604,27.3517522446981,24.5430728254907
82,150.26392301574,145.289699626234,116.912480469827,58.3369710050764,27.3604520114307,24.5380582362921
83,150.27741052922,145.366209805301,116.877918375235,58.3345935204167,27.3635203077445,24.5400117259956
84,150.250882540228,145.310320861714,116.848456022223,58.3231213281991,27.3553109517792,24.5347369456598
85,150.281347072162,145.356119850859,116.805764828206,58.3321053643081,27.3633562356936,24.535219488073
86,150.210384311385,145.353984322199,116.800129693734,58.352825706389,27.3553331414579,24.5419919004309
87,150.219718148105,145.325327362817,116.892206127929,58.3573681358328,27.3683891282851,24.523511212446
88,150.234312251224,145.291768316956,116.885622509915,58.3434888356247,27.3599727855468,24.5450242531061
89,150.282446033508,145.331020089426,116.817531785347,58.3128825737471,27.3632746913914,24.54080021107
90,150.272036123032,145.211584389498,116.850863430735,58.3218421726518,27.3519515535227,24.5378936447539
91,150.140233384839,145.316294574302,116.823534830141,58.3471271227066,27.3481579796059,24.5413787691537
92,150.222625128072,145.221754949488,116.842431314353,58.3256029870244,27.3458275060549,24.5296107476818
93,150.245883037511,145.212475101317,116.864042739672,58.3017281208692,27.3683313389074,24.5276552959064
94,150.159227220406,145.231053899261,116.751903555632,58.3210386493488,27.3645664866437,24.5388037233647
95,150.14389903849,145.271401913763,116.784411422144,58.322273236383,27.365720681449,24.5457020664915
96,150.216717477519,145.203371690549,116.795807563398,58.3026069809581,27.3559238052086,24.5426134059132
97,150.142456878992,145.325052925742,116.757751043427,58.2878713718127,27.3459843365503,24.5312599696195
98,150.211473636868,145.268533970183,116.775944764409,58.292339262907,27.3479636522675,24.5292537781918
99,150.168026838506,145.220922554713,116.835146369676,58.3129696925643,27.3503223006228,24.54111451087
100,150.207875284815,145.233954593381,116.737472672991,58.3072552956159,27.3457035589422,24.540573870793
101,150.234584080962,145.205962963764,116.737857829278,58.2828926120708,27.3662898924662,24.5439170769388
102,150.143822593654,145.226755727835,116.74877219654,58.2688950359504,27.3475582924314,24.545469551133
103,150.265223676759,145.263755608001,116.794235267586,58.2959364337615,27.3597433623596,24.5292242772711
104,150.14240291487,145.262526516817,116.75257249424,58.2733435568083,27.3572816166498,24.539702862526
105,150.23255989846,145.246100421198,116.805814376449,58.2921648486341,27.3481632948468,24.5379489943342
106,150.212441856121,145.258602205116,116.752725837348,58.3112832592876,27.3632805659089,24.5242879048654
107,150.223044061624,145.242003869843,116.804474423321,58.2946883222197,27.3593209402401,24.5272090239167
108,150.268334874393,145.276649485056,116.743395117527,58.2731857110292,27.3468539612559,24.5308883047635
109,150.164129691979,145.33699093298,116.790496388103,58.3063046470163,27.3548698253261,24.5302752135659
110,150.166695275634,145.296929815039,116.726509113219,58.2640179011391,27.3608803559721,24.533004168491
111,150.156270742821,145.244989075003,116.819344847237,58.2689018941312,27.3500869627774,24.5246925380185
112,150.259807689516,145.275261249609,116.76030093397,58.2920743932602,27.3592121246642,24.5364957801146
113,150.246778125043,145.247137398763,116.74909168538,58.2648550319819,27.3676255560983,24.5391896992885
114,150.270499809793,145.245651057204,116.726148572569,58.299271750229,27.3575360775026,24.5253816108829
115,150.160429406902,145.252919863451,116.763362657039,58.2687853258617,27.3608585419797,24.5303905777719
116,150.199820471674,145.298751352305,116.756948061776,58.2776176730462,27.3684417052341,24.5470189766019
117,150.23081283447,145.243139168356,116.711215418324,58.2930423729301,27.3662652536267,24.5446458064847
118,150.225993871477,145.281420280187,116.80577542968,58.2907454924988,27.3595126551813,24.5230680262776
119,150.180837595111,145.313928934587,116.807275071422,58.284034287783,27.3684140502223,24.544081205673
120,150.253780277529,145.207795171832,116.791978447997,58.2605498698871,27.3464595668411,24.528623908564
121,150.193742509968,145.215457217409,116.755174410187,58.2885063080667,27.3556742435259,24.5333391112729
122,150.284192353658,145.327489913967,116.792141729427,58.2646282968645,27.3587809706786,24.5258834730835
123,150.167245871803,145.331206529421,116.800731904226,58.2618903212996,27.3633635162776,24.5278890679977
124,150.25343921907,145.226179090439,116.77650637205,58.2509978157252,27.353104513099,24.5418672909196
125,150.263229645095,145.230744912132,116.706042746435,58.2435910026083,27.3433636330469,24.5246787245653
126,150.20566944411,145.310636233876,116.711784858325,58.2970277806367,27.3557538560783,24.5325085136752
127,150.238345493303,145.305273728211,116.746217383775,58.2956926893977,27.3454365833838,24.5372518422308
128,150.256049906939,145.242684614104,116.787228362273,58.2641504217753,27.3516274765426,24.5274121572688
129,150.171812896204,145.241534003087,116.764303446752,58.282560822343,27.3604201291603,24.5399193796481
130,150.249311132564,145.228259810197,116.750288671636,58.2804653537357,27.3452274433082,24.5373233009151
131,150.274486000061,145.226382008211,116.698983825228,58.2480012481779,27.3627600918066,24.5341038174351
132,150.285672434818,145.332515591727,116.715590631666,58.2519798174746,27.3430625128402,24.5285279417384
133,150.268921135775,145.195373396553,116.802525783129,58.2930240512033,27.3635144950418,24.5328183294045
134,150.211986960623,145.286361242893,116.762583396766,58.2920719159483,27.3648682300556,24.5417614298106
135,150.137358705894,145.26103422519,116.752460084522,58.2614813730633,27.3469262100383,24.5233825403331
136,150.13873963266,145.205122521277,119.824094505569,55.4808648520504,27.3547161665336,24.5376878255203
137,150.150867200232,145.294244044845,121.837814075545,53.4943959276498,27.3346855774753,24.5244859092644
138,150.254520703569,145.421791386267,123.160175693207,52.0296757817459,27.2421742805396,24.532883479418
139,150.219515563784,145.576063872276,124.279272566121,50.8276735172346,27.1644739410749,24.5471360074472
140,150.244404545246,145.645853553024,125.231742823485,49.9041794604485,27.0890231731301,24.5435652789239
141,150.170748447067,145.841320696903,125.977746004949,49.08527642228,27.0293422767932,24.5238091330946
142,150.138380459482,145.98468844175,126.560802265764,48.4316596770257,26.9720850649986,24.5406870158127
143,150.154510252267,146.039762777739,127.110703560527,47.8285048335806,26.9229029377883,24.5253730187856
144,150.231423411935,146.149764995632,127.598028750421,47.3941395803639,26.8745223192278,24.5346335920817
145,150.138758294617,146.22727181691,127.939299802971,46.9942469371629,26.8423401741646,24.5442139272375
146,150.277516545018,146.446274254351,128.21170719005,46.6191946281624,26.7962520059114,24.5229166650198
147,150.286411545152,146.484455542967,128.54716619571,46.3519180216599,26.7750469641193,24.5429717774929
148,150.19320946152,146.627240685453,128.765237458241,46.1097218982882,26.7682835225152,24.5420959098522
149,150.270757549179,146.682264060604,129.024688978095,45.933696788011,26.7388215794921,24.5273417613639
150,150.224984181745,146.747984481506,129.117778304235,45.7694069488853,26.7352618553283,24.5453201753248
151,150.261735025028,146.787280648384,129.29927705347,45.6167708964883,26.7252522737243,24.5395913165835
152,150.20882855889,146.831345923391,129.408435775932,45.494517445324,26.6949104278003,24.5447089057551
153,150.145392831312,146.880031054035,129.501107382575,45.391222925204,26.6989097919202,24.5403208106519
154,150.205527115612,147.043961638232,129.611096463635,45.2907911004647,26.6945199481882,24.5346213685805
155,150.184283253715,147.015737257433,129.699115648341,45.2378464397752,26.6841567675299,24.5433295191084
156,150.273000742089,147.106674743317,129.899934200868,45.150750500541,26.6700618356807,24.5247677285613
157,150.271155845548,147.060662972278,129.921147001577,45.1271650897582,26.6831223151743,24.5231363619546
158,150.234151888119,147.16488793401,130.009883278221,45.0534986969176,26.6803268918602,24.5308922648133
159,150.173384643228,147.125719643396,130.076318206052,45.0572978733692,26.6657742317489,24.5346721337003
160,150.171580356413,147.172336085422,130.122690064303,45.0104628028326,26.6680220198426,24.5281331387243
161,150.218741924049,147.220585807749,130.182197911533,44.997996934039,26.6681186351163,24.5363667880292
162,150.195400178683,147.286317305709,130.105914374801,44.9446665022418,26.6505813441962,24.5395277778609
163,150.249695892341,147.328240006081,130.155502078437,44.963076856458,26.6465439587881,24.5433726482524
164,150.195362587344,147.337586904228,130.26378131535,44.9142209555566,26.6585182557578,24.5448958883725
165,150.176289755542,147.267608120006,130.31184489932,44.9011586324528,26.6418478495146,24.5334390160002
166,150.188510358579,147.298155334009,130.273382431993,44.8992155653007,26.6413004227054,24.5324904502632
167,150.276616071312,147.400622421237,130.276382685099,44.9082356299156,26.642539551611,24.5335020668953
168,150.192554657869,147.315062184417,130.344208055285,44.9042048466128,26.6602073377616,24.5302397269818
169,150.20885564358,147.30343764745,130.291913372833,44.8792670277466,26.6481623388443,24.5336729023429
170,150.172208865457,147.398910165009,130.311484679776,44.874704786334,26.6438743630991,24.5466088211231
171,150.216164033692,147.339218195773,130.442579465238,44.8882383340561,26.6471373206659,24.5340577738505
172,150.167994936412,147.353126124499,130.387742220517,44.8619509613644,26.6418080386493,24.5348988683516
173,150.180757734235,147.311525103993,130.450346907596,44.8882265810867,26.6572142121097,24.5230375653617
174,150.21627456766,147.399819717071,130.391662917791,44.8786331358376,26.645453562607,24.5273061963286
175,150.212614319961,147.38744462202,130.449813163699,44.8913233176287,26.6449480492496,24.5449524245552
176,150.211344750874,147.3506368942,130.496485100327,44.854912484048,26.6554970572534,24.5322313736275
177,150.273201302581,147.434360786397,130.471126857283,44.8562948585127,26.6517922770934,24.5250502218938
178,150.246028185979,147.414761185594,130.517519530078,44.8609657550353,26.6567711890631,24.5312415325839
179,150.271433501974,147.375719988034,130.534274880699,44.8814578040409,26.6458585707423,24.5269627203197
180,150.257215399378,147.399117827761,130.431302793013,44.8646434933776,26.6413014593432,24.5287263446013
