time,T_Cu1,T_Cu2,T_Inco1,T_Inco2,T_Cu3,T_Cu4
1,149.426528084554,147.017287208874,128.499127227766,44.5036057152141,25.7112896463145,24.8969858309598
2,149.540716067728,147.085401583157,128.55982394075,44.5238050265772,25.7134285565538,24.8997065584005
3,149.513437614795,147.071898835203,128.530235454637,44.5925492275062,25.7413753167958,24.9074991705752
4,149.520389702608,147.048472794194,128.618461550912,44.6067673961764,25.7232365973733,24.8918212983624
5,149.461811188544,147.074304264727,128.721996591966,44.6423612485934,25.741625012393,24.9110957547829
6,149.442936396388,147.045777153063,128.724848691739,44.7031991262185,25.7317295665027,24.8940664148999
7,149.499947243784,147.0805517832,128.68206967129,44.7164536847761,25.7363700307881,24.8980217273239
8,149.526681023013,147.128672344445,128.713711678161,44.7450353068362,25.7291789148815,24.899126856098
9,149.528672613678,147.060052704092,128.806392760554,44.7971468226344,25.7484911225427,24.9128751138909
10,149.532463045391,147.070538600004,128.833908476848,44.8102270317658,25.7417391321149,24.8929833599763
11,149.524441686907,147.086021806664,128.870887725591,44.839371219512,25.7393675642841,24.9106148716549
12,149.470676356363,147.170414604329,128.859756746581,44.8928375519544,25.7425815972229,24.902339392651
13,149.471184749127,147.062392579795,128.91393714248,44.898854157651,25.7473559611585,24.8965952565817
14,149.407703766124,147.085413431249,129.008909164301,44.9106091201698,25.7475027637658,24.9110540989191
15,149.466450828182,147.105614092156,129.017741129748,44.9384644072291,25.7558781790258,24.902110751898
16,149.487236968201,147.118604152183,129.000638724402,44.9688682430199,25.7566109218785,24.9001301902933
17,149.414416192477,147.179197119142,129.08828297345,45.0137083356922,25.740515396895,24.9087573320867
18,149.44947131172,147.207925111453,129.006114238872,45.0221086959344,25.7436245297208,24.8975784149262
19,149.437513444767,147.090671942303,129.039412280899,45.0265507290294,25.7547333461872,24.9128330333839
20,149.484930723628,147.099436929335,129.159557578759,45.0500635376562,25.7641062151164,24.9024458919994
21,149.463212335044,147.094683551104,129.070146383208,45.0921159506391,25.766203182197,24.9078034514581
22,149.460168700361,147.125344675369,129.126555353902,45.1100416083013,25.762406951931,24.9055609843669
23,149.406035623508,147.105083531442,129.132109742758,45.1061362343638,25.7564529223821,24.8936879476642
24,149.436858015412,147.174018022391,129.121639244948,45.1138531035835,25.7709937052041,24.9094235322156
25,149.434530378811,147.144831292421,129.154134363511,45.1418651392166,25.7553219351779,24.9101946346319
26,149.504267935224,147.24774208399,129.199021541856,45.1393313317796,25.7513681207308,24.889595978456
27,149.496731282512,147.221341012882,129.198167515678,45.1839641772194,25.7693929801361,24.9039127845207
28,149.415780873886,147.191392119127,129.265820874033,45.1687144297532,25.7712073550252,24.8953899646698
29,149.417286542644,147.134394783059,129.219829688048,45.1784139268078,25.7753787640291,24.9072256318167
30,149.409598965636,147.203763009421,129.326485302928,45.1840370542811,25.7726698807588,24.9007547575573
31,149.508189685995,147.226646798084,129.254422591239,45.2089390914727,25.7780397392248,24.9083673462353
32,149.481326171805,147.220897773554,129.247067645059,45.2304793207765,25.7679882414835,24.9016695312865
33,149.523059351061,147.195980753173,129.310646582191,45.2531965138966,25.7796507884442,24.9034957470256
34,149.413822342423,147.153254344846,129.352241845432,45.2623091208952,25.7807253883395,24.8940587138163
35,149.43638789627,147.259232535063,129.317889030455,45.2365033819951,25.7694198752204,24.8976584403066
36,149.406022276195,147.17835545627,129.399630905768,45.2614098388794,25.7783794639856,24.8959890096561
37,149.496386757911,147.218709183212,129.336770082886,45.2756206680453,25.780269929278,24.909848381863
38,149.4395191599,147.264110271903,129.328879454422,45.2828056874373,25.7816305273503,24.9129001987535
39,149.504273217572,147.22297803223,129.330203399323,45.2715181776459,25.7697735858946,24.9041484989919
40,149.417448000847,147.194541312138,129.431341436065,45.3052758555747,25.7780772249119,24.9108649387238
41,149.47650326373,147.278438189489,129.343652119394,45.3107951816611,25.7831872223094,24.9130805265958
42,149.404787189781,147.162193897833,129.373777811841,45.3050721019077,25.7802652528135,24.9047324365084
43,149.413099525843,147.262673609546,129.35893984879,45.3179438477894,25.7837768600858,24.9085284215926
44,149.468243936126,147.289254044343,129.371882294569,45.3107087896432,25.7715659513092,24.8986798199859
45,149.50450062701,147.22672018841,129.397870165768,45.3241937660413,25.7820018835649,24.9006170696708
46,149.488105633772,147.226026130548,124.39734025724,49.8586284908197,25.7907153234098,24.8901552678709
47,149.42864121907,147.110323972317,122.309402203016,52.0575191446412,25.8233894284183,24.9086311721591
48,149.490721651655,147.093193126999,120.888901805994,53.5644705807807,25.9140204941671,24.8973347338591
49,149.502776189644,146.920182678824,119.867628962398,54.7392078546967,26.0340984810224,24.9097897701433
50,149.445127973149,146.698027641236,119.021195695362,55.5941514484119,26.1193507082829,24.9133531392982
51,149.518621969532,146.524738136489,118.474535327721,56.273308736009,26.2051334603048,24.9006660577502
52,149.424607037209,146.331075762755,118.040208432862,56.8639979758091,26.2538868908637,24.8974670737726
53,149.434099530718,146.305714064761,117.617383409526,57.2495365100943,26.296527856438,24.8899172360147
54,149.487113167977,146.04188831668,117.315267771967,57.5986705643494,26.346672908389,24.9114098853892
55,149.528138609813,145.950557068239,117.045195396566,57.8798741306726,26.3837899369101,24.9061821774228
56,149.520703928686,145.864768086655,116.919426436523,58.1269216807409,26.4003067825069,24.8995100490099
57,149.48641629249,145.730404705738,116.804396586009,58.308174003475,26.4118353292016,24.9127606845211
58,149.398246848828,145.659993338077,116.640493217909,58.4066036801541,26.4317103518471,24.9066534798426
59,149.539583479164,145.670311475991,116.505908989607,58.5428081163486,26.4417232157661,24.9049780415807
60,149.516775207863,145.568567177459,116.444220828765,58.6388308190476,26.4428052703207,24.9014272486121
61,149.457802937037,145.489573571184,116.362144359854,58.7160510323465,26.4641203731278,24.910484365326
62,149.528921097368,145.42378618094,116.317110587108,58.7668494441278,26.4779543164612,24.890062312906
63,149.499063121531,145.409898122937,116.250667629548,58.7821550934293,26.4741459854397,24.9003449000635
64,149.434258513535,145.332017224141,116.187729476696,58.8484533402568,26.4712497214675,24.8963333732371
65,149.42317038124,145.31752426678,116.197455575759,58.8457271857689,26.4903161085422,24.8934252856819
66,149.527072392852,145.278448514716,116.122799536685,58.850205695794,26.4900075320928,24.8923341973604
67,149.446899823013,145.333780199791,116.095019251022,58.8746322122582,26.4914299260887,24.9110934690127
68,149.446676426748,145.291065859776,116.074280574869,58.9082944925576,26.4881960090589,24.8903244162724
69,149.457929685774,145.218063329685,116.067545597918,58.9317480024601,26.4882368653344,24.9125176518125
70,149.512429590515,145.235767854071,115.988924140319,58.9384457210117,26.4822310947228,24.9060552023781
71,149.422513840774,145.177652485542,116.007230587285,58.9216818601155,26.4895269849425,24.8888582004859
72,149.50114722491,145.160297521014,115.966809929507,58.9444347573985,26.501894059274,24.8886799688716
73,149.494401165454,145.147469806285,115.931390303585,58.913003047975,26.488629774077,24.9098902438358
74,149.521106701512,145.197023330555,115.924338105689,58.8912229506309,26.4942390910387,24.9002401532501
75,149.454685712196,145.164753818195,115.939715934708,58.9049403161861,26.4888885356388,24.9094759253606
76,149.414688771762,145.092256661363,115.873238613631,58.8875962149623,26.4960716432094,24.8940735790608
77,149.526826163803,145.081783847354,115.948839482636,58.9343460037917,26.4817471193558,24.908706971425
78,149.504881138597,145.104517420372,115.937498397959,58.9060435928293,26.4826837388452,24.8947724449072
79,149.484155219968,145.124850790864,115.847596020324,58.8828950304905,26.4785606510341,24.9135147741764
80,149.509074356462,145.09712186556,115.843909426795,58.8822493864736,26.4947824921325,24.9120053995996
81,149.510954282232,145.149504034259,115.911703030281,58.8849578067386,26.4985741177815,24.9024068677225
82,149.481166889171,145.18449822633,115.879499045582,58.8803140572082,26.4966293571988,24.9113753945012
83,149.518040511501,145.155377895207,115.872666472382,58.9148022524593,26.4952218612673,24.9044452072943
84,149.498455569986,145.132108677219,115.846763586036,58.9051249363547,26.477964022396,24.9080603521976
85,149.478169794792,145.146083172319,115.861037875575,58.8768355482719,26.4889190450836,24.9027384133196
86,149.500792590112,145.14239721846,115.812705896956,58.8757165354885,26.4974476759653,24.8933520005618
87,149.541181248587,145.116706850704,115.851452160626,58.8846994493871,26.4971795820232,24.9112141671765
88,149.492066516238,145.141533807406,115.764315158443,58.8778455822932,26.4845296422073,24.901429369334
89,149.520773472125,145.084509072485,115.804242937003,58.8627205184394,26.4815195741851,24.9135323666645
90,149.426248472545,145.113451699666,115.823110511829,58.8903344865014,26.4774124483074,24.8979911755248
91,149.510624987124,145.060058155319,115.764372780529,58.8525643253469,26.4923807832694,24.8937107583416
92,149.43114074757,145.064727875788,115.79322617132,58.8890777066624,26.4885656734086,24.9068066264568
93,149.460371144614,145.024186410371,115.771973944842,58.8541877218232,26.4737754560866,24.8963938507212
94,149.51653471216,145.070332911152,115.817089937544,58.8688039502319,26.4845193443884,24.8914974820298
95,149.457897952335,145.039460609243,115.798476621331,58.8421712457764,26.4849832169609,24.9107730987129
96,149.404670059953,145.077385446348,115.831520016061,58.8251494115438,26.4940716692985,24.9058860313392
97,149.428060473902,145.039037138557,115.823162309851,58.8766340511812,26.495150792866,24.9120554624267
98,149.40433309807,145.135842374899,115.778450209253,58.8504204415549,26.4885839413668,24.8989871418155
99,149.493778152866,145.122020403059,115.718164119006,58.8563856684885,26.4764815767652,24.9089522301436
100,149.435667465894,145.028679755305,115.754415698009,58.850609789886,26.4884294312948,24.9086790260534
101,149.46088626512,145.132296177616,115.724997879519,58.8571383851436,26.4918660852962,24.8975680658141
102,149.423679108462,145.045831672602,115.817419289869,58.8688988487483,26.4837863913456,24.9114033124614
103,149.530572052585,145.027840663289,115.760129924035,58.8522065537226,26.4778583482047,24.8957658547013
104,149.449055789192,145.10761270714,115.800544805059,58.8582039845767,26.4792169467023,24.8926830054367
105,149.428672210245,145.149256627658,115.771161062014,58.8645730683333,26.4985901059172,24.8999545216427
106,149.517211702531,145.128516826002,115.748277310729,58.8493908305745,26.4847898253393,24.8946283917747
107,149.401574170145,145.100395135766,115.703547009011,58.811821994199,26.4939852275214,24.8886060102025
108,149.403870604277,145.057318411767,115.80333561051,58.82112124226,26.4878964108411,24.9039415307998
109,149.477376468039,145.049553215692,115.761491498308,58.8023230364578,26.4935589025373,24.9050886554053
110,149.537908727953,145.071868112612,115.706213921653,58.8403817192822,26.4971683448935,24.905066369591
111,149.488235863847,145.059357345556,115.733064040882,58.8548299798431,26.4889342170705,24.9055698381992
112,149.48808018179,145.135268743863,115.788066450525,58.8402215097562,26.4882594411651,24.909824200709
113,149.494483605368,145.008964333009,115.747021351776,58.8396670905668,26.4887023306263,24.8894908205994
114,149.536193259091,145.108453295084,115.746475145879,58.8055751796251,26.4730084182225,24.9055773387887
115,149.430792258177,145.056372937401,115.733694204981,58.8153316275074,26.4963875561128,24.9028363989188
116,149.530639330366,145.051332732078,115.702683084574,58.8274030950394,26.4952779376189,24.9058133282723
117,149.405226970149,145.100687385225,115.709376186153,58.8198360411784,26.4897739849733,24.9109471199699
118,149.519709633815,145.139927779066,115.712683043167,58.8411076497476,26.4794417091616,24.8952295161994
119,149.402792441489,145.135655378092,115.740253595444,58.839310573583,26.4802830430923,24.8902718240979
120,149.46016004296,145.150502038611,115.743010273474,58.8096599982417,26.4730894167242,24.8963979954538
121,149.487103656248,145.016706435718,115.725485766423,58.8171367056088,26.4849159261536,24.9082874467842
122,149.427422964704,145.024729059808,115.78176917229,58.8290425835336,26.4872570146607,24.9010164544653
123,149.517317354497,145.147709344902,115.7113886165,58.8238290871077,26.4903878041699,24.8994837774111
124,149.429551905229,145.01871154005,115.750802800131,58.7961253040726,26.4709037198983,24.8927681013494
125,149.424065700423,145.104701525456,115.708311488997,58.7888426294746,26.4754109688284,24.8951720258054
126,149.489979939539,145.139658608123,115.703878702282,58.7945857870904,26.4832325844504,24.9056549984725
127,149.539062139964,145.025745931831,115.715322972171,58.7999166865184,26.4804903620243,24.908973894052
128,149.49713841462,145.132962853117,115.766835582052,58.8127992468506,26.4962518276554,24.9061959836366
129,149.430138428922,145.007862016764,115.735378901281,58.8174265004427,26.4956946534384,24.9029714312082
130,149.534942142712,145.054429657642,115.74088988328,58.8439114113673,26.4963626776119,24.9134095212127
131,149.454933185148,145.039237889186,115.698808054548,58.8274565606952,26.4762360728181,24.9000877906359
132,149.403151015388,145.147009608112,115.683425503101,58.8425988619499,26.4749616282968,24.9008917901387
133,149.432005437493,145.126974593962,115.746085752403,58.7876804067472,26.4859641016389,24.8954069510733
134,149.533936653352,145.119358587078,115.784705145151,58.8217453236371,26.4865109222836,24.9049355310571
135,149.528251882623,145.134564743502,115.682383265998,58.8405249772536,26.4893201068318,24.8987343861989
136,149.485273972977,145.117424108395,118.797356569032,56.0266734160694,26.4756225669214,24.8960570373462
137,149.482021613199,145.164407198864,120.70051534307,54.0578733062482,26.4475527731024,24.9036938481889
138,149.398066967357,145.180192049251,122.195420144399,52.58896060094,26.3789957712538,24.9083372906895
139,149.416932989637,145.360434045252,123.258998469456,51.3813884739105,26.2931855994654,24.9128302980856
140,149.430099817756,145.481419922434,124.163524582947,50.4445430334808,26.2143926653637,24.9078925545716
141,149.521926617226,145.563490183704,124.969425297766,49.6129071990208,26.1574149723305,24.9035575016308
142,149.456045814932,145.705901857221,125.534702631519,48.9368847137523,26.0917419398981,24.8997846747083
143,149.445614993011,145.920047978808,126.077506765981,48.3826896064026,26.0589683229084,24.8923947781427
144,149.437170452944,145.917454705771,126.542383759235,47.910140524209,26.0092515652112,24.893838783967
145,149.442382270081,146.131407378095,126.841816523544,47.5137878330317,25.9694102926009,24.9060666849209
146,149.462130379128,146.169617621854,127.219614111317,47.1728415274387,25.9430658855488,24.9124625135423
147,149.426764620095,146.360206335302,127.493859054291,46.8918526644694,25.9245098535302,24.9044446755109
148,149.48302542367,146.364510050128,127.779916580891,46.6729228476442,25.8888192407161,24.9108397379232
149,149.496553530002,146.431855770096,127.955579007746,46.4829810497843,25.8836043330762,24.8939650842311
150,149.500740588673,146.584821641911,128.071108907691,46.274180486517,25.8681078301861,24.9056465515253
151,149.450964731317,146.579412831333,128.290318768444,46.1406618982296,25.8537862080767,24.8964344243738
152,149.54142225159,146.744286932206,128.369915363836,46.035170493444,25.8225417550834,24.8891926233954
153,149.434464459235,146.816617055486,128.519891631943,45.9445365011816,25.8216598107983,24.90906418484
154,149.510144429589,146.78175149673,128.642320203069,45.8569252841522,25.8124109796483,24.8993746763667
155,149.456437802472,146.82353789901,128.779308778199,45.7745192094275,25.8147050052552,24.8907756242033
156,149.524617167485,146.824931531134,128.833279485746,45.6898877586005,25.7964554307221,24.911935058675
157,149.453701269676,146.933886536506,128.922361911462,45.6677129142974,25.7981074231678,24.8983273792887
158,149.50404457062,147.039541770787,128.901044375165,45.632829006777,25.8070624475652,24.90325625005
159,149.449751966798,147.03290468321,129.009709329546,45.5607635469239,25.7878138278872,24.8945538574226
160,149.529477358653,146.997242136315,129.108970834283,45.5438267242047,25.7793384095969,24.9048970840062
161,149.510482860182,147.063787812113,129.051904319125,45.5136233011085,25.8023196460389,24.8977212709794
162,149.463067472748,147.111935216671,129.160376462776,45.5002469114442,25.7901177699114,24.9005892072038
163,149.458002777341,147.033042026605,129.124782047585,45.4766717888937,25.779095177921,24.8986000979976
164,149.453844350044,147.118895079078,129.199965742019,45.4919904664072,25.7827920582047,24.8969028974925
165,149.464391216951,147.177038116938,129.26808079621,45.4415975969762,25.7893907007131,24.8952475930989
166,149.454949783179,147.164421181083,129.214804470729,45.435504969801,25.7838297158241,24.9077540329796
167,149.408810539005,147.111317096505,129.330289840681,45.4580615216,25.7799252242713,24.8945675068623
168,149.463945788378,147.137049047554,129.32913076598,45.4389961369086,25.7835759580058,24.9125898879282
169,149.488882688547,147.176724770118,129.381993263513,45.4234510123288,25.7720326064341,24.9116467404234
170,149.443621296893,147.115563445248,129.363422415409,45.4172958189671,25.7879444115206,24.8954141317138
171,149.458900235996,147.173839847509,129.352164118891,45.4272375647639,25.7878547544324,24.8941399334104
172,149.413055443546,147.15564650649,129.396560494054,45.4286925212745,25.778925228297,24.8948610479607
173,149.469435693893,147.198962981888,129.388883656515,45.4268227189889,25.7856731905264,24.8947327943961
174,149.441765223923,147.251252931942,129.349247199591,45.4359020265467,25.7763626517165,24.8945473683136
175,149.40034605569,147.193636672086,129.430456137517,45.3936070902388,25.7845966786582,24.8992642329088
176,149.530566029747,147.218862561318,129.48080174677,45.4104892137586,25.7696091681064,24.9092061060614
177,149.429450269658,147.160960933157,129.428165398355,45.3915612929265,25.778788776702,24.9039876149228
178,149.500450317374,147.284229116962,129.452706394382,45.4234665362955,25.7828863783403,24.8934048189455
179,149.421062217979,147.184741744866,129.458685317959,45.4274734266109,25.769440094614,24.908759995071
180,149.544051053533,147.213412291125,129.417970688024,45.4183200174262,25.7670958549717,24.913198813745
