time,T_Cu1,T_Cu2,T_Inco1,T_Inco2,T_Cu3,T_Cu4
1,149.697426224745,145.355377566598,125.771931524124,48.7326107052218,26.2209279639017,25.0189317371134
2,149.994780405395,146.61305873201,125.405720795359,49.1632880813445,26.1903255313315,25.0855861754572
3,150.584856347527,145.443438410965,125.55904149777,49.0340042137022,26.2138074858732,24.9999314934053
4,150.002121884803,145.44953797675,125.638184150606,49.208210173735,26.3507384038864,24.9847562219148
5,149.665492858656,145.460224943133,125.214392980376,49.0134938525197,26.2504763820024,24.9122642708114
6,150.050937268,145.369871579011,125.071192851785,49.1320250828577,26.3415105578131,24.8820698627239
7,150.111374330678,145.908117295854,124.824928668751,48.895989060266,26.223994033986,25.0641674469961
8,149.869206602582,146.226579973236,125.392809830604,49.3414825729765,26.211808010904,25.0740265589857
9,149.272145494208,146.46877991256,125.630565276446,49.2273164770505,26.3011028307637,24.9483888986044
10,150.304147205142,146.413682866555,125.190989757596,48.9864097761978,26.2950347232761,24.9038016865045
11,150.01012072723,146.30510603918,125.509458093681,49.3016998557449,26.2173911813462,24.968772907747
12,149.82189914764,145.958907402381,125.18562266611,49.1730306061477,26.1163912084768,25.0822234362642
13,149.347397302311,146.30759130531,125.267525210751,49.0399783896405,26.1267431005409,25.0854441454887
14,149.787869940992,146.675764593253,125.726612332989,49.1227868792028,26.3142174646351,25.0413096128894
15,149.601376863798,146.019117507075,126.044315609511,49.1577402998728,26.2779597622273,25.1150349939716
16,149.555256079333,145.72956271016,126.020767821274,49.1639564914299,26.1154787408135,25.1107794730527
17,150.470669374746,146.440735848392,125.216736881954,49.4151329476498,26.2541524434832,24.9031748730952
18,149.84015189039,145.635807499013,125.467292781178,49.4558795624311,26.2977977644118,25.0370718623064
19,149.330362756292,145.635770468067,126.093566212747,49.3685388372785,26.1387840209259,24.9952010129199
20,149.812577367409,145.975063462644,125.312224416881,49.3855608074487,26.1675099818975,24.8916301729873
21,150.412491266127,146.203665771289,126.215622112869,49.4368793541623,26.3242941404461,25.099442806383
22,149.497946431306,146.200319564485,125.789441309728,49.6247354165763,26.1486128778617,24.9993075322342
23,150.618328345555,145.483247597743,125.229253589577,49.4632653830182,26.3443942635373,25.0678258572147
24,149.728808672714,145.48726679911,126.069149983529,49.4579085433711,26.3560204563626,24.890090557356
25,149.744669502426,145.724094215173,125.863929894692,49.6212566253443,26.117634789196,24.940614366226
26,149.556353505143,146.385223856913,125.735217497527,49.4642746927535,26.213896306569,25.0377673421756
27,150.40082210457,145.913412317474,125.372425219706,49.3575969466365,26.1595398525998,24.9084009776124
28,149.354959723429,146.525283825316,125.114694105561,49.6742223762015,26.2578470596866,25.0346364342062
29,150.67505092202,146.682078681961,125.364862095011,49.4272086451578,26.1432675797027,24.971235773742
30,149.48731467736,145.900893433821,125.532372147893,49.5154517335306,26.1273938883239,25.0664245314187
31,149.679668799602,145.395919351647,125.881334759577,49.5820763598372,26.3625261689854,25.038228920539
32,150.280693672105,146.155410137697,126.330951321445,49.5690494577419,26.3730540664634,24.9703722663206
33,149.461724735457,146.414620893655,125.35759812231,49.3455441721594,26.2131915881183,24.9500046456851
34,150.018129975725,145.791726023315,126.05465937907,49.2873644335936,26.2879626217335,24.9600348888767
35,150.331990390941,146.045254484876,126.222540605465,49.389205934466,26.1370827383032,25.1047316341781
36,150.64326770343,145.650269160505,125.706953515203,49.6888662222543,26.1741935132796,24.9890667033258
37,150.348155775024,146.699585685652,125.317797325028,49.5420792882526,26.1303612147534,24.9856242381495
38,150.374772031107,146.033263780438,126.142274381197,49.5006528720877,26.2435110362559,24.9885464549039
39,149.860979404658,146.118587383799,125.726097334224,49.4888522768099,26.1600154961863,25.1113205022967
40,149.609237543382,145.653748432428,125.277216204275,49.6640078437562,26.3811513093114,24.9297797381375
41,150.031275712625,145.471959955937,126.236214722593,49.6092361906236,26.2333103173797,25.0956006989829
42,149.578616040163,145.420602631546,125.93743861832,49.6155799547305,26.3722770593546,24.8799688557062
43,150.513581855848,146.530586571096,125.264449936368,49.3737336952385,26.3118584722168,24.9604412208093
44,150.244399363577,146.461250838585,126.288020546129,49.5121759335284,26.2744680515482,25.0665068614236
45,150.47435292775,145.621009195897,125.192648960322,49.5520079562029,26.2640325140863,24.9607009253798
46,150.440816400154,146.641741385391,121.270257343605,50.4034087873203,26.3085886102448,25.0297016010386
47,149.953657805328,146.281422379647,120.652653470449,51.0438063774616,26.1348392670535,24.988255290523
48,149.714287469002,146.134090963044,119.244922130208,51.5427655996591,26.3600797048063,24.877540650657
49,150.281368871271,146.492485406947,118.181964231719,52.3178814002675,26.4240807775473,25.0247702918676
50,150.730278335085,144.96878045976,117.853648563618,52.6175767347206,26.2101185631556,25.0253920870896
51,150.404900813783,145.414204657214,117.825896945069,53.2452673079489,26.453273467578,25.0373543627403
52,150.494371270088,145.396100785806,116.758168318662,53.5260028625195,26.4652611775375,24.9606801581456
53,150.309127148175,145.429396470243,117.396722382968,54.0160334476412,26.5512814819365,24.9983248138937
54,150.143004627972,144.611735423791,117.265684661622,54.4438604087782,26.3709946506717,25.0504434863134
55,150.379311180124,145.369295138371,116.918558600626,54.4930907812442,26.5748331753044,25.0969506503574
56,149.995083305738,144.417783225988,117.027589341237,54.9489045329026,26.5199869776012,24.888764461539
57,150.547698981018,145.089626161296,116.728538124344,54.7899833629252,26.3943061465494,24.8995904876364
58,149.352041541194,145.263203680896,116.531954098355,55.3427736031437,26.4520623681301,25.0374456963682
59,150.702818910319,144.894727366852,116.81056516003,55.0772883468741,26.5964947630473,25.0660177228091
60,149.398134467957,145.045859790956,117.438732989865,55.4417505537665,26.6190934603118,25.1219897353995
61,150.070465629683,144.430166319839,116.652465328726,55.3321351528551,26.4431839420996,24.9063311978539
62,149.854454863469,145.0302005674,116.83942560344,55.8929038190136,26.5493317419915,24.9661192938006
63,149.4105602331,144.625507283394,116.828599630018,55.6531639160599,26.4908745884316,25.0440575225706
64,150.336249255721,144.207602992028,116.580059989565,55.745693561824,26.6851312929671,24.9689395428044
65,150.170523521941,144.590435907414,117.117019938508,55.8457627605966,26.5316102035861,25.0908646228668
66,150.424452288777,144.413792642377,117.527173254112,56.2146457891137,26.6803382010623,24.9479941877465
67,150.099930873662,144.374364726251,117.646437829765,56.0222517397718,26.5267777543405,24.9083687476461
68,150.46697873806,144.920656517723,117.469161614972,56.1388733757269,26.6960388468171,25.0431626286069
69,150.115163790361,144.771574004956,117.104082704899,56.46717705313,26.5169874081312,24.925646245218
70,150.666043790763,144.609959803238,117.037786212433,56.3751717385763,26.6728924336911,25.0921287995503
71,150.557178223413,144.325478283365,117.532048612319,56.6594110349117,26.4830143279675,25.0627893304749
72,150.011403311917,145.252304498803,117.785072612791,56.2283051513407,26.648875211967,24.9798449124982
73,150.433234747519,145.256141123972,117.867358923314,56.4881689928398,26.6318962505353,24.8750577662999
74,149.95954596135,144.421907064551,116.90677393537,56.6072778247222,26.5840583269356,24.9123659330919
75,150.493202547733,144.903184042271,117.40619632962,56.6426257394651,26.5430690957064,24.9434585753861
76,149.733722382093,145.142695388196,117.016944664968,56.8257779772749,26.6997983675015,25.0931062547407
77,150.714219802841,145.398869595728,117.189153832283,56.4644386974019,26.5298735736278,25.025312785978
78,149.667316560395,145.350495422761,117.955341013797,56.5946385774846,26.6234673478661,24.9552971132078
79,149.359246207219,144.5792553662,117.170834123454,56.4549818030783,26.4985742119011,24.9460732686141
80,150.376835408808,144.260636919589,117.105225984452,57.0210295266685,26.5466395951232,24.9838289514461
81,150.496782930801,145.181586325611,117.623170547514,56.9418600014543,26.6278367180055,25.1009397627955
82,150.633507139997,144.196144705802,117.374248152437,56.9573901017797,26.7234114063378,25.1062764112468
83,149.740536440055,144.264438725864,117.472953040967,56.6317859764325,26.5391820605461,25.0013231130515
84,150.456103893856,144.552763480004,117.973112063921,56.7723654217626,26.6979978715455,25.0318954523175
85,150.057375499951,145.268022509831,118.046774780335,56.6793936495007,26.6883087619854,25.0548159817056
86,149.944942318619,144.887508282599,117.876489206009,56.8942664384361,26.5145957406,24.8809782203399
87,150.481125376282,144.89544403229,117.582476301199,57.0890792304331,26.6367427714327,25.0187331254992
88,150.677859759287,145.390129298269,117.863431537735,57.0052725951702,26.7663333733547,24.886633616016
89,149.36440933416,144.885187121036,117.372940807043,57.0521394060935,26.5384766555556,24.9806328470671
90,150.313006596282,144.069815973837,117.861043873901,57.0386509744187,26.7074390226304,24.991933565323
91,149.602389665755,145.229872875654,117.942039361467,57.1032390568745,26.6804104190932,24.880656996689
92,149.848343336579,144.942075782093,117.866843145827,57.1902772244768,26.6693976861162,24.8912685106162
93,149.65218664036,144.757945884298,117.57837689263,57.0694560804626,26.6446924635101,25.1059890839313
94,150.498769974893,144.454145919726,117.610528346862,56.8261784643462,26.6638498800942,25.0085357159861
95,150.743060715519,144.441457167446,117.393573001895,57.0605797149132,26.6268539000058,24.9666991172493
96,150.224626474132,144.766412472702,118.138141195451,56.8368134841273,26.5341461837313,24.9659865448852
97,150.305929246566,144.401210639076,117.79080226546,57.2695984310472,26.5918529687548,24.9128434164566
98,150.648454796953,144.144399830484,117.636884265529,56.8056571548237,26.6645573199122,24.9124021496582
99,150.281478822104,144.32099046006,118.140456184355,56.9629109556933,26.6842675581618,24.9627005229093
100,150.102530878005,144.451977809513,117.514073274339,57.1088253589015,26.7640269586135,24.9589915239171
101,149.821271293934,144.366051817303,118.237871802564,57.0560280842187,26.7770164668609,25.0710069615672
102,150.201869227216,144.958190350671,118.211506959339,57.2513463070372,26.5418224204422,24.9966848029065
103,149.794842931641,145.275457672432,118.253116377913,57.1011679074495,26.693644437585,24.9911995032184
104,149.861429167419,145.258002700546,117.6983436146,56.9340682561158,26.6783191232664,24.9078131378992
105,149.803049585364,145.247293758494,117.719593800237,57.2151493691805,26.6443169957141,25.0965978677221
106,149.952598140586,145.112343310134,118.288658847333,56.9003750484784,26.613329547751,25.0436393564072
107,150.005120764926,145.332673464873,117.825498244034,57.1964594364034,26.6454557619149,25.0837899095058
108,150.615803673598,145.220510699257,117.956164256567,57.187547590891,26.6978522892531,25.0391219837189
109,149.559646533111,144.385666324523,118.107925968697,56.9610083355211,26.7750672476135,25.1209792441241
110,149.757905512916,145.530139540901,118.425479222552,56.9384340329051,26.5433119240656,25.1199474679728
111,150.111188432983,144.228233469663,117.940929503606,56.9334363281878,26.7324472776368,24.9375382533995
112,149.980398659144,145.035833105239,118.051304863649,56.9277107934647,26.6775270152765,25.0311426758855
113,149.643328478536,144.406159092676,117.97761521216,56.9616944070388,26.7634261901901,25.0570606057884
114,150.11939019443,144.448591324122,118.401128181943,57.3948916895607,26.5474628721394,24.9995425788168
115,150.567491548463,144.588178011332,118.329796959811,56.8615887630364,26.5988854856127,25.0874570737398
116,149.341425333577,144.383568640154,117.514797038419,57.4026762503272,26.5346524747643,24.9227295509055
117,149.911314703395,144.831766901758,117.528214862651,56.8730930891342,26.6554546872513,24.9060359468055
118,149.376387002006,145.475372765134,117.607434042006,57.4160804702057,26.72605984629,24.8756976053323
119,150.094856423139,144.670604960557,118.209407487227,57.0337533915306,26.5968425897699,24.9132381974955
120,150.058965870437,144.946192133521,117.560275261162,57.1661827765248,26.5816348968894,25.0085402061609
121,150.402086850407,144.978753385845,118.486885788828,57.3612357987884,26.610013933175,25.0026584012841
122,149.599635408298,145.135880098969,118.166862206054,57.3828770095449,26.6426586410004,24.9713039699699
123,150.13104261373,144.682954441006,117.53904332018,56.9805918987026,26.718523297386,24.9526491134291
124,149.938460800234,145.345535424842,118.346292927226,57.2521436466562,26.6580039935249,24.8758888618633
125,150.541472282706,145.435506070732,118.408465681865,57.4143126105091,26.6241668510924,25.0788106113284
126,150.241254141672,145.190263502242,118.471876466493,57.4357462880068,26.7636751404116,25.0346046145416
127,149.780818749163,144.516883361796,118.012392042939,56.9413106707398,26.7797107660609,24.9870848451755
128,149.770779446841,145.257678034681,118.004880232581,56.9834042960966,26.6899799658672,24.9360214425655
129,149.630577153472,144.310809329872,117.550909130975,57.3093636060834,26.5577947884887,25.0758462714992
130,150.67879221806,144.835133062325,117.94978198036,56.912211715325,26.6875003561415,25.080992721807
131,149.697301484736,144.989189472594,117.992156224227,56.9259678839527,26.6248646269716,25.0880476623497
132,149.487609116667,145.124358139745,117.541498223979,57.1660691358852,26.7870565032426,24.9918129388584
133,149.791945585091,144.660544722751,117.930251319901,57.3734821878152,26.5993717405073,25.117674743294
134,150.362443639324,145.160989943312,117.980000285685,57.4587023927431,26.7112265645559,25.0853110037556
135,150.308850015044,145.390962350597,117.584424674476,56.8921800509924,26.6657125891858,24.8946370515886
136,150.301338259307,144.187387075107,120.538084770633,56.2668859591867,26.573499646314,24.934399721918
137,149.259338681117,144.337707262592,121.305492196775,55.8693469767979,26.6954265635545,25.0793927203172
138,149.811518401914,145.459451180957,122.696888449448,55.4208034050016,26.5038950644292,24.9764571787016
139,150.602243428939,144.912906858656,123.744699031697,54.9487962534272,26.5145178548864,24.9915780551594
140,149.727517242116,144.9994194541,124.098556376064,54.5632817611902,26.452544583873,25.1128840545204
141,150.145624384822,145.897977735396,124.9208367174,54.1207045869809,26.65147725923,25.1162513264609
142,149.696692773708,145.695053932547,124.998907528782,53.4447783770618,26.6168825752209,25.066321216694
143,149.437521571929,146.125855975816,125.012928960029,53.3468393821391,26.4046663078813,25.0186333975435
144,149.832533502986,145.127016283153,126.227938269521,52.8858693820041,26.4629285306397,25.1039812563626
145,150.476531615961,145.008119796264,126.071759155929,52.9811364464086,26.3685132208794,24.9988581021976
146,150.721763556365,145.501640047544,126.242299468452,52.7987827257843,26.4719992394575,24.9165030942701
147,150.542984752931,145.736589705297,126.378895154907,52.1887234595748,26.5570439619862,24.9564994174929
148,149.375731323144,145.897981191066,126.556306374185,52.3685032301933,26.36046059735,24.9491090265024
149,149.756567985506,146.543407415296,126.748871976307,51.9331709918078,26.5420075540912,25.0145746228827
150,149.604193749558,145.884331822023,126.389919880916,51.7687156701686,26.3618273448405,24.8918692007628
151,149.726708081898,145.79092796787,125.967306816838,51.5630099742347,26.3143838738083,24.8922444615527
152,150.726672608212,146.693758266778,126.283792333336,51.7343908471132,26.4257592760046,24.9166961455783
153,150.072376336885,145.653224265163,126.858771033297,51.5434838390182,26.4983370363663,25.1118595656572
154,150.373876889032,146.270344259263,126.047915730574,51.2769355235521,26.398046957235,25.0777721044053
155,150.512777602086,146.729966986702,126.253079001651,51.3042727140066,26.2434857892266,25.0526139232451
156,149.500334560481,146.321556302259,127.057656490473,51.3253082973067,26.3186073861646,25.1175613904194
157,150.604646413934,145.79484682557,126.85064257748,50.8406675148004,26.2579392303859,25.1246066973355
158,149.407686191733,146.147760719272,126.104295922412,50.7921052408516,26.269483147248,25.1218637016873
159,150.367639644661,145.385601261753,127.077234003157,50.9151424288549,26.217160685409,24.9125216445047
160,150.344057906757,146.684566243138,125.881323503817,50.9270261340709,26.436077514837,25.1146197011133
161,150.326204403165,145.991990482143,126.324671924925,50.8814172854956,26.403062549868,25.0076147623086
162,149.450147651598,145.847614828323,126.282672976262,50.5871970354139,26.2883021759828,24.8935216293475
163,149.918683499274,146.801695570329,126.261352660624,50.3850970029829,26.405283720942,24.9529552259789
164,150.013180846822,146.08959947736,125.880055201929,50.3122166668354,26.3811216345884,25.0987926949989
165,150.045735436228,145.839664164454,126.25748029076,50.4021488331323,26.3430666043398,25.0836920778957
166,150.539575565378,145.544983793949,126.478940580196,50.5900406471967,26.2800412115947,24.8755871889199
167,150.26658736608,146.273474911329,126.934260403492,50.2351021846484,26.2679913697306,25.0350524615412
168,150.458757388192,145.646982871461,125.946260566198,50.4829019657739,26.1941613391622,25.0757956437719
169,150.046864304188,145.530234116837,126.098148920215,50.3743592551265,26.2581326419653,24.936282688796
170,150.68384375792,146.27160929053,125.96986373328,50.0209945960744,26.3101999334623,24.8910305579415
171,149.350015416899,145.841883971445,125.98466673025,50.3675365112961,26.2848052082717,24.9407870798384
172,150.062277041175,145.950355461429,125.837759956832,50.4030627403422,26.3313396397114,24.9006800903157
173,149.672490515242,146.479480509652,125.612482732086,50.1560463903322,26.2946947548649,24.9959297562085
174,149.971350504548,146.673092389756,126.134865011063,50.298100788507,26.3719635083061,24.9797211156628
175,150.277295672023,145.925510599054,125.859690539139,49.9184177151871,26.1816856177964,24.9703222520068
176,149.562387583195,146.82082576206,126.633311141744,50.2072690514427,26.2764143206821,25.0966912787531
177,150.162241482891,146.806991509862,126.189591098608,50.2658145989742,26.3080324845806,24.9801393787093
178,149.739264258565,145.712573892292,126.661775178141,50.196113298137,26.2007651869123,24.9459619672543
179,150.571270803543,146.532190485036,126.723518517421,49.8875860980473,26.3108897120264,24.8870452860027
180,149.450091920041,146.306981943556,126.220379875842,49.8439183007346,26.1626016744899,24.9297914956386
