time,T_Cu1,T_Cu2,T_Inco1,T_Inco2,T_Cu3,T_Cu4
1,149.867390270111,145.941284373696,125.42674096521,49.036527842529,26.1359700556509,25.0621272393483
2,150.153957327055,146.156949397507,125.163345629654,48.9166838233435,26.137360535213,25.0108248582713
3,150.375780083886,145.667443834741,124.727194648273,49.0783156089989,26.1742431786978,24.959533079131
4,150.125299761393,145.423619720526,125.064583233501,48.91675437315,26.3219618877262,25.0830834154051
5,150.077688772404,145.915350094819,124.382852992997,48.9618456714608,26.2175390944801,25.0131430445065
6,150.125355928137,145.747555014936,124.936249886199,49.4967636957627,26.2031578383273,25.1143857792405
7,150.017729879938,146.363370667436,124.707085265688,49.2417323433991,26.1477826266,25.0982083298295
8,149.373889090498,146.344029489237,123.885373729489,49.4882412761364,26.3588884598842,24.9641259042818
9,150.329355202289,146.1706966313,123.738027516722,49.7688750920469,26.2158564213621,25.011600473248
10,150.744234166945,145.377822939493,123.707820576016,49.4872190774859,26.3351507370704,24.9616704378137
11,149.781801457435,145.200564705208,123.392787861796,49.597833254989,26.2799110288591,25.0307006976648
12,150.706888222775,145.970403903434,123.757715073657,49.7824070374458,26.2224092020297,25.0741561713271
13,149.769673141951,145.575779380125,124.099630707103,50.1914683577449,26.3592583282482,25.0614687253852
14,150.57981579264,146.489331895273,123.686146212585,50.0365714856068,26.3406426142909,24.9063840578387
15,149.932042297488,146.531034167529,123.420493771149,50.0956765048036,26.2624116472544,25.0805985016898
16,149.870140933531,145.49919147206,123.701111166001,50.1541590128097,26.3600729614861,24.8812876253571
17,149.576598102536,146.228950873272,122.617010754933,50.3984203538664,26.3883704552918,24.978607220231
18,149.438481881044,146.347477966787,123.476603311689,50.5088442244114,26.2712244782781,25.0578518669932
19,149.71337189035,145.891639095595,122.358755512845,50.5076367639971,26.2525295047838,25.070343500069
20,150.339156647497,146.288402300519,122.729618295374,50.7843752657929,26.3278465940744,24.9668214787828
21,150.424308109469,146.354568431631,122.142891551903,50.7321079552126,26.4145640599566,25.0612169640604
22,150.29068142248,145.758903380014,122.527624633007,51.1213787067161,26.3683899820971,25.0980667970578
23,149.264703378395,145.999343361512,121.726512875291,50.9348560679789,26.2893881989217,24.9356508465699
24,150.514820007016,145.757991036101,122.539147900667,51.3445590693521,26.3899367158765,24.9073992439594
25,150.633497996694,144.935467462847,122.522595379674,51.5771307268632,26.4540902299731,24.931266970532
26,150.406431331011,145.528085577636,122.491779189726,51.4120896142094,26.3521930093782,24.9625034797502
27,149.313989783903,145.799216639698,122.466120627395,51.6411303297945,26.3578687828401,24.9467711532865
28,149.817279205575,145.597676951115,121.770944613269,51.8223993097253,26.3038762860287,25.1068720017949
29,150.306509436725,145.361887837139,121.3813231328,51.676251316363,26.2469479032398,24.8878284392042
30,150.344269568257,146.165158149162,121.071389185211,52.0182446843321,26.2823898913346,25.0231666888016
31,149.586415605997,145.990128286091,121.466022380188,52.2094385231922,26.2651198452894,24.9157247250544
32,149.65358209766,146.000502264143,121.462575747682,52.1034139587634,26.3689918155137,25.0846014424183
33,150.259546747506,145.289530591903,121.581979780445,52.538043405922,26.2552670915543,24.9168902325528
34,149.96623829659,145.59322633885,120.664619137296,52.7199088004603,26.5003005130251,25.0005501538524
35,150.185574619001,145.982613519131,121.274502490186,52.7646549318769,26.4344300376431,25.1248323697564
36,149.604667398961,146.054638689058,121.010357304779,52.6940954541849,26.2710240568129,24.963851787817
37,149.515685631747,145.652994713879,120.505063259967,52.6811892957055,26.2844873455971,24.8867694273872
38,150.494465078546,144.965875566726,121.347504040525,53.0339925092233,26.337272430296,24.9284151462802
39,150.400382501903,145.600375239249,120.843603682733,52.8682337774465,26.4080805352876,24.9744597810257
40,150.651717409677,144.739491656529,120.581208691935,53.3533048049446,26.3271090697773,24.9584170450951
41,149.411833357627,145.211177774534,121.105839340454,53.2756928119187,26.3012905233937,24.932400632992
42,149.523341258402,145.574857775118,120.682669434105,53.3650149484261,26.4966732992078,25.1090300443755
43,149.398642923634,145.948352642263,120.360294833969,53.2351394048545,26.4034727269065,25.045797196175
44,149.984645702885,145.756016700392,120.751823233078,53.2878274152236,26.5215498712474,25.1155284489307
45,149.539867995703,145.268160250413,120.308558685126,53.4714448863585,26.4358810016893,24.9844932944082
46,150.593837360689,145.650310480131,120.261779501308,53.8893837079773,26.4410344706026,25.1100841636052
47,149.398634474523,145.143789340427,120.342331305784,54.0107804169211,26.34363930148,24.8764585811431
48,149.316248357644,145.936810161468,119.896874773487,53.9886880542619,26.3487641861077,25.0275767575175
49,150.085942733707,145.947764721147,119.675027964179,54.0927543576673,26.3646837453584,25.0752689392415
50,150.408742600781,145.755624142772,120.01520202899,53.9139540015072,26.5027224271532,24.9332453833534
51,149.717910086244,145.053416091671,120.294134391095,54.1885915271133,26.4140762276618,25.1081171689802
52,149.518473718972,145.13727682362,119.677676358762,54.4020019963078,26.5778136919626,25.0658156938334
53,149.758433517372,144.823646956914,119.261549704644,54.2661455387162,26.5867070388858,25.0816123849257
54,149.565218455565,145.593018177737,119.595169527592,54.6676663457661,26.6195269028459,25.0183658971512
55,150.015228779648,145.724717710662,119.361383376076,54.2608792186438,26.4982863208506,25.0731454160301
56,150.609546484898,145.758555330127,119.421427442984,54.4676499281271,26.4315700462727,24.9572602989598
57,150.193385907978,145.231874144884,119.877468198203,54.6514661683018,26.4375310182056,24.9308654940315
58,149.402300833218,145.280209934818,119.304823638472,54.4834646608587,26.5242118623371,24.9530965855048
59,149.83628212909,144.616763233979,119.230417721846,54.9251132424785,26.5882460743236,25.0211308696321
60,149.331924922835,145.696176254399,119.137435652753,54.9088330831397,26.4825250646727,25.0824785352554
61,150.001924369805,145.034103839764,118.818158982467,54.9691626975552,26.5168253159744,24.9476156228868
62,149.897581757826,144.669146261982,118.90523225802,55.2087288713571,26.568167127047,24.9756385980158
63,150.746340524268,145.666317786054,118.643624907708,55.2978544291272,26.6459772322077,25.0905143246083
64,150.467403871493,145.457852579869,118.997268381989,55.3315975167855,26.4493942834726,25.0286848875541
65,149.978477504847,145.622332810401,118.738613668659,55.1424035246255,26.6003626234818,25.1227969470824
66,150.591671633351,144.746230086469,118.733511357272,55.2864734610819,26.5676224665705,24.9259247187964
67,149.456319892151,145.300282949468,118.832527415362,55.5214540649091,26.5330782969614,25.0818022712367
68,149.835007371668,145.278265702914,118.417402673525,55.2332973767329,26.6565695583768,25.0439654047382
69,150.641034337497,144.48405902125,118.81298132474,55.2998557579311,26.529825762367,24.93723736751
70,150.626240748624,144.887908679615,119.013391177598,55.45453671523,26.4765996861011,24.9939464066424
71,150.320361017391,144.687794993793,118.413816462651,55.661139306359,26.6008790274702,24.9747688066817
72,150.177506075433,145.31929904162,119.007106820127,55.9748169340284,26.6019413813105,25.0248595622729
73,149.764931835362,144.682600409868,118.114743174372,55.8920134816003,26.526762642478,25.075130691451
74,150.654040990035,145.562805712248,118.445824762575,55.7318834423907,26.6564365758985,24.9012671928228
75,149.437161060991,145.453621055165,117.935280650257,55.7817700369676,26.7120681456686,25.0803605485316
76,150.345878042259,144.812601180456,118.145697392174,56.1549525625447,26.7105093684242,25.0852715825114
77,150.219716148639,144.960977104273,117.839285997003,56.2492140437195,26.4867926088523,24.9636265611001
78,150.499727978504,145.238481114393,118.015700737591,56.155616055287,26.5180033448894,24.982517365654
79,149.847423342328,145.432937576192,117.914840009379,55.9982838020882,26.4657264169963,25.0180598046032
80,150.374733314041,145.099441601428,118.018302661779,55.9617739786173,26.6241378991837,25.0502061826928
81,150.502830765717,145.041220271192,117.863422230072,56.4397150503017,26.4951645663164,25.0606174392468
82,149.733690596043,144.673237658106,117.7763885871,56.3529247485092,26.5771431543524,25.0644710376552
83,150.078392425288,144.854728381701,118.276473710506,56.6128113537938,26.7069784165631,24.9722821908923
84,150.718693698651,145.220302562593,118.589898581115,56.166916118256,26.6205970695234,24.98232562125
85,150.073962799527,145.460200076468,118.591959561343,56.5159440177264,26.5758853807424,25.1140861643752
86,149.74563541441,145.215969766022,117.701491929454,56.3995775925092,26.5360404331649,25.0182428418176
87,150.179207332767,144.191334030231,117.967959321868,56.7586462259595,26.6008187117308,25.0874305135547
88,149.790954856503,145.134956684882,117.800398234187,56.4497860800657,26.740813921362,24.9440863290746
89,150.384764315253,144.785653753905,117.933311669749,56.643058460352,26.5220878030302,25.0305809037881
90,149.870851123035,144.77773443358,117.587171091722,56.665384052506,26.6171628677638,25.0220904211534
91,149.988517656577,144.30618876346,117.336490616786,56.9524751292308,26.7227062026174,25.1158671164517
92,150.292114849699,145.310202259357,117.778691997217,56.8959481878778,26.5086833207091,24.8964756737418
93,150.70910082762,144.594977986818,117.491936889451,56.6493484814101,26.6836093153875,25.000124722901
94,149.74163244074,144.476649212241,117.349627394402,56.724759130558,26.7620255363651,25.0053974191245
95,150.506704774618,144.613317927176,118.48335828167,56.6261734557529,26.5781652545372,24.8975415005422
96,150.35860834091,144.659343535281,117.908805674163,56.9322247105232,26.5393784500111,25.1011666199225
97,150.681261684569,144.906349227184,118.582808569247,56.870628216116,26.6869426922506,25.0960972346275
98,149.297883944256,144.929315021237,118.397961914909,56.6338061830643,26.7469842751572,24.9847474167014
99,149.785303479274,144.690517995534,117.558289725732,56.6086448635182,26.6674755395409,25.0704306532293
100,150.243980751431,144.696603573471,118.406998797899,56.7792287939221,26.744254599588,24.9121162557359
101,149.672252338723,144.870018940775,118.492951263761,57.0055490846013,26.5555828483068,25.0299539818152
102,149.595574600976,145.080314279545,118.477385547353,56.7818621873428,26.7043457794265,24.9401559198486
103,150.31669282677,145.510353184705,118.424753428329,56.463326638611,26.5947789895746,24.9864140528599
104,150.18685937549,145.184906456124,118.086904343645,56.4492055811587,26.6130484810798,25.0859998778687
105,150.135912979379,144.724210555775,118.801939179454,56.8470183891833,26.5418804279376,24.9240512296828
106,150.240656949469,145.356380652375,118.215934784705,56.616758132485,26.7172569661731,24.9509629056944
107,149.321332009671,144.352818638743,118.44477123391,56.5464031309513,26.6641787978297,24.9958236419336
108,149.773177212765,144.253131660742,119.121869123635,56.7437426684531,26.6929445984215,24.9594530109678
109,149.927010870534,144.295239126708,119.141623507558,56.4687304184496,26.7090740075373,25.0746214573804
110,149.61135749568,144.418584742326,118.663634857505,56.5280305616089,26.5109217015313,25.1218718937973
111,150.322567519944,144.659089144454,118.624687067944,56.5923046436616,26.7444174267834,24.9147618886806
112,150.534273438009,144.634898365094,119.032004669237,56.6442550132856,26.6219203296037,24.9342199458065
113,149.672261542678,144.223132367965,119.453158376215,56.2987060177031,26.6885844143473,25.050559158167
114,150.346576244586,144.997489011603,119.51491211027,56.4395325574595,26.6832187966709,24.9688679156744
115,149.456644338779,144.362103231961,119.200335059665,56.5809009460557,26.7047970401626,25.1184262256687
116,150.505084172625,144.445302809609,118.955535949413,56.0324555392394,26.5231483077306,25.1180763889221
117,149.457902573614,145.157057169221,119.640253876438,56.276569759956,26.6010574767468,25.0359245123554
118,150.132314078084,145.497242775925,119.215458835234,56.1348813569738,26.6416397822111,25.0900247192135
119,149.799235200682,145.673356587214,119.832159335199,56.0308033579472,26.7229488768385,24.975470849502
120,150.460139316992,145.098120767995,118.858081437946,55.9592522112629,26.6947948694615,25.0329826994944
121,150.005671178664,145.725584924201,119.520861077782,56.1896169977608,26.7084762756444,25.1213091598537
122,149.984391508085,145.092598112331,119.808146541621,56.2738790045799,26.6228200108234,25.0148693514968
123,150.565573085078,145.047309707562,119.233577043811,55.7723234524058,26.6204189648228,25.1083979789606
124,149.779712719408,144.789364431639,119.490081044762,56.055068122502,26.690298020114,25.0550858015002
125,149.924165334858,144.943556192483,119.380993958619,55.677395419933,26.4696531640454,24.9960096292031
126,150.695295430265,145.043457810676,119.61157412521,56.0705098531321,26.6932333114347,25.0347577731703
127,149.313446696872,144.443431952522,119.780412587538,55.9119381442022,26.5635679170996,25.0969092164724
128,150.709437501211,145.638704285828,120.025467420484,55.6480452901824,26.4621534865938,24.9246841875247
129,149.533810264684,144.4551170502,119.497843944428,55.7635144644546,26.648103181094,24.9738415684888
130,150.25068045006,145.004885729702,120.176047036857,55.580349488795,26.4881413668379,25.1230438256238
131,150.129659422018,145.582267038631,119.916104396247,55.6970527598027,26.4824206057071,24.975587904234
132,150.262668624608,144.966190896155,119.950817209827,55.3892459019436,26.6023436570012,25.0397141202682
133,149.791533073792,145.294991931824,120.028466608921,55.1748508731615,26.506029662304,25.1003370307586
134,150.180417640607,145.603976237917,119.997942889175,55.4032954041922,26.5215838472434,25.1238454441295
135,150.46672632765,145.713448471928,121.042143779698,55.5204592292691,26.5392037966762,25.0382908202737
136,149.278886216121,145.790092717353,121.096310839461,55.0643376757716,26.5373683165416,24.9021091069639
137,149.375810262424,144.726959894406,121.035443357396,55.1350955340564,26.528909110709,24.8840285076988
138,150.712202500777,144.837092818678,121.007460814648,55.2477396644069,26.5851462225559,25.0295228097617
139,150.227024298623,145.77718234632,120.422291167952,54.7938534182559,26.4643419312184,25.0167860904745
140,149.596856724247,145.347088458692,120.728377011197,55.2290867312597,26.4667385798071,25.1154911644513
141,149.855236714687,145.229281296317,120.605089647036,55.0637001479069,26.4386468274095,25.0615263673547
142,149.433030777378,145.399893216358,120.463341525658,54.8854108999303,26.4959865501599,25.0406290246088
143,149.652658232096,145.712522642403,120.931696121368,54.6132122305156,26.6110790120237,25.005828329603
144,149.636769255169,145.30757233045,121.484307522461,54.717588286572,26.4655358963806,24.9399735703711
145,149.747497858114,144.841300300158,121.483766713435,54.659744446636,26.5963765666917,25.115498441729
146,149.478351019294,145.220159747095,121.474952688461,54.8500090427333,26.5802137365455,25.0100510093784
147,149.772011489574,145.195625107529,121.44086768019,54.7028951365748,26.611431459826,24.8825675408549
148,149.432487681462,145.991025046274,121.350170052172,54.6893471728559,26.6088082673539,25.0490786158528
149,150.576229586624,145.501871205497,121.705918067798,54.461985490386,26.4633283395995,25.0049290394802
150,149.391417585096,145.625195276747,122.119221014266,54.2382951534802,26.4638246578766,24.8897576389161
151,150.645060939161,145.675257440405,122.218866257352,54.4513710076657,26.5166647505056,25.0975090583071
152,149.848529953552,145.146907329364,122.091745069299,54.1281551209061,26.4603854780273,24.9575505606285
153,149.321102193044,145.408635870492,122.40299435411,53.9168154326327,26.5907161424156,24.9324252994678
154,149.763560254741,145.481055035037,122.381808669504,53.9271900082625,26.5810099241369,24.9034871604988
155,150.35394923832,144.914041142711,121.848261691719,54.0138668001759,26.5098439782788,24.9527306783634
156,150.442023236001,145.518954182868,122.421449581558,53.8537476868306,26.4278457372513,24.9321080805339
157,150.067358847367,145.727448717384,122.337773903604,53.8777817901726,26.5342968617867,25.0379992918043
158,150.279335194476,145.352809151296,122.135535721876,53.9220680706381,26.4117060271161,24.8915400311496
159,150.5904490439,145.96491030118,122.316239741678,53.8189595779891,26.4664072417208,24.9438578449652
160,149.33218768488,145.828571360928,122.492512056436,53.5036470297561,26.4430233625821,24.9454550593902
161,149.705492069576,145.304738516154,123.192185254242,53.6448597175004,26.4793698463949,25.0950165649315
162,149.319287334497,145.458544181558,123.01518346302,53.1031186798253,26.5947802648135,24.9860825896748
163,149.543215145451,145.376894753045,123.460464010061,52.9787137754665,26.5276132190993,25.063978530227
164,150.330248703775,145.960716731303,123.044679393415,53.0213920389117,26.5825444929729,25.0258240939538
165,150.332629910249,145.918356719037,122.865526784988,53.0742438622617,26.3805680735226,25.070816484351
166,150.566698606727,145.493815162022,123.639374166944,52.9529280240435,26.4534783863037,24.9034826596696
167,150.123649446731,145.895809533387,123.457715068648,53.0517492094791,26.3224482750904,25.11964097129
168,149.35602650308,146.280752468975,124.417243729471,52.7627082906236,26.5040088314377,25.0871491688699
169,150.634116855284,146.06542181723,124.505097932961,52.6053962054563,26.4580210218951,24.8876616244176
170,150.450558138527,145.97031545723,124.007286819574,52.561767098483,26.5203335919831,24.9915504584477
171,149.678920284631,145.121498471034,123.692309396996,52.5470994338876,26.549750357212,24.956413318737
172,150.065494849262,145.550476882052,124.641490882966,52.0773330105349,26.5289013108156,25.0325512812499
173,150.727164355456,145.863940476651,124.996675622435,52.380070165522,26.3861703295881,24.9325747909444
174,150.32351710069,145.69328232686,125.316428578477,51.9273508788658,26.2726580473704,25.0199712433203
175,150.508454395995,145.118456488538,124.330056945071,51.9912057554288,26.4098100559474,25.02578908011
176,149.899890841512,145.400286225563,124.979759980754,51.7629296230296,26.316208443137,25.0249697739582
177,149.95593707341,146.305525286353,125.307221051186,51.705935435495,26.3135024902454,24.987106970096
178,150.091070116567,145.134675566418,125.603758576778,51.7397175459176,26.3357463887893,24.8838558651707
179,149.653637315296,146.394933133241,125.81490579849,51.3661034393872,26.269148675612,25.0034537087596
180,150.373527701463,145.272718302432,125.901708989746,51.3005654195402,26.4349022029275,24.9769325404432
