pos,load,Var3,time,Var5,Var6,T_oven,T_Cu1,T_Cu2,T_Inco1,T_Inco2,T_Cu3,T_Cu4,Var14,Var15,Var16
-5.982,-0.014,-0,55646.351,0,271,163.047,68.312,65.877,60.804,47.114,44.028,43.787,2298.695,2298.695,2298.695
-5.981,-0.014,-0,55647.012,0,271,163.032,68.388,65.944,60.87,47.156,44.053,43.815,2298.684,2298.684,2298.684
-5.985,-0.014,-0,55647.71,0,271,163.019,68.47,66.029,60.935,47.19,44.086,43.845,2298.678,2298.678,2298.678
-5.988,-0.014,-0,55648.409,0,271,163.011,68.541,66.111,61.016,47.238,44.12,43.866,2298.681,2298.681,2298.681
-5.99,-0.014,-0,55649.108,0,271,162.994,68.626,66.184,61.082,47.267,44.148,43.9,2298.669,2298.669,2298.669
-5.991,-0.014,-0,55649.808,0,271,162.998,68.721,66.271,61.161,47.318,44.185,43.942,2298.686,2298.686,2298.686
-5.991,-0.014,-0,55650.512,0,271,162.967,68.784,66.347,61.228,47.347,44.216,43.96,2298.673,2298.673,2298.673
-5.99,-0.014,-0,55651.215,0,271,162.977,68.872,66.429,61.31,47.395,44.25,44.007,2298.674,2298.674,2298.674
-6.009,-0.014,-0,55651.91,0,271,162.946,68.951,66.512,61.381,47.435,44.287,44.043,2298.678,2298.678,2298.678
-6.017,-0.013,-0,55652.608,0,271,162.956,69.042,66.586,61.455,47.491,44.319,44.074,2298.688,2298.688,2298.688
-6.034,-0.014,-0,55653.313,0,271,162.937,69.115,66.662,61.521,47.529,44.348,44.107,2298.678,2298.678,2298.678
-6.055,-0.014,-0,55654.011,0,271,162.915,69.197,66.753,61.599,47.572,44.391,44.147,2298.686,2298.686,2298.686
-6.069,-0.015,-0,55654.708,0,271,162.9,69.264,66.821,61.66,47.614,44.406,44.168,2298.665,2298.665,2298.665
-6.076,-0.014,-0,55655.419,0,271,162.903,69.343,66.898,61.745,47.653,44.448,44.2,2298.672,2298.672,2298.672
-6.075,-0.014,-0,55656.106,0,271,162.894,69.436,66.986,61.824,47.702,44.493,44.24,2298.688,2298.688,2298.688
-6.102,-0.014,-0,55656.807,0,271,162.884,69.511,67.067,61.899,47.742,44.517,44.268,2298.689,2298.689,2298.689
-6.125,-0.014,-0,55657.51,0,271,162.879,69.583,67.133,61.967,47.771,44.556,44.299,2298.684,2298.684,2298.684
-6.131,-0.014,-0,55658.22,0,271,162.875,69.658,67.223,62.038,47.832,44.588,44.332,2298.692,2298.692,2298.692
-6.129,-0.014,-0,55658.907,0,271,162.868,69.739,67.301,62.106,47.87,44.612,44.357,2298.684,2298.684,2298.684
-6.164,-0.014,-0,55659.617,0,271,162.852,69.811,67.362,62.173,47.909,44.638,44.379,2298.678,2298.678,2298.678
-6.181,-0.014,-0,55660.313,0,271,162.859,69.897,67.452,62.254,47.948,44.667,44.404,2298.685,2298.685,2298.685
-6.188,-0.014,-0,55661.008,0,271,162.848,69.98,67.531,62.331,47.992,44.702,44.435,2298.69,2298.69,2298.69
-6.196,-0.013,-0,55661.705,0,271,162.829,70.054,67.614,62.396,48.036,44.726,44.451,2298.694,2298.694,2298.694
-6.222,-0.014,-0,55662.408,0,271,162.816,70.132,67.688,62.469,48.078,44.735,44.47,2298.691,2298.691,2298.691
-6.234,-0.015,-0,55663.114,0,271,162.821,70.213,67.761,62.537,48.105,44.766,44.484,2298.688,2298.688,2298.688
-6.227,-0.019,-0,55663.807,0,271,162.8,70.284,67.834,62.613,48.146,44.781,44.5,2298.678,2298.678,2298.678
-6.246,-0.028,-0,55664.512,0,271,162.806,70.365,67.92,62.685,48.2,44.799,44.503,2298.692,2298.692,2298.692
-6.252,-0.034,-0,55665.206,0,271,162.783,70.461,67.996,62.754,48.231,44.801,44.504,2298.686,2298.686,2298.686
-6.242,-0.047,-0,55665.922,0,271,162.767,70.555,68.069,62.82,48.273,44.808,44.513,2298.693,2298.693,2298.693
-6.258,-0.059,-0,55666.623,0,271,162.733,70.649,68.131,62.888,48.305,44.812,44.51,2298.679,2298.679,2298.679
-6.27,-0.072,-0,55667.308,0,271,162.696,70.774,68.23,62.964,48.342,44.821,44.516,2298.685,2298.685,2298.685
-6.268,-0.089,-0,55668.015,0,271,162.659,70.915,68.311,63.044,48.375,44.825,44.533,2298.689,2298.689,2298.689
-6.265,-0.094,-0,55668.714,0,271,162.618,71.068,68.389,63.107,48.402,44.838,44.517,2298.682,2298.682,2298.682
-6.278,-0.098,-0,55669.408,0,271,162.578,71.224,68.485,63.184,48.451,44.834,44.542,2298.694,2298.694,2298.694
-6.275,-0.102,-0,55670.115,0,271,162.528,71.363,68.57,63.236,48.472,44.85,44.534,2298.68,2298.68,2298.68
-6.261,-0.101,-0,55670.807,0,271,162.502,71.525,68.672,63.314,48.516,44.852,44.549,2298.699,2298.699,2298.699
-6.279,-0.105,-0,55671.511,0,271,162.462,71.656,68.771,63.378,48.544,44.86,44.553,2298.694,2298.694,2298.694
-6.281,-0.105,-0,55672.207,0,271,162.434,71.784,68.878,63.447,48.572,44.867,44.559,2298.693,2298.693,2298.693
-6.264,-0.109,-0,55672.91,0,271,162.406,71.916,68.979,63.522,48.59,44.87,44.566,2298.687,2298.687,2298.687
-6.279,-0.112,-0,55673.608,0,271,162.375,72.054,69.102,63.599,48.629,44.887,44.582,2298.697,2298.697,2298.697
-6.283,-0.116,-0,55674.308,0,271,162.349,72.181,69.203,63.662,48.662,44.898,44.59,2298.703,2298.703,2298.703
-6.267,-0.119,-0,55675.01,0,271,162.302,72.3,69.322,63.747,48.673,44.908,44.588,2298.688,2298.688,2298.688
-6.286,-0.128,-0,55675.713,0,271,162.283,72.423,69.428,63.822,48.706,44.918,44.61,2298.687,2298.687,2298.687
-6.293,-0.135,-0,55676.411,0,271,162.262,72.547,69.55,63.888,48.73,44.931,44.616,2298.69,2298.69,2298.69
-6.279,-0.144,-0,55677.117,0,271,162.232,72.672,69.659,63.973,48.762,44.935,44.631,2298.694,2298.694,2298.694
-6.299,-0.154,-0,55677.807,0,271,162.196,72.799,69.771,64.049,48.786,44.944,44.637,2298.688,2298.688,2298.688
-6.31,-0.188,-0,55678.512,0,271,162.18,72.921,69.888,64.137,48.817,44.967,44.652,2298.698,2298.698,2298.698
-6.3,-0.228,-0,55679.22,0,271,162.144,73.041,70.002,64.225,48.842,44.972,44.657,2298.696,2298.696,2298.696
-6.324,-0.266,-0,55679.909,0,271,162.108,73.167,70.117,64.285,48.869,44.97,44.665,2298.685,2298.685,2298.685
-6.337,-0.309,-0,55680.611,0,271,162.086,73.309,70.23,64.375,48.897,44.993,44.672,2298.692,2298.692,2298.692
-6.329,-0.357,-0,55681.315,0,271,162.06,73.449,70.357,64.457,48.93,45.004,44.684,2298.708,2298.708,2298.708
-6.344,-0.405,-0,55682.011,0,271,162.03,73.579,70.474,64.54,48.954,45.009,44.69,2298.704,2298.704,2298.704
-6.362,-0.457,-0,55682.72,0,271,162,73.728,70.593,64.612,48.977,45.013,44.699,2298.702,2298.702,2298.702
-6.368,-0.506,-0,55683.408,0,271,161.962,73.847,70.691,64.683,48.999,45.01,44.691,2298.684,2298.684,2298.684
-6.362,-0.554,-0,55684.12,0,271,161.918,73.995,70.813,64.759,49.01,45.015,44.702,2298.68,2298.68,2298.68
-6.381,-0.604,-0,55684.81,0,271,161.888,74.152,70.939,64.849,49.057,45.038,44.714,2298.689,2298.689,2298.689
-6.399,-0.654,-0,55685.513,0,271,161.856,74.31,71.08,64.93,49.083,45.048,44.726,2298.705,2298.705,2298.705
-6.408,-0.706,-0,55686.21,0,271,161.821,74.456,71.178,65.002,49.104,45.049,44.729,2298.698,2298.698,2298.698
-6.409,-0.756,-0,55686.91,0,271,161.773,74.616,71.311,65.075,49.14,45.059,44.739,2298.699,2298.699,2298.699
-6.406,-0.809,-0,55687.616,0,271,161.726,74.77,71.422,65.158,49.158,45.056,44.729,2298.69,2298.69,2298.69
-6.426,-0.862,-0,55688.307,0,271,161.678,74.955,71.557,65.237,49.19,45.072,44.744,2298.699,2298.699,2298.699
-6.441,-0.915,-0,55689.008,0,271,161.646,75.122,71.7,65.326,49.221,45.082,44.751,2298.707,2298.707,2298.707
-6.451,-0.968,-0,55689.71,0,271,161.591,75.303,71.819,65.397,49.242,45.084,44.746,2298.698,2298.698,2298.698
-6.458,-1.019,-0,55690.413,0,271,161.538,75.493,71.955,65.493,49.274,45.099,44.756,2298.705,2298.705,2298.705
-6.461,-1.072,-0,55691.109,0,271,161.488,75.662,72.087,65.558,49.292,45.09,44.749,2298.684,2298.684,2298.684
-6.457,-1.129,-0,55691.815,0,271,161.437,75.848,72.23,65.654,49.321,45.097,44.76,2298.684,2298.684,2298.684
-6.473,-1.187,-0,55692.52,0,271,161.398,76.046,72.384,65.746,49.365,45.111,44.763,2298.706,2298.706,2298.706
-6.489,-1.25,-0,55693.215,0,271,161.356,76.232,72.52,65.831,49.387,45.104,44.761,2298.691,2298.691,2298.691
-6.501,-1.326,-0,55693.923,0,271,161.285,76.417,72.667,65.916,49.415,45.112,44.768,2298.689,2298.689,2298.689
-6.509,-1.405,-0,55694.622,0,271,161.258,76.623,72.822,66.011,49.445,45.116,44.772,2298.698,2298.698,2298.698
-6.514,-1.476,-0,55695.31,0,271,161.21,76.809,72.987,66.116,49.486,45.124,44.787,2298.711,2298.711,2298.711
-6.517,-1.548,-0,55696.009,0,271,161.144,76.978,73.11,66.196,49.499,45.121,44.776,2298.682,2298.682,2298.682
-6.513,-1.624,-0,55696.712,0,271,161.108,77.172,73.295,66.294,49.531,45.135,44.795,2298.7,2298.7,2298.7
-6.521,-1.711,-0,55697.431,0,271,161.049,77.342,73.447,66.405,49.564,45.135,44.786,2298.689,2298.689,2298.689
-6.537,-1.805,-0,55698.111,0,271,161.021,77.533,73.611,66.518,49.599,45.147,44.794,2298.705,2298.705,2298.705
-6.553,-1.906,-0,55698.816,0,271,160.955,77.697,73.769,66.604,49.619,45.143,44.793,2298.691,2298.691,2298.691
-6.563,-1.97,-0,55699.515,0,271,160.924,77.887,73.933,66.739,49.66,45.153,44.806,2298.705,2298.705,2298.705
-6.569,-2.061,-0,55700.209,0,271,160.88,78.067,74.091,66.838,49.687,45.145,44.801,2298.692,2298.692,2298.692
-6.569,-2.133,-0,55700.926,0,271,160.837,78.241,74.259,66.963,49.717,45.163,44.811,2298.708,2298.708,2298.708
-6.563,-2.211,-0,55701.608,0,271,160.793,78.414,74.42,67.091,49.747,45.165,44.815,2298.7,2298.7,2298.7
-6.576,-2.275,-0,55702.312,0,271,160.741,78.577,74.571,67.201,49.761,45.169,44.806,2298.689,2298.689,2298.689
-6.592,-2.346,-0,55703.016,0,271,160.712,78.762,74.75,67.322,49.809,45.171,44.822,2298.702,2298.702,2298.702
-6.603,-2.411,-0,55703.712,0,271,160.657,78.931,74.895,67.437,49.827,45.173,44.811,2298.688,2298.688,2298.688
-6.606,-2.47,-0,55704.41,0,271,160.625,79.113,75.065,67.568,49.875,45.194,44.827,2298.705,2298.705,2298.705
-6.609,-2.539,-0,55705.111,0,271,160.584,79.283,75.233,67.68,49.894,45.189,44.829,2298.698,2298.698,2298.698
-6.602,-2.596,-0,55705.818,0,271,160.551,79.458,75.396,67.817,49.924,45.2,44.84,2298.712,2298.712,2298.712
-6.625,-2.663,-0,55706.518,0,271,160.504,79.618,75.551,67.942,49.957,45.2,44.832,2298.697,2298.697,2298.697
-6.637,-2.719,-0,55707.211,0,271,160.468,79.804,75.72,68.08,49.985,45.214,44.851,2298.712,2298.712,2298.712
-6.64,-2.779,-0,55707.92,0,271,160.414,79.966,75.874,68.198,50.012,45.215,44.845,2298.701,2298.701,2298.701
-6.632,-2.828,-0,55708.614,0,271,160.389,80.147,76.042,68.327,50.044,45.219,44.864,2298.705,2298.705,2298.705
-6.651,-2.891,-0,55709.312,0,271,160.342,80.31,76.201,68.451,50.076,45.227,44.865,2298.704,2298.704,2298.704
-6.667,-2.952,-0,55710.023,0,271,160.294,80.487,76.362,68.573,50.093,45.231,44.859,2298.69,2298.69,2298.69
-6.668,-3.009,-0,55710.717,0,271,160.265,80.671,76.527,68.715,50.138,45.246,44.866,2298.705,2298.705,2298.705
-6.653,-3.003,-0,55711.409,0,271,160.222,80.847,76.694,68.832,50.171,45.252,44.873,2298.704,2298.704,2298.704
-6.674,-3.028,-0,55712.11,0,271,160.176,81.03,76.845,68.957,50.185,45.265,44.888,2298.691,2298.691,2298.691
-6.682,-3.079,-0,55712.816,0,271,160.139,81.2,77.015,69.097,50.221,45.281,44.888,2298.698,2298.698,2298.698
-6.67,-3.123,-0,55713.509,0,271,160.104,81.383,77.187,69.236,50.259,45.282,44.909,2298.713,2298.713,2298.713
-6.693,-3.181,-0,55714.21,0,271,160.057,81.561,77.34,69.356,50.284,45.297,44.907,2298.698,2298.698,2298.698
-6.702,-3.234,-0,55714.915,0,271,160.013,81.736,77.505,69.478,50.32,45.301,44.916,2298.699,2298.699,2298.699
-6.695,-3.284,-0,55715.609,0,271,159.98,81.929,77.677,69.616,50.361,45.312,44.931,2298.704,2298.704,2298.704
-6.718,-3.34,-0,55716.319,0,271,159.941,82.091,77.849,69.751,50.386,45.311,44.933,2298.693,2298.693,2298.693
-6.707,-3.387,-0,55717.03,0,271,159.895,82.275,78.021,69.881,50.425,45.334,44.944,2298.706,2298.706,2298.706
-6.727,-3.425,-0,55717.714,0,271,159.858,82.454,78.175,70.016,50.454,45.35,44.955,2298.711,2298.711,2298.711
-6.731,-3.478,-0,55718.421,0,271,159.825,82.647,78.347,70.15,50.491,45.357,44.97,2298.711,2298.711,2298.711
-6.735,-3.536,-0,55719.119,0,271,159.768,82.834,78.514,70.274,50.512,45.359,44.978,2298.703,2298.703,2298.703
-6.749,-3.591,-0,55719.818,0,271,159.742,83.017,78.691,70.417,50.564,45.387,44.993,2298.717,2298.717,2298.717
-6.745,-3.65,-0,55720.514,0,271,159.691,83.201,78.857,70.536,50.594,45.396,45.002,2298.706,2298.706,2298.706
-6.763,-3.713,-0,55721.212,0,271,159.659,83.406,79.021,70.678,50.624,45.401,45.02,2298.709,2298.709,2298.709
-6.759,-3.776,-0,55721.917,0,271,159.609,83.595,79.193,70.825,50.66,45.43,45.037,2298.723,2298.723,2298.723
-6.776,-3.828,-0,55722.616,0,271,159.549,83.788,79.366,70.945,50.687,45.426,45.036,2298.701,2298.701,2298.701
-6.772,-3.892,-0,55723.314,0,271,159.507,83.998,79.536,71.089,50.734,45.449,45.052,2298.717,2298.717,2298.717
-6.79,-3.962,-0,55724.028,0,271,159.467,84.201,79.706,71.222,50.768,45.46,45.074,2298.715,2298.715,2298.715
-6.782,-4.021,-0,55724.71,0,271,159.413,84.42,79.878,71.35,50.795,45.476,45.074,2298.707,2298.707,2298.707
-6.802,-4.081,-0,55725.434,0,271,159.369,84.629,80.062,71.488,50.839,45.499,45.099,2298.711,2298.711,2298.711
-6.795,-4.135,-0,55726.115,0,271,159.321,84.847,80.252,71.631,50.874,45.52,45.108,2298.717,2298.717,2298.717
-6.813,-4.193,-0,55726.814,0,271,159.267,85.066,80.434,71.769,50.91,45.534,45.123,2298.722,2298.722,2298.722
-6.811,-4.243,-0,55727.516,0,271,159.212,85.275,80.609,71.907,50.943,45.545,45.137,2298.72,2298.72,2298.72
-6.823,-4.302,-0,55728.223,0,271,159.158,85.484,80.793,72.051,50.985,45.553,45.151,2298.715,2298.715,2298.715
-6.825,-4.359,-0,55728.917,0,271,159.102,85.705,80.98,72.186,51.013,45.562,45.168,2298.714,2298.714,2298.714
-6.828,-4.41,-0,55729.613,0,271,159.048,85.92,81.158,72.315,51.049,45.573,45.177,2298.701,2298.701,2298.701
-6.838,-4.461,-0,55730.317,0,271,158.994,86.142,81.358,72.457,51.083,45.599,45.188,2298.701,2298.701,2298.701
-6.832,-4.514,-0,55731.015,0,271,158.953,86.358,81.55,72.61,51.135,45.619,45.211,2298.709,2298.709,2298.709
-6.85,-4.562,-0,55731.731,0,271,158.898,86.563,81.741,72.752,51.167,45.638,45.234,2298.709,2298.709,2298.709
-6.833,-4.609,-0,55732.413,0,271,158.857,86.772,81.933,72.892,51.201,45.647,45.241,2298.702,2298.702,2298.702
-6.859,-4.663,-0,55733.117,0,271,158.82,87.001,82.136,73.06,51.246,45.679,45.269,2298.726,2298.726,2298.726
-6.855,-4.708,-0,55733.816,0,271,158.773,87.196,82.319,73.188,51.281,45.696,45.277,2298.71,2298.71,2298.71
-6.86,-4.753,-0,55734.525,0,271,158.728,87.398,82.518,73.347,51.312,45.71,45.295,2298.713,2298.713,2298.713
-6.874,-4.791,-0,55735.212,0,271,158.675,87.599,82.716,73.494,51.354,45.734,45.32,2298.711,2298.711,2298.711
-6.855,-4.829,-0,55735.921,0,271,158.635,87.809,82.896,73.642,51.392,45.743,45.334,2298.705,2298.705,2298.705
-6.882,-4.888,-0,55736.625,0,271,158.592,88.022,83.099,73.798,51.439,45.765,45.362,2298.718,2298.718,2298.718
-6.882,-4.94,-0,55737.33,0,271,158.552,88.223,83.287,73.951,51.47,45.793,45.377,2298.714,2298.714,2298.714
-6.887,-4.987,-0,55738.03,0,271,158.509,88.414,83.485,74.098,51.504,45.813,45.397,2298.704,2298.704,2298.704
-6.901,-5.028,-0,55738.717,0,271,158.468,88.639,83.684,74.267,51.556,45.832,45.417,2298.716,2298.716,2298.716
-6.882,-5.04,-0,55739.419,0,271,158.416,88.842,83.87,74.417,51.596,45.845,45.444,2298.712,2298.712,2298.712
-6.9,-5.041,-0,55740.112,0,271,158.357,89.079,84.064,74.557,51.643,45.869,45.456,2298.712,2298.712,2298.712
-6.899,-5.041,-0,55740.818,0,271,158.299,89.298,84.263,74.708,51.688,45.882,45.478,2298.704,2298.704,2298.704
-6.882,-5.041,-0,55741.512,0,271,158.271,89.521,84.469,74.86,51.733,45.908,45.499,2298.718,2298.718,2298.718
-6.902,-5.042,-0,55742.226,0,271,158.224,89.744,84.668,75.017,51.79,45.943,45.523,2298.718,2298.718,2298.718
-6.94,-5.163,-0,55742.93,0,271,158.188,89.952,84.86,75.183,51.837,45.967,45.547,2298.727,2298.727,2298.727
-6.934,-5.153,-0,55743.614,0,271,158.117,90.183,85.058,75.319,51.899,45.988,45.569,2298.723,2298.723,2298.723
-6.949,-5.11,-0,55744.324,0,271,158.051,90.459,85.258,75.443,51.972,46.008,45.59,2298.722,2298.722,2298.722
-6.921,-5.021,-0,55745.016,0,271,157.977,90.716,85.452,75.566,52.037,46.024,45.605,2298.711,2298.711,2298.711
-6.928,-4.971,-0,55745.721,0,271,157.914,90.967,85.67,75.701,52.109,46.053,45.627,2298.718,2298.718,2298.718
-6.924,-4.929,-0,55746.412,0,271,157.867,91.216,85.871,75.837,52.17,46.074,45.651,2298.718,2298.718,2298.718
-6.901,-4.893,-0,55747.124,0,271,157.817,91.458,86.1,75.99,52.241,46.093,45.675,2298.725,2298.725,2298.725
-6.916,-4.843,-0,55747.834,0,271,157.757,91.69,86.301,76.136,52.3,46.122,45.698,2298.726,2298.726,2298.726
-6.907,-4.792,-0,55748.514,0,271,157.722,91.92,86.532,76.282,52.366,46.165,45.735,2298.74,2298.74,2298.74
-6.882,-4.737,-0,55749.226,0,271,157.673,92.128,86.74,76.43,52.431,46.175,45.751,2298.735,2298.735,2298.735
-6.893,-4.685,-0,55749.914,0,271,157.629,92.339,86.944,76.576,52.478,46.198,45.775,2298.72,2298.72,2298.72
-6.893,-4.637,-0,55750.616,0,271,157.603,92.534,87.156,76.734,52.543,46.226,45.798,2298.726,2298.726,2298.726
-6.875,-4.574,-0,55751.313,0,271,157.563,92.744,87.368,76.893,52.603,46.262,45.826,2298.73,2298.73,2298.73
-6.861,-4.515,-0,55752.017,0,271,157.519,92.946,87.574,77.052,52.649,46.288,45.852,2298.724,2298.724,2298.724
-6.87,-4.446,-0,55752.716,0,271,157.49,93.136,87.783,77.204,52.712,46.326,45.865,2298.721,2298.721,2298.721
-6.861,-4.362,-0,55753.413,0,271,157.459,93.331,87.986,77.372,52.774,46.346,45.899,2298.728,2298.728,2298.728
-6.838,-4.282,-0,55754.118,0,271,157.426,93.518,88.189,77.54,52.829,46.374,45.932,2298.723,2298.723,2298.723
-6.825,-4.22,-0,55754.815,0,271,157.396,93.71,88.394,77.703,52.892,46.407,45.967,2298.732,2298.732,2298.732
-6.833,-4.167,-0,55755.536,0,271,157.356,93.89,88.582,77.86,52.927,46.429,45.981,2298.712,2298.712,2298.712
-6.827,-4.113,-0,55756.216,0,271,157.333,94.078,88.79,78.042,52.997,46.463,46.01,2298.728,2298.728,2298.728
-6.814,-4.067,-0,55756.941,0,271,157.301,94.248,88.978,78.215,53.055,46.495,46.043,2298.728,2298.728,2298.728
-6.794,-4.014,-0,55757.619,0,271,157.273,94.434,89.177,78.387,53.102,46.534,46.078,2298.73,2298.73,2298.73
-6.8,-3.958,-0,55758.328,0,271,157.24,94.597,89.361,78.536,53.155,46.544,46.097,2298.71,2298.71,2298.71
-6.8,-3.912,-0,55759.014,0,271,157.23,94.784,89.563,78.721,53.235,46.605,46.154,2298.747,2298.747,2298.747
-6.799,-3.875,-0,55759.723,0,271,157.198,94.941,89.755,78.888,53.274,46.622,46.18,2298.732,2298.732,2298.732
-6.788,-3.832,-0,55760.425,0,271,157.182,95.096,89.937,79.038,53.332,46.663,46.204,2298.73,2298.73,2298.73
-6.773,-3.779,-0,55761.143,0,271,157.169,95.248,90.116,79.205,53.392,46.695,46.233,2298.73,2298.73,2298.73
-6.765,-3.726,-0,55761.821,0,271,157.149,95.417,90.304,79.378,53.449,46.722,46.264,2298.737,2298.737,2298.737
-6.776,-3.691,-0,55762.519,0,271,157.13,95.581,90.479,79.535,53.52,46.773,46.3,2298.745,2298.745,2298.745
-6.775,-3.652,-0,55763.244,0,271,157.109,95.73,90.66,79.702,53.582,46.809,46.35,2298.748,2298.748,2298.748
-6.768,-3.615,-0,55763.926,0,271,157.087,95.902,90.831,79.863,53.632,46.831,46.373,2298.738,2298.738,2298.738
-6.757,-3.574,-0,55764.618,0,271,157.068,96.054,91.003,80.032,53.702,46.87,46.409,2298.741,2298.741,2298.741
-6.741,-3.533,-0,55765.313,0,271,157.037,96.224,91.177,80.197,53.755,46.908,46.443,2298.737,2298.737,2298.737
-6.74,-3.514,-0,55766.019,0,271,157.008,96.393,91.334,80.321,53.807,46.928,46.461,2298.713,2298.713,2298.713
-6.748,-3.479,-0,55766.72,0,271,156.99,96.575,91.505,80.497,53.891,46.972,46.507,2298.739,2298.739,2298.739
-6.751,-3.451,-0,55767.421,0,271,156.974,96.748,91.679,80.663,53.946,47.01,46.543,2298.747,2298.747,2298.747
-6.751,-3.428,-0,55768.115,0,271,156.929,96.924,91.849,80.799,54.006,47.042,46.565,2298.727,2298.727,2298.727
-6.746,-3.393,-0,55768.823,0,271,156.898,97.103,92.014,80.949,54.07,47.072,46.601,2298.724,2298.724,2298.724
-6.734,-3.335,-0,55769.514,0,271,156.881,97.289,92.191,81.099,54.135,47.116,46.635,2298.726,2298.726,2298.726
-6.723,-3.288,-0,55770.234,0,271,156.861,97.471,92.361,81.257,54.2,47.144,46.675,2298.736,2298.736,2298.736
-6.716,-3.25,-0,55770.916,0,271,156.831,97.657,92.525,81.401,54.273,47.188,46.716,2298.732,2298.732,2298.732
-6.726,-3.197,-0,55771.617,0,271,156.803,97.837,92.708,81.543,54.337,47.228,46.741,2298.734,2298.734,2298.734
-6.731,-3.155,-0,55772.317,0,271,156.773,98.029,92.874,81.69,54.404,47.262,46.786,2298.733,2298.733,2298.733
-6.732,-3.099,-0,55773.023,0,271,156.739,98.201,93.038,81.833,54.471,47.3,46.818,2298.728,2298.728,2298.728
-6.723,-3.024,-0,55773.724,0,271,156.71,98.387,93.215,81.975,54.53,47.341,46.86,2298.733,2298.733,2298.733
-6.706,-2.939,-0,55774.42,0,271,156.705,98.572,93.399,82.116,54.612,47.379,46.898,2298.75,2298.75,2298.75
-6.692,-2.853,-0,55775.115,0,271,156.668,98.753,93.574,82.261,54.683,47.429,46.944,2298.75,2298.75,2298.75
-6.694,-2.736,-0,55775.828,0,271,156.629,98.913,93.733,82.404,54.747,47.457,46.971,2298.739,2298.739,2298.739
-6.689,-2.618,-0,55776.521,0,271,156.614,99.094,93.912,82.545,54.816,47.488,47.012,2298.745,2298.745,2298.745
-6.679,-2.51,-0,55777.237,0,271,156.593,99.269,94.078,82.684,54.886,47.542,47.052,2298.737,2298.737,2298.737
-6.664,-2.407,-0,55777.919,0,271,156.561,99.432,94.242,82.841,54.942,47.578,47.087,2298.733,2298.733,2298.733
-6.637,-2.281,-0,55778.615,0,271,156.551,99.609,94.428,82.992,55.009,47.626,47.143,2298.747,2298.747,2298.747
-6.622,-2.164,-0,55779.328,0,271,156.524,99.768,94.595,83.143,55.065,47.66,47.174,2298.742,2298.742,2298.742
-6.622,-2.06,-0,55780.034,0,271,156.498,99.93,94.76,83.304,55.129,47.704,47.214,2298.741,2298.741,2298.741
-6.615,-1.974,-0,55780.719,0,271,156.486,100.071,94.927,83.454,55.189,47.755,47.26,2298.743,2298.743,2298.743
-6.599,-1.88,-0,55781.427,0,271,156.468,100.236,95.11,83.617,55.255,47.806,47.316,2298.751,2298.751,2298.751
-6.579,-1.806,-0,55782.116,0,271,156.446,100.381,95.264,83.763,55.315,47.84,47.343,2298.741,2298.741,2298.741
-6.564,-1.73,-0,55782.825,0,271,156.427,100.529,95.419,83.925,55.364,47.88,47.391,2298.738,2298.738,2298.738
-6.563,-1.654,-0,55783.515,0,271,156.413,100.663,95.587,84.086,55.424,47.928,47.434,2298.739,2298.739,2298.739
-6.552,-1.564,-0,55784.218,0,271,156.399,100.8,95.748,84.263,55.479,47.973,47.478,2298.734,2298.734,2298.734
-6.533,-1.498,-0,55784.925,0,271,156.403,100.945,95.915,84.445,55.543,48.028,47.531,2298.749,2298.749,2298.749
-6.509,-1.425,-0,55785.624,0,271,156.387,101.067,96.069,84.625,55.599,48.074,47.579,2298.748,2298.748,2298.748
-6.512,-1.36,-0,55786.322,0,271,156.377,101.187,96.22,84.81,55.643,48.111,47.609,2298.733,2298.733,2298.733
-6.507,-1.284,-0,55787.048,0,271,156.38,101.308,96.374,84.999,55.701,48.162,47.67,2298.747,2298.747,2298.747
-6.495,-1.215,-0,55787.736,0,271,156.382,101.427,96.519,85.194,55.762,48.209,47.711,2298.748,2298.748,2298.748
-6.481,-1.153,-0,55788.43,0,271,156.371,101.527,96.674,85.398,55.799,48.255,47.749,2298.74,2298.74,2298.74
-6.463,-1.095,-0,55789.127,0,271,156.385,101.643,96.829,85.606,55.857,48.308,47.8,2298.757,2298.757,2298.757
-6.454,-1.036,-0,55789.814,0,271,156.375,101.736,96.975,85.809,55.915,48.351,47.854,2298.753,2298.753,2298.753
-6.457,-0.986,-0,55790.524,0,271,156.385,101.839,97.115,86.002,55.965,48.398,47.89,2298.749,2298.749,2298.749
-6.453,-0.926,-0,55791.217,0,271,156.398,101.929,97.252,86.196,56.013,48.445,47.937,2298.747,2298.747,2298.747
-6.446,-0.871,-0,55791.921,0,271,156.395,102.013,97.39,86.389,56.055,48.488,47.98,2298.742,2298.742,2298.742
-6.44,-0.827,-0,55792.617,0,271,156.418,102.111,97.517,86.588,56.121,48.538,48.036,2298.761,2298.761,2298.761
-6.428,-0.766,-0,55793.317,0,271,156.412,102.186,97.642,86.767,56.156,48.575,48.075,2298.747,2298.747,2298.747
-6.42,-0.717,-0,55794.031,0,271,156.433,102.279,97.767,86.957,56.214,48.624,48.119,2298.751,2298.751,2298.751
-6.41,-0.674,-0,55794.716,0,271,156.429,102.372,97.9,87.131,56.254,48.672,48.172,2298.747,2298.747,2298.747
-6.401,-0.624,-0,55795.421,0,271,156.446,102.465,98.015,87.295,56.313,48.723,48.221,2298.754,2298.754,2298.754
-6.392,-0.577,-0,55796.121,0,271,156.436,102.56,98.136,87.451,56.363,48.768,48.272,2298.743,2298.743,2298.743
-6.389,-0.543,-0,55796.817,0,271,156.437,102.642,98.251,87.599,56.406,48.822,48.315,2298.735,2298.735,2298.735
-6.382,-0.506,-0,55797.516,0,271,156.435,102.743,98.366,87.755,56.462,48.875,48.375,2298.742,2298.742,2298.742
-6.376,-0.464,-0,55798.224,0,271,156.452,102.827,98.482,87.904,56.525,48.93,48.437,2298.75,2298.75,2298.75
-6.366,-0.419,-0,55798.928,0,271,156.464,102.922,98.599,88.046,56.592,48.99,48.49,2298.758,2298.758,2298.758
-6.363,-0.375,-0,55799.62,0,271,156.459,103.004,98.701,88.173,56.642,49.034,48.541,2298.75,2298.75,2298.75
-6.357,-0.333,-0,55800.321,0,271,156.461,103.097,98.815,88.302,56.701,49.088,48.595,2298.752,2298.752,2298.752
-6.352,-0.294,-0,55801.024,0,271,156.476,103.187,98.924,88.433,56.767,49.148,48.652,2298.762,2298.762,2298.762
-6.346,-0.258,-0,55801.723,0,271,156.475,103.265,99.03,88.549,56.811,49.2,48.713,2298.75,2298.75,2298.75
-6.341,-0.225,-0,55802.42,0,271,156.48,103.345,99.136,88.671,56.883,49.253,48.759,2298.749,2298.749,2298.749
-6.332,-0.189,-0,55803.122,0,271,156.482,103.41,99.235,88.783,56.935,49.316,48.812,2298.742,2298.742,2298.742
-6.324,-0.165,-0,55803.836,0,271,156.493,103.497,99.329,88.905,57.017,49.369,48.882,2298.754,2298.754,2298.754
-6.318,-0.145,-0,55804.527,0,271,156.495,103.565,99.447,89.011,57.081,49.425,48.934,2298.754,2298.754,2298.754
-6.306,-0.126,-0,55805.218,0,271,156.521,103.641,99.536,89.123,57.155,49.488,48.993,2298.758,2298.758,2298.758
-6.306,-0.11,-0,55805.918,0,271,156.533,103.721,99.638,89.24,57.209,49.556,49.065,2298.767,2298.767,2298.767
-6.311,-0.089,-0,55806.63,0,271,156.552,103.782,99.729,89.335,57.288,49.616,49.128,2298.766,2298.766,2298.766
-6.317,-0.078,-0,55807.317,0,271,156.556,103.837,99.815,89.423,57.349,49.667,49.192,2298.75,2298.75,2298.75
-6.32,-0.073,-0,55808.019,0,271,156.574,103.904,99.921,89.517,57.423,49.737,49.258,2298.765,2298.765,2298.765
-6.321,-0.071,-0,55808.721,0,271,156.599,103.961,100.005,89.613,57.489,49.81,49.319,2298.772,2298.772,2298.772
-6.318,-0.068,-0,55809.417,0,271,156.618,103.982,100.086,89.7,57.545,49.86,49.376,2298.751,2298.751,2298.751
-6.313,-0.069,-0,55810.129,0,271,156.631,104.047,100.174,89.801,57.62,49.933,49.434,2298.759,2298.759,2298.759
-6.304,-0.067,-0,55810.844,0,271,156.653,104.101,100.24,89.889,57.684,49.993,49.504,2298.758,2298.758,2298.758
-6.299,-0.065,-0,55811.52,0,271,156.666,104.164,100.323,89.984,57.755,50.05,49.557,2298.759,2298.759,2298.759
-6.307,-0.064,-0,55812.225,0,271,156.69,104.227,100.402,90.082,57.83,50.135,49.633,2298.768,2298.768,2298.768
-6.312,-0.063,-0,55812.917,0,271,156.692,104.278,100.48,90.154,57.896,50.188,49.695,2298.76,2298.76,2298.76
-6.315,-0.06,-0,55813.619,0,271,156.715,104.339,100.555,90.243,57.962,50.252,49.758,2298.761,2298.761,2298.761
-6.314,-0.056,-0,55814.337,0,271,156.738,104.402,100.633,90.341,58.039,50.319,49.826,2298.773,2298.773,2298.773
-6.306,-0.05,-0,55815.027,0,271,156.734,104.456,100.687,90.419,58.098,50.379,49.881,2298.763,2298.763,2298.763
-6.294,-0.044,-0,55815.731,0,271,156.743,104.503,100.76,90.495,58.17,50.439,49.948,2298.761,2298.761,2298.761
-6.277,-0.037,-0,55816.422,0,271,156.752,104.541,100.815,90.574,58.231,50.487,49.996,2298.74,2298.74,2298.74
-6.281,-0.03,-0,55817.121,0,271,156.789,104.588,100.887,90.655,58.313,50.565,50.07,2298.748,2298.748,2298.748
-6.283,-0.027,-0,55817.836,0,271,156.805,104.625,100.975,90.748,58.395,50.638,50.138,2298.768,2298.768,2298.768
-6.277,-0.023,-0,55818.537,0,271,156.84,104.654,101.035,90.821,58.447,50.693,50.194,2298.753,2298.753,2298.753
-6.266,-0.021,-0,55819.241,0,271,156.869,104.679,101.106,90.912,58.536,50.768,50.271,2298.774,2298.774,2298.774
-6.249,-0.018,-0,55819.932,0,271,156.906,104.7,101.154,90.984,58.603,50.835,50.336,2298.768,2298.768,2298.768
-6.247,-0.015,-0,55820.621,0,271,156.916,104.692,101.199,91.048,58.66,50.877,50.383,2298.743,2298.743,2298.743
-6.242,-0.015,-0,55821.318,0,271,156.957,104.705,101.262,91.141,58.732,50.95,50.464,2298.763,2298.763,2298.763
-6.221,-0.014,-0,55822.047,0,271,156.996,104.729,101.321,91.223,58.802,51.04,50.554,2298.773,2298.773,2298.773
-6.189,-0.014,-0,55822.721,0,271,157.02,104.737,101.365,91.291,58.865,51.118,50.63,2298.77,2298.77,2298.77
-6.191,-0.015,-0,55823.422,0,271,157.038,104.758,101.394,91.36,58.923,51.195,50.721,2298.759,2298.759,2298.759
-6.179,-0.014,-0,55824.12,0,271,157.062,104.773,101.449,91.436,58.998,51.284,50.814,2298.77,2298.77,2298.77
-6.147,-0.014,-0,55824.822,0,271,157.097,104.794,101.489,91.513,59.079,51.384,50.911,2298.774,2298.774,2298.774
-6.142,-0.015,-0,55825.532,0,271,157.111,104.814,101.529,91.575,59.137,51.465,51,2298.764,2298.764,2298.764
-6.13,-0.014,-0,55826.23,0,271,157.141,104.85,101.568,91.644,59.213,51.563,51.11,2298.768,2298.768,2298.768
-6.111,-0.015,-0,55826.918,0,271,157.151,104.857,101.596,91.702,59.27,51.668,51.201,2298.755,2298.755,2298.755
-6.081,-0.015,-0,55827.622,0,271,157.18,104.898,101.647,91.772,59.369,51.778,51.311,2298.779,2298.779,2298.779
-6.078,-0.015,-0,55828.317,0,271,157.204,104.913,101.684,91.834,59.432,51.853,51.413,2298.772,2298.772,2298.772
-6.057,-0.014,-0,55829.021,0,271,157.218,104.933,101.702,91.885,59.511,51.949,51.503,2298.761,2298.761,2298.761
-6.031,-0.014,-0,55829.731,0,271,157.234,104.953,101.75,91.963,59.594,52.059,51.61,2298.775,2298.775,2298.775
-6.025,-0.014,-0,55830.42,0,271,157.271,104.97,101.782,92.008,59.678,52.158,51.713,2298.772,2298.772,2298.772
-6.022,-0.014,-0,55831.124,0,271,157.279,105.005,101.827,92.068,59.752,52.266,51.823,2298.775,2298.775,2298.775
-6.007,-0.014,-0,55831.843,0,271,157.306,105.033,101.863,92.13,59.835,52.37,51.93,2298.783,2298.783,2298.783
-6.006,-0.014,-0,55832.528,0,271,157.32,105.053,101.883,92.176,59.919,52.463,52.027,2298.766,2298.766,2298.766
-6.003,-0.014,-0,55833.219,0,271,157.338,105.082,101.917,92.228,59.998,52.57,52.13,2298.766,2298.766,2298.766
-5.971,-0.015,-0,55833.924,0,271,157.353,105.111,101.951,92.292,60.088,52.675,52.228,2298.773,2298.773,2298.773
-5.965,-0.014,-0,55834.635,0,271,157.369,105.133,101.989,92.336,60.172,52.764,52.332,2298.77,2298.77,2298.77
-5.968,-0.014,-0,55835.324,0,271,157.377,105.167,102.019,92.395,60.256,52.87,52.434,2298.767,2298.767,2298.767
-5.985,-0.014,-0,55836.04,0,271,157.411,105.207,102.053,92.449,60.355,52.976,52.545,2298.782,2298.782,2298.782
-6.011,-0.014,-0,55836.749,0,271,157.424,105.217,102.08,92.487,60.426,53.078,52.642,2298.774,2298.774,2298.774
-6.034,-0.014,-0,55837.419,0,271,157.426,105.243,102.119,92.549,60.523,53.17,52.738,2298.773,2298.773,2298.773
-6.046,-0.015,-0,55838.128,0,271,157.444,105.274,102.149,92.59,60.611,53.275,52.849,2298.771,2298.771,2298.771
-6.053,-0.014,-0,55838.82,0,271,157.456,105.299,102.179,92.647,60.682,53.372,52.932,2298.77,2298.77,2298.77
-6.055,-0.014,-0,55839.527,0,271,157.475,105.316,102.211,92.684,60.777,53.466,53.03,2298.771,2298.771,2298.771
-6.075,-0.015,-0,55840.224,0,271,157.489,105.355,102.249,92.737,60.871,53.574,53.129,2298.775,2298.775,2298.775
-6.094,-0.014,-0,55840.926,0,271,157.499,105.386,102.287,92.788,60.961,53.66,53.231,2298.782,2298.782,2298.782
-6.11,-0.015,-0,55841.633,0,271,157.52,105.413,102.308,92.835,61.05,53.751,53.319,2298.778,2298.778,2298.778
-6.113,-0.014,-0,55842.321,0,271,157.527,105.442,102.339,92.879,61.123,53.843,53.402,2298.769,2298.769,2298.769
-6.128,-0.014,-0,55843.033,0,271,157.537,105.47,102.359,92.927,61.208,53.927,53.491,2298.771,2298.771,2298.771
-6.158,-0.014,-0,55843.719,0,271,157.554,105.48,102.401,92.975,61.297,54.017,53.58,2298.767,2298.767,2298.767
-6.169,-0.014,-0,55844.444,0,271,157.577,105.525,102.434,93.021,61.392,54.111,53.672,2298.781,2298.781,2298.781
-6.17,-0.015,-0,55845.126,0,271,157.591,105.546,102.46,93.069,61.479,54.198,53.748,2298.776,2298.776,2298.776
-6.197,-0.014,-0,55845.82,0,271,157.596,105.571,102.503,93.105,61.554,54.278,53.827,2298.774,2298.774,2298.774
-6.215,-0.014,-0,55846.523,0,271,157.592,105.598,102.526,93.15,61.631,54.351,53.895,2298.762,2298.762,2298.762
-6.225,-0.014,-0,55847.224,0,271,157.627,105.64,102.568,93.203,61.723,54.443,53.972,2298.782,2298.782,2298.782
-6.23,-0.014,-0,55847.919,0,271,157.62,105.655,102.592,93.24,61.791,54.495,54.032,2298.759,2298.759,2298.759
-6.25,-0.019,-0,55848.631,0,271,157.651,105.689,102.627,93.293,61.888,54.567,54.093,2298.782,2298.782,2298.782
-6.253,-0.027,-0,55849.32,0,271,157.645,105.706,102.652,93.325,61.963,54.623,54.133,2298.76,2298.76,2298.76
-6.242,-0.037,-0,55850.031,0,271,157.648,105.749,102.688,93.381,62.039,54.672,54.175,2298.769,2298.769,2298.769
-6.256,-0.054,-0,55850.722,0,271,157.672,105.802,102.725,93.426,62.137,54.719,54.215,2298.782,2298.782,2298.782
-6.269,-0.071,-0,55851.42,0,271,157.646,105.873,102.75,93.457,62.211,54.765,54.257,2298.778,2298.778,2298.778
-6.267,-0.084,-0,55852.121,0,271,157.629,105.958,102.774,93.492,62.295,54.798,54.297,2298.776,2298.776,2298.776
-6.253,-0.09,-0,55852.821,0,271,157.612,106.049,102.82,93.52,62.371,54.842,54.33,2298.773,2298.773,2298.773
-6.271,-0.092,-0,55853.519,0,271,157.601,106.143,102.866,93.559,62.451,54.893,54.368,2298.783,2298.783,2298.783
-6.271,-0.095,-0,55854.22,0,271,157.575,106.218,102.911,93.584,62.511,54.923,54.409,2298.772,2298.772,2298.772
-6.254,-0.098,-0,55854.919,0,271,157.575,106.303,102.961,93.599,62.579,54.964,54.448,2298.767,2298.767,2298.767
-6.272,-0.099,-0,55855.62,0,271,157.573,106.384,103.013,93.648,62.658,55.013,54.494,2298.782,2298.782,2298.782
-6.271,-0.105,-0,55856.321,0,271,157.55,106.461,103.049,93.681,62.714,55.047,54.53,2298.767,2298.767,2298.767
-6.255,-0.107,-0,55857.028,0,271,157.546,106.538,103.125,93.716,62.781,55.088,54.574,2298.779,2298.779,2298.779
-6.272,-0.11,-0,55857.744,0,271,157.537,106.597,103.169,93.754,62.834,55.13,54.618,2298.769,2298.769,2298.769
-6.273,-0.115,-0,55858.425,0,271,157.542,106.674,103.237,93.801,62.911,55.195,54.668,2298.789,2298.789,2298.789
-6.26,-0.119,-0,55859.125,0,271,157.523,106.737,103.289,93.838,62.959,55.222,54.7,2298.767,2298.767,2298.767
-6.279,-0.124,-0,55859.821,0,271,157.53,106.819,103.362,93.891,63.028,55.278,54.751,2298.788,2298.788,2298.788
-6.286,-0.128,-0,55860.531,0,271,157.506,106.877,103.411,93.942,63.077,55.322,54.797,2298.786,2298.786,2298.786
-6.275,-0.135,-0,55861.23,0,271,157.506,106.942,103.471,93.982,63.126,55.367,54.841,2298.779,2298.779,2298.779
-6.292,-0.157,-0,55861.921,0,271,157.504,107.015,103.537,94.034,63.184,55.412,54.883,2298.788,2298.788,2298.788
-6.307,-0.194,-0,55862.624,0,271,157.496,107.085,103.593,94.078,63.245,55.45,54.922,2298.786,2298.786,2298.786
-6.308,-0.233,-0,55863.323,0,271,157.478,107.161,103.662,94.12,63.303,55.495,54.961,2298.785,2298.785,2298.785
-6.307,-0.278,-0,55864.038,0,271,157.463,107.232,103.72,94.155,63.354,55.54,55.007,2298.775,2298.775,2298.775
-6.329,-0.328,-0,55864.73,0,271,157.466,107.309,103.792,94.191,63.405,55.573,55.035,2298.781,2298.781,2298.781
-6.34,-0.382,-0,55865.421,0,271,157.449,107.387,103.846,94.239,63.461,55.606,55.075,2298.78,2298.78,2298.78
-6.345,-0.43,-0,55866.126,0,271,157.444,107.476,103.915,94.274,63.518,55.652,55.103,2298.79,2298.79,2298.79
-6.344,-0.483,-0,55866.836,0,271,157.427,107.559,103.982,94.312,63.568,55.682,55.14,2298.787,2298.787,2298.787
-6.364,-0.531,-0,55867.521,0,271,157.421,107.651,104.067,94.35,63.631,55.73,55.175,2298.805,2298.805,2298.805
-6.375,-0.577,-0,55868.238,0,271,157.401,107.73,104.114,94.369,63.663,55.736,55.189,2298.783,2298.783,2298.783
-6.379,-0.631,-0,55868.923,0,271,157.376,107.827,104.17,94.396,63.714,55.763,55.215,2298.777,2298.777,2298.777
-6.373,-0.684,-0,55869.62,0,271,157.356,107.922,104.253,94.442,63.772,55.803,55.25,2298.789,2298.789,2298.789
-6.393,-0.74,-0,55870.323,0,271,157.343,108.005,104.312,94.468,63.834,55.834,55.281,2298.783,2298.783,2298.783
-6.409,-0.791,-0,55871.027,0,271,157.322,108.09,104.376,94.5,63.872,55.86,55.305,2298.768,2298.768,2298.768
-6.418,-0.845,-0,55871.737,0,271,157.307,108.188,104.457,94.541,63.929,55.895,55.33,2298.777,2298.777,2298.777
-6.421,-0.897,-0,55872.424,0,271,157.293,108.3,104.541,94.576,63.986,55.938,55.361,2298.793,2298.793,2298.793
-6.418,-0.955,-0,55873.144,0,271,157.272,108.368,104.61,94.599,64.04,55.943,55.387,2298.775,2298.775,2298.775
-6.427,-1.009,-0,55873.821,0,271,157.262,108.472,104.685,94.652,64.089,55.969,55.412,2298.785,2298.785,2298.785
-6.444,-1.067,-0,55874.522,0,271,157.244,108.568,104.774,94.7,64.145,56.008,55.445,2298.792,2298.792,2298.792
-6.458,-1.121,-0,55875.23,0,271,157.213,108.652,104.853,94.747,64.188,56.033,55.475,2298.785,2298.785,2298.785
-6.469,-1.179,-0,55875.922,0,271,157.194,108.751,104.92,94.783,64.238,56.058,55.492,2298.775,2298.775,2298.775
-6.477,-1.242,-0,55876.644,0,271,157.182,108.853,105.001,94.823,64.275,56.087,55.524,2298.774,2298.774,2298.774
-6.481,-1.308,-0,55877.352,0,271,157.162,108.952,105.086,94.892,64.346,56.124,55.554,2298.792,2298.792,2298.792
-6.482,-1.382,-0,55878.032,0,271,157.146,109.053,105.153,94.937,64.397,56.145,55.573,2298.78,2298.78,2298.78
-6.481,-1.464,-0,55878.723,0,271,157.119,109.147,105.232,94.988,64.436,56.151,55.589,2298.769,2298.769,2298.769
-6.493,-1.541,-0,55879.423,0,271,157.109,109.264,105.322,95.044,64.493,56.196,55.627,2298.792,2298.792,2298.792
-6.507,-1.622,-0,55880.144,0,271,157.096,109.343,105.412,95.112,64.532,56.214,55.644,2298.79,2298.79,2298.79
-6.519,-1.703,-0,55880.852,0,271,157.069,109.437,105.487,95.166,64.572,56.237,55.659,2298.783,2298.783,2298.783
-6.53,-1.797,-0,55881.521,0,271,157.066,109.531,105.575,95.238,64.621,56.279,55.692,2298.8,2298.8,2298.8
-6.536,-1.884,-0,55882.239,0,271,157.044,109.627,105.659,95.305,64.648,56.288,55.698,2298.789,2298.789,2298.789
-6.541,-1.982,-0,55882.953,0,271,157.028,109.708,105.746,95.374,64.696,56.321,55.734,2298.795,2298.795,2298.795
-6.541,-2.066,-0,55883.653,0,271,157.019,109.79,105.833,95.447,64.727,56.331,55.745,2298.789,2298.789,2298.789
-6.54,-2.145,-0,55884.322,0,271,156.989,109.884,105.917,95.529,64.759,56.367,55.774,2298.79,2298.79,2298.79
-6.555,-2.236,-0,55885.021,0,271,156.987,109.949,106.008,95.602,64.786,56.38,55.803,2298.794,2298.794,2298.794
-6.568,-2.258,-0,55885.722,0,271,156.978,110.037,106.08,95.69,64.818,56.394,55.815,2298.789,2298.789,2298.789
-6.572,-2.261,-0,55886.424,0,271,156.959,110.122,106.168,95.763,64.842,56.424,55.825,2298.788,2298.788,2298.788
-6.575,-2.33,-0,55887.123,0,271,156.943,110.199,106.267,95.834,64.88,56.437,55.86,2298.792,2298.792,2298.792
-6.576,-2.395,-0,55887.823,0,271,156.94,110.282,106.333,95.913,64.9,56.463,55.881,2298.789,2298.789,2298.789
-6.569,-2.477,-0,55888.522,0,271,156.919,110.36,106.421,95.992,64.931,56.485,55.891,2298.782,2298.782,2298.782
-6.581,-2.539,-0,55889.221,0,271,156.908,110.433,106.495,96.065,64.96,56.505,55.899,2298.773,2298.773,2298.773
-6.599,-2.617,-0,55889.922,0,271,156.906,110.528,106.599,96.164,64.997,56.532,55.936,2298.801,2298.801,2298.801
-6.61,-2.677,-0,55890.622,0,271,156.899,110.599,106.668,96.231,65.017,56.549,55.939,2298.789,2298.789,2298.789
-6.613,-2.736,-0,55891.323,0,271,156.879,110.672,106.755,96.307,65.06,56.561,55.97,2298.792,2298.792,2298.792
-6.619,-2.788,-0,55892.024,0,271,156.875,110.753,106.836,96.393,65.082,56.595,56,2298.801,2298.801,2298.801
-6.614,-2.849,-0,55892.723,0,271,156.856,110.809,106.901,96.461,65.107,56.598,56.007,2298.782,2298.782,2298.782
-6.632,-2.892,-0,55893.423,0,271,156.854,110.882,106.993,96.533,65.144,56.622,56.021,2298.786,2298.786,2298.786
-6.642,-2.937,-0,55894.134,0,271,156.844,110.955,107.068,96.622,65.185,56.647,56.05,2298.799,2298.799,2298.799
-6.642,-3.002,-0,55894.826,0,271,156.834,111.014,107.142,96.688,65.212,56.655,56.07,2298.784,2298.784,2298.784
-6.634,-3.054,-0,55895.543,0,271,156.824,111.099,107.228,96.768,65.248,56.679,56.087,2298.786,2298.786,2298.786
-6.658,-3.11,-0,55896.225,0,271,156.816,111.185,107.304,96.836,65.288,56.699,56.109,2298.794,2298.794,2298.794
-6.67,-3.17,-0,55896.93,0,271,156.811,111.26,107.384,96.912,65.323,56.727,56.132,2298.801,2298.801,2298.801
-6.669,-3.221,-0,55897.625,0,271,156.81,111.335,107.463,96.989,65.361,56.753,56.152,2298.808,2298.808,2298.808
-6.669,-3.274,-0,55898.336,0,271,156.783,111.402,107.538,97.06,65.394,56.775,56.168,2298.8,2298.8,2298.8
-6.69,-3.332,-0,55899.03,0,271,156.785,111.477,107.61,97.116,65.413,56.788,56.179,2298.793,2298.793,2298.793
-6.696,-3.386,-0,55899.725,0,271,156.761,111.557,107.684,97.208,65.45,56.801,56.203,2298.792,2298.792,2298.792
-6.685,-3.445,-0,55900.43,0,271,156.752,111.636,107.757,97.271,65.484,56.828,56.225,2298.792,2298.792,2298.792
-6.708,-3.499,-0,55901.123,0,271,156.733,111.737,107.834,97.347,65.532,56.848,56.25,2298.802,2298.802,2298.802
-6.719,-3.539,-0,55901.845,0,271,156.738,111.814,107.92,97.422,65.557,56.882,56.272,2298.804,2298.804,2298.804
-6.707,-3.586,-0,55902.529,0,271,156.715,111.895,107.983,97.479,65.589,56.906,56.289,2298.802,2298.802,2298.802
-6.727,-3.627,-0,55903.225,0,271,156.696,111.977,108.055,97.539,65.617,56.907,56.304,2298.78,2298.78,2298.78
-6.738,-3.679,-0,55903.937,0,271,156.677,112.07,108.138,97.621,65.653,56.93,56.338,2298.797,2298.797,2298.797
-6.726,-3.742,-0,55904.625,0,271,156.649,112.148,108.222,97.685,65.686,56.953,56.343,2298.786,2298.786,2298.786
-6.75,-3.81,-0,55905.327,0,271,156.652,112.244,108.3,97.769,65.738,56.987,56.374,2298.802,2298.802,2298.802
-6.757,-3.873,-0,55906.026,0,271,156.622,112.32,108.371,97.829,65.761,57,56.379,2298.792,2298.792,2298.792
-6.744,-3.92,-0,55906.725,0,271,156.62,112.415,108.454,97.897,65.801,57.026,56.424,2298.804,2298.804,2298.804
-6.771,-3.982,-0,55907.444,0,271,156.601,112.5,108.539,97.961,65.837,57.04,56.43,2298.792,2298.792,2298.792
-6.771,-4.051,-0,55908.145,0,271,156.579,112.591,108.621,98.031,65.871,57.071,56.465,2298.794,2298.794,2298.794
-6.772,-4.119,-0,55908.83,0,271,156.562,112.674,108.692,98.097,65.903,57.105,56.482,2298.796,2298.796,2298.796
-6.791,-4.186,-0,55909.533,0,271,156.559,112.754,108.784,98.171,65.942,57.124,56.508,2298.801,2298.801,2298.801
-6.778,-4.239,-0,55910.239,0,271,156.559,112.829,108.867,98.244,65.982,57.144,56.53,2298.808,2298.808,2298.808
-6.8,-4.297,-0,55910.93,0,271,156.537,112.905,108.937,98.314,66.007,57.16,56.545,2298.794,2298.794,2298.794
-6.802,-4.36,-0,55911.628,0,271,156.541,112.987,109.022,98.39,66.052,57.196,56.583,2298.81,2298.81,2298.81
-6.806,-4.427,-0,55912.324,0,271,156.521,113.061,109.104,98.461,66.074,57.216,56.597,2298.802,2298.802,2298.802
-6.818,-4.491,-0,55913.025,0,271,156.508,113.14,109.178,98.527,66.108,57.238,56.617,2298.804,2298.804,2298.804
-6.812,-4.538,-0,55913.738,0,271,156.489,113.209,109.261,98.611,66.146,57.256,56.635,2298.794,2298.794,2298.794
-6.83,-4.598,-0,55914.424,0,271,156.5,113.299,109.34,98.676,66.167,57.281,56.665,2298.803,2298.803,2298.803
-6.812,-4.654,-0,55915.13,0,271,156.487,113.372,109.415,98.754,66.211,57.318,56.699,2298.814,2298.814,2298.814
-6.84,-4.703,-0,55915.825,0,271,156.463,113.444,109.488,98.83,66.238,57.331,56.703,2298.802,2298.802,2298.802
-6.822,-4.738,-0,55916.528,0,271,156.47,113.534,109.574,98.899,66.265,57.36,56.73,2298.807,2298.807,2298.807
-6.848,-4.786,-0,55917.245,0,271,156.447,113.599,109.643,98.973,66.289,57.382,56.755,2298.799,2298.799,2298.799
-6.837,-4.831,-0,55917.935,0,271,156.43,113.659,109.721,99.04,66.309,57.387,56.774,2298.783,2298.783,2298.783
-6.856,-4.869,-0,55918.629,0,271,156.43,113.76,109.808,99.122,66.35,57.433,56.816,2298.808,2298.808,2298.808
-6.854,-4.903,-0,55919.324,0,271,156.416,113.828,109.885,99.199,66.375,57.449,56.832,2298.806,2298.806,2298.806
-6.863,-4.942,-0,55920.027,0,271,156.401,113.909,109.965,99.269,66.408,57.479,56.858,2298.811,2298.811,2298.811
-6.859,-5,-0,55920.726,0,271,156.391,114.002,110.038,99.355,66.45,57.499,56.882,2298.815,2298.815,2298.815
-6.874,-5.036,-0,55921.44,0,271,156.374,114.076,110.113,99.424,66.477,57.526,56.906,2298.8,2298.8,2298.8
-6.857,-5.035,-0,55922.126,0,271,156.359,114.152,110.189,99.488,66.511,57.543,56.93,2298.803,2298.803,2298.803
-6.875,-5.034,-0,55922.83,0,271,156.341,114.228,110.262,99.558,66.525,57.558,56.944,2298.786,2298.786,2298.786
-6.856,-5.035,-0,55923.537,0,271,156.335,114.318,110.347,99.633,66.571,57.592,56.973,2298.801,2298.801,2298.801
-6.918,-5.14,-0,55924.227,0,271,156.306,114.385,110.411,99.698,66.606,57.615,56.994,2298.79,2298.79,2298.79
-6.904,-5.126,-0,55924.924,0,271,156.292,114.489,110.487,99.752,66.685,57.635,57.011,2298.784,2298.784,2298.784
-6.922,-5.095,-0,55925.628,0,271,156.268,114.619,110.577,99.793,66.805,57.667,57.054,2298.805,2298.805,2298.805
-6.901,-5.048,-0,55926.33,0,271,156.235,114.743,110.656,99.83,66.909,57.695,57.067,2298.803,2298.803,2298.803
-6.914,-4.997,-0,55927.039,0,271,156.211,114.866,110.739,99.875,66.995,57.726,57.098,2298.804,2298.804,2298.804
-6.885,-4.946,-0,55927.727,0,271,156.18,114.965,110.825,99.904,67.064,57.736,57.114,2298.795,2298.795,2298.795
-6.899,-4.877,-0,55928.44,0,271,156.172,115.067,110.909,99.958,67.152,57.776,57.134,2298.805,2298.805,2298.805
-6.879,-4.826,-0,55929.128,0,271,156.158,115.182,110.996,100.014,67.218,57.804,57.169,2298.821,2298.821,2298.821
-6.883,-4.771,-0,55929.827,0,271,156.136,115.273,111.091,100.064,67.281,57.835,57.192,2298.816,2298.816,2298.816
-6.877,-4.716,-0,55930.528,0,271,156.118,115.367,111.17,100.112,67.348,57.862,57.221,2298.81,2298.81,2298.81
-6.855,-4.658,-0,55931.226,0,271,156.11,115.457,111.269,100.165,67.403,57.887,57.253,2298.813,2298.813,2298.813
-6.867,-4.6,-0,55931.936,0,271,156.095,115.544,111.343,100.218,67.45,57.911,57.265,2298.801,2298.801,2298.801
-6.843,-4.535,-0,55932.63,0,271,156.087,115.632,111.441,100.288,67.51,57.956,57.298,2298.815,2298.815,2298.815
-6.85,-4.477,-0,55933.327,0,271,156.067,115.726,111.527,100.35,67.547,57.975,57.323,2298.809,2298.809,2298.809
-6.839,-4.409,-0,55934.039,0,271,156.059,115.81,111.619,100.41,67.609,58.013,57.359,2298.813,2298.813,2298.813
-6.814,-4.347,-0,55934.726,0,271,156.038,115.898,111.71,100.471,67.648,58.042,57.383,2298.813,2298.813,2298.813
-6.826,-4.287,-0,55935.451,0,271,156.017,115.99,111.781,100.543,67.684,58.073,57.406,2298.801,2298.801,2298.801
-6.813,-4.225,-0,55936.126,0,271,155.995,116.06,111.859,100.607,67.717,58.092,57.436,2298.787,2298.787,2298.787
-6.792,-4.162,-0,55936.831,0,271,155.992,116.166,111.957,100.69,67.767,58.133,57.479,2298.808,2298.808,2298.808
-6.803,-4.085,-0,55937.526,0,271,155.982,116.257,112.055,100.748,67.804,58.169,57.506,2298.816,2298.816,2298.816
-6.785,-4.015,-0,55938.227,0,271,155.964,116.328,112.134,100.826,67.831,58.195,57.527,2298.803,2298.803,2298.803
-6.78,-3.951,-0,55938.931,0,271,155.961,116.412,112.227,100.902,67.875,58.23,57.567,2298.815,2298.815,2298.815
-6.782,-3.9,-0,55939.637,0,271,155.935,116.491,112.299,100.974,67.901,58.25,57.597,2298.802,2298.802,2298.802
-6.761,-3.866,-0,55940.327,0,271,155.928,116.587,112.384,101.056,67.954,58.294,57.632,2298.821,2298.821,2298.821
-6.766,-3.803,-0,55941.04,0,271,155.924,116.65,112.474,101.129,67.981,58.329,57.658,2298.807,2298.807,2298.807
-6.764,-3.751,-0,55941.737,0,271,155.913,116.732,112.565,101.214,68.028,58.361,57.692,2298.814,2298.814,2298.814
-6.742,-3.741,-0,55942.429,0,271,155.898,116.793,112.638,101.287,68.057,58.381,57.719,2298.806,2298.806,2298.806
-6.757,-3.714,-0,55943.132,0,271,155.898,116.871,112.726,101.361,68.101,58.415,57.758,2298.817,2298.817,2298.817
-6.755,-3.687,-0,55943.825,0,271,155.892,116.939,112.803,101.431,68.138,58.459,57.792,2298.81,2298.81,2298.81
-6.731,-3.649,-0,55944.532,0,271,155.897,117.01,112.893,101.505,68.186,58.487,57.829,2298.825,2298.825,2298.825
-6.745,-3.618,-0,55945.227,0,271,155.884,117.076,112.968,101.568,68.22,58.512,57.853,2298.806,2298.806,2298.806
-6.745,-3.599,-0,55945.926,0,271,155.881,117.139,113.041,101.648,68.254,58.538,57.882,2298.809,2298.809,2298.809
-6.725,-3.562,-0,55946.626,0,271,155.867,117.231,113.13,101.731,68.307,58.585,57.926,2298.825,2298.825,2298.825
-6.734,-3.536,-0,55947.332,0,271,155.854,117.303,113.203,101.797,68.333,58.601,57.94,2298.814,2298.814,2298.814
-6.738,-3.504,-0,55948.029,0,271,155.848,117.387,113.274,101.867,68.38,58.643,57.993,2298.827,2298.827,2298.827
-6.721,-3.452,-0,55948.75,0,271,155.847,117.472,113.357,101.937,68.425,58.686,58.013,2298.83,2298.83,2298.83
-6.72,-3.403,-0,55949.426,0,271,155.827,117.54,113.426,101.997,68.464,58.704,58.044,2298.816,2298.816,2298.816
-6.728,-3.364,-0,55950.147,0,271,155.812,117.616,113.502,102.063,68.499,58.739,58.068,2298.812,2298.812,2298.812
-6.717,-3.314,-0,55950.83,0,271,155.803,117.694,113.57,102.133,68.538,58.763,58.096,2298.807,2298.807,2298.807
-6.704,-3.258,-0,55951.537,0,271,155.797,117.775,113.649,102.203,68.582,58.799,58.129,2298.81,2298.81,2298.81
-6.721,-3.211,-0,55952.235,0,271,155.788,117.865,113.732,102.27,68.632,58.84,58.166,2298.826,2298.826,2298.826
-6.717,-3.147,-0,55952.927,0,271,155.774,117.946,113.805,102.325,68.681,58.874,58.194,2298.818,2298.818,2298.818
-6.692,-3.06,-0,55953.628,0,271,155.764,118.032,113.883,102.39,68.731,58.895,58.221,2298.821,2298.821,2298.821
-6.702,-2.964,-0,55954.339,0,271,155.75,118.098,113.962,102.446,68.772,58.931,58.253,2298.82,2298.82,2298.82
-6.697,-2.867,-0,55955.027,0,271,155.728,118.169,114.03,102.511,68.805,58.957,58.276,2298.808,2298.808,2298.808
-6.674,-2.75,-0,55955.736,0,271,155.731,118.247,114.113,102.579,68.849,58.988,58.312,2298.809,2298.809,2298.809
-6.667,-2.65,-0,55956.429,0,271,155.725,118.318,114.184,102.648,68.896,59.027,58.349,2298.814,2298.814,2298.814
-6.667,-2.557,-0,55957.127,0,271,155.724,118.396,114.259,102.739,68.932,59.063,58.39,2298.823,2298.823,2298.823
-6.648,-2.448,-0,55957.843,0,271,155.712,118.463,114.326,102.807,68.971,59.091,58.422,2298.819,2298.819,2298.819
-6.623,-2.324,-0,55958.529,0,271,155.701,118.526,114.4,102.882,69.009,59.122,58.453,2298.813,2298.813,2298.813
-6.625,-2.207,-0,55959.232,0,271,155.692,118.598,114.477,102.954,69.05,59.171,58.489,2298.81,2298.81,2298.81
-6.609,-2.112,-0,55959.933,0,271,155.682,118.664,114.556,103.034,69.083,59.202,58.525,2298.82,2298.82,2298.82
-6.581,-2.018,-0,55960.642,0,271,155.674,118.73,114.623,103.114,69.111,59.228,58.562,2298.811,2298.811,2298.811
-6.587,-1.927,-0,55961.342,0,271,155.685,118.79,114.701,103.201,69.165,59.271,58.614,2298.822,2298.822,2298.822
-6.576,-1.848,-0,55962.031,0,271,155.673,118.836,114.767,103.287,69.196,59.315,58.636,2298.818,2298.818,2298.818
-6.544,-1.77,-0,55962.731,0,271,155.678,118.898,114.84,103.373,69.234,59.348,58.67,2298.82,2298.82,2298.82
-6.55,-1.687,-0,55963.439,0,271,155.656,118.955,114.905,103.461,69.267,59.382,58.716,2298.816,2298.816,2298.816
-6.541,-1.615,-0,55964.136,0,271,155.659,119.016,114.979,103.576,69.291,59.427,58.754,2298.823,2298.823,2298.823
-6.517,-1.547,-0,55964.841,0,271,155.654,119.066,115.039,103.682,69.305,59.461,58.785,2298.817,2298.817,2298.817
-6.515,-1.485,-0,55965.552,0,271,155.65,119.124,115.105,103.794,69.337,59.507,58.836,2298.82,2298.82,2298.82
-6.514,-1.426,-0,55966.241,0,271,155.647,119.179,115.186,103.901,69.358,59.542,58.871,2298.818,2298.818,2298.818
-6.498,-1.361,-0,55966.928,0,271,155.651,119.229,115.244,104.027,69.385,59.585,58.903,2298.821,2298.821,2298.821
-6.473,-1.287,-0,55967.635,0,271,155.65,119.287,115.318,104.165,69.416,59.623,58.946,2298.835,2298.835,2298.835
-6.468,-1.214,-0,55968.349,0,271,155.654,119.329,115.384,104.291,69.418,59.645,58.962,2298.815,2298.815,2298.815
-6.467,-1.154,-0,55969.03,0,271,155.652,119.389,115.448,104.438,69.455,59.68,59.016,2298.831,2298.831,2298.831
-6.456,-1.088,-0,55969.733,0,271,155.654,119.437,115.518,104.581,69.476,59.717,59.039,2298.836,2298.836,2298.836
-6.439,-1.039,-0,55970.429,0,271,155.638,119.465,115.565,104.693,69.472,59.746,59.063,2298.803,2298.803,2298.803
-6.423,-0.979,-0,55971.13,0,271,155.648,119.531,115.65,104.838,69.495,59.786,59.108,2298.827,2298.827,2298.827
-6.428,-0.923,-0,55971.833,0,271,155.652,119.578,115.71,104.971,69.523,59.821,59.151,2298.83,2298.83,2298.83
-6.426,-0.881,-0,55972.55,0,271,155.654,119.623,115.759,105.102,69.517,59.854,59.176,2298.827,2298.827,2298.827
-6.416,-0.825,-0,55973.232,0,271,155.652,119.647,115.834,105.228,69.541,59.89,59.22,2298.824,2298.824,2298.824
-6.404,-0.777,-0,55973.94,0,271,155.658,119.694,115.884,105.33,69.557,59.921,59.249,2298.821,2298.821,2298.821
-6.393,-0.732,-0,55974.631,0,271,155.651,119.729,115.953,105.435,69.568,59.95,59.289,2298.816,2298.816,2298.816
-6.381,-0.685,-0,55975.337,0,271,155.669,119.778,116.017,105.547,69.595,60.002,59.342,2298.831,2298.831,2298.831
-6.365,-0.639,-0,55976.033,0,271,155.669,119.806,116.07,105.636,69.616,60.035,59.373,2298.826,2298.826,2298.826
-6.357,-0.594,-0,55976.751,0,271,155.677,119.857,116.131,105.729,69.642,60.079,59.42,2298.831,2298.831,2298.831
-6.352,-0.554,-0,55977.433,0,271,155.675,119.891,116.189,105.812,69.656,60.119,59.46,2298.825,2298.825,2298.825
-6.348,-0.516,-0,55978.163,0,271,155.689,119.918,116.241,105.887,69.687,60.15,59.504,2298.828,2298.828,2298.828
-6.343,-0.476,-0,55978.841,0,271,155.695,119.95,116.291,105.965,69.716,60.207,59.548,2298.83,2298.83,2298.83
-6.336,-0.435,-0,55979.529,0,271,155.693,119.97,116.347,106.039,69.747,60.24,59.582,2298.818,2298.818,2298.818
-6.328,-0.39,-0,55980.239,0,271,155.703,120.007,116.398,106.106,69.771,60.286,59.622,2298.82,2298.82,2298.82
-6.322,-0.347,-0,55980.928,0,271,155.711,120.037,116.445,106.166,69.808,60.328,59.677,2298.823,2298.823,2298.823
-6.315,-0.309,-0,55981.631,0,271,155.726,120.07,116.503,106.236,69.854,60.368,59.72,2298.836,2298.836,2298.836
-6.31,-0.275,-0,55982.332,0,271,155.72,120.082,116.537,106.292,69.873,60.411,59.755,2298.819,2298.819,2298.819
-6.303,-0.24,-0,55983.033,0,271,155.743,120.116,116.59,106.353,69.917,60.464,59.819,2298.836,2298.836,2298.836
-6.298,-0.206,-0,55983.745,0,271,155.752,120.143,116.637,106.414,69.963,60.522,59.866,2298.843,2298.843,2298.843
-6.293,-0.178,-0,55984.443,0,271,155.76,120.168,116.683,106.466,70.008,60.558,59.902,2298.839,2298.839,2298.839
-6.289,-0.153,-0,55985.167,0,271,155.772,120.175,116.71,106.503,70.041,60.599,59.955,2298.831,2298.831,2298.831
-6.288,-0.124,-0,55985.851,0,271,155.779,120.184,116.743,106.546,70.084,60.644,60.002,2298.819,2298.819,2298.819
-6.285,-0.102,-0,55986.533,0,271,155.796,120.198,116.789,106.592,70.128,60.701,60.062,2298.831,2298.831,2298.831
-6.285,-0.086,-0,55987.234,0,271,155.817,120.213,116.824,106.628,70.18,60.759,60.113,2298.833,2298.833,2298.833
-6.285,-0.08,-0,55987.937,0,271,155.829,120.211,116.864,106.663,70.222,60.813,60.175,2298.831,2298.831,2298.831
-6.285,-0.074,-0,55988.634,0,271,155.848,120.211,116.891,106.707,70.26,60.867,60.238,2298.825,2298.825,2298.825
-6.284,-0.07,-0,55989.333,0,271,155.869,120.215,116.925,106.741,70.31,60.924,60.299,2298.834,2298.834,2298.834
-6.284,-0.069,-0,55990.053,0,271,155.894,120.216,116.952,106.769,70.364,60.993,60.36,2298.838,2298.838,2298.838
-6.282,-0.069,-0,55990.735,0,271,155.892,120.216,116.974,106.807,70.404,61.048,60.425,2298.836,2298.836,2298.836
-6.28,-0.067,-0,55991.432,0,271,155.909,120.229,116.993,106.824,70.454,61.095,60.46,2298.832,2298.832,2298.832
-6.279,-0.065,-0,55992.143,0,271,155.929,120.227,117.011,106.858,70.498,61.164,60.533,2298.831,2298.831,2298.831
-6.278,-0.063,-0,55992.831,0,271,155.942,120.248,117.038,106.898,70.56,61.217,60.588,2298.844,2298.844,2298.844
-6.277,-0.061,-0,55993.534,0,271,155.947,120.242,117.062,106.926,70.591,61.275,60.644,2298.835,2298.835,2298.835
-6.276,-0.059,-0,55994.233,0,271,155.953,120.242,117.077,106.946,70.642,61.335,60.706,2298.833,2298.833,2298.833
-6.278,-0.054,-0,55994.94,0,271,155.974,120.259,117.093,106.98,70.698,61.393,60.765,2298.839,2298.839,2298.839
-6.273,-0.049,-0,55995.633,0,271,155.988,120.263,117.114,107.01,70.746,61.44,60.821,2298.836,2298.836,2298.836
-6.271,-0.044,-0,55996.337,0,271,156.003,120.263,117.123,107.027,70.795,61.503,60.873,2298.838,2298.838,2298.838
-6.268,-0.04,-0,55997.036,0,271,156.022,120.262,117.14,107.054,70.849,61.546,60.925,2298.838,2298.838,2298.838
-6.265,-0.032,-0,55997.732,0,271,156.044,120.267,117.16,107.081,70.9,61.612,60.989,2298.849,2298.849,2298.849
-6.26,-0.027,-0,55998.442,0,271,156.068,120.263,117.173,107.098,70.942,61.668,61.041,2298.846,2298.846,2298.846
-6.255,-0.023,-0,55999.137,0,271,156.075,120.226,117.179,107.116,70.988,61.714,61.084,2298.832,2298.832,2298.832
-6.249,-0.02,-0,55999.831,0,271,156.097,120.205,117.183,107.14,71.021,61.762,61.14,2298.826,2298.826,2298.826
-6.243,-0.017,-0,56000.531,0,271,156.121,120.198,117.193,107.162,71.087,61.826,61.198,2298.836,2298.836,2298.836
-6.229,-0.014,-0,56001.232,0,271,156.15,120.14,117.21,107.185,71.12,61.879,61.263,2298.834,2298.834,2298.834
-6.21,-0.015,-0,56001.93,0,271,156.188,120.122,117.209,107.222,71.173,61.958,61.341,2298.851,2298.851,2298.851
-6.185,-0.015,-0,56002.634,0,271,156.201,120.097,117.223,107.242,71.2,62.025,61.42,2298.851,2298.851,2298.851
-6.168,-0.014,-0,56003.352,0,271,156.233,120.058,117.208,107.257,71.24,62.094,61.507,2298.845,2298.845,2298.845
-6.162,-0.016,-0,56004.031,0,271,156.244,120.026,117.2,107.28,71.284,62.18,61.608,2298.84,2298.84,2298.84
-6.152,-0.015,-0,56004.731,0,271,156.267,120.015,117.198,107.307,71.34,62.285,61.71,2298.847,2298.847,2298.847
-6.139,-0.015,-0,56005.445,0,271,156.296,119.988,117.193,107.328,71.378,62.37,61.809,2298.842,2298.842,2298.842
-6.124,-0.015,-0,56006.134,0,271,156.305,119.953,117.179,107.335,71.42,62.457,61.905,2298.827,2298.827,2298.827
-6.107,-0.015,-0,56006.856,0,271,156.333,119.944,117.167,107.364,71.473,62.57,62.02,2298.841,2298.841,2298.841
-6.089,-0.014,-0,56007.558,0,271,156.351,119.919,117.168,107.375,71.528,62.671,62.127,2298.835,2298.835,2298.835
-6.07,-0.015,-0,56008.229,0,271,156.354,119.902,117.165,107.39,71.584,62.781,62.245,2298.837,2298.837,2298.837
-6.045,-0.014,-0,56008.94,0,271,156.379,119.882,117.15,107.41,71.647,62.885,62.348,2298.838,2298.838,2298.838
-6.025,-0.015,-0,56009.638,0,271,156.399,119.854,117.135,107.429,71.708,62.996,62.455,2298.833,2298.833,2298.833
-6.01,-0.015,-0,56010.34,0,271,156.41,119.834,117.125,107.426,71.773,63.11,62.571,2298.829,2298.829,2298.829
-5.998,-0.016,-0,56011.04,0,271,156.439,119.826,117.123,107.463,71.845,63.216,62.692,2298.847,2298.847,2298.847
-5.989,-0.015,-0,56011.734,0,271,156.449,119.813,117.113,107.475,71.913,63.335,62.811,2298.847,2298.847,2298.847
-5.989,-0.015,-0,56012.433,0,271,156.472,119.799,117.094,107.478,71.975,63.43,62.916,2298.839,2298.839,2298.839
-5.99,-0.014,-0,56013.133,0,271,156.485,119.789,117.096,107.499,72.046,63.55,63.029,2298.852,2298.852,2298.852
-5.991,-0.015,-0,56013.837,0,271,156.498,119.763,117.084,107.504,72.131,63.662,63.144,2298.851,2298.851,2298.851
-5.992,-0.014,-0,56014.54,0,271,156.494,119.737,117.056,107.501,72.187,63.755,63.24,2298.819,2298.819,2298.819
-6.005,-0.014,-0,56014.632,0,271,156.526,119.731,117.061,107.533,72.272,63.883,63.363,2298.848,2298.848,2298.848
