pos,load,Var3,time,Var5,Var6,T_oven,T_Cu1,T_Cu2,T_Inco1,T_Inco2,T_Cu3,T_Cu4,Var14,Var15,Var16
-5.998,-0.008,-0,54545.146,0,271,149.402,72.6,70.075,64.34,52.093,48.313,47.997,2298.171,2298.171,2298.171
-5.995,-0.009,-0,54545.61,0,271,149.415,72.67,70.141,64.404,52.123,48.337,48.013,2298.159,2298.159,2298.159
-5.986,-0.009,-0,54546.311,0,271,149.425,72.756,70.237,64.494,52.189,48.397,48.076,2298.19,2298.19,2298.19
-5.982,-0.008,-0,54547.014,0,271,149.42,72.815,70.295,64.547,52.213,48.418,48.098,2298.164,2298.164,2298.164
-5.992,-0.008,-0,54547.711,0,271,149.45,72.877,70.388,64.615,52.265,48.454,48.151,2298.177,2298.177,2298.177
-6,-0.008,-0,54548.41,0,271,149.438,72.963,70.464,64.675,52.307,48.493,48.178,2298.17,2298.17,2298.17
-6.019,-0.009,-0,54549.115,0,271,149.459,73.045,70.546,64.754,52.347,48.539,48.231,2298.186,2298.186,2298.186
-6.028,-0.009,-0,54549.814,0,271,149.468,73.11,70.616,64.826,52.393,48.569,48.256,2298.178,2298.178,2298.178
-6.038,-0.008,-0,54550.511,0,271,149.461,73.182,70.692,64.891,52.435,48.601,48.297,2298.178,2298.178,2298.178
-6.046,-0.009,-0,54551.22,0,271,149.468,73.253,70.767,64.963,52.478,48.644,48.339,2298.178,2298.178,2298.178
-6.053,-0.008,-0,54551.921,0,271,149.466,73.326,70.844,65.025,52.513,48.682,48.369,2298.179,2298.179,2298.179
-6.082,-0.009,-0,54552.611,0,271,149.468,73.401,70.918,65.101,52.56,48.716,48.409,2298.178,2298.178,2298.178
-6.095,-0.009,-0,54553.317,0,271,149.471,73.469,70.993,65.156,52.597,48.747,48.44,2298.178,2298.178,2298.178
-6.109,-0.009,-0,54554.017,0,271,149.465,73.54,71.063,65.234,52.632,48.781,48.471,2298.167,2298.167,2298.167
-6.126,-0.008,-0,54554.71,0,271,149.471,73.621,71.126,65.303,52.668,48.816,48.494,2298.168,2298.168,2298.168
-6.14,-0.008,-0,54555.413,0,271,149.474,73.691,71.202,65.359,52.722,48.841,48.527,2298.169,2298.169,2298.169
-6.154,-0.008,-0,54556.121,0,271,149.474,73.77,71.277,65.438,52.759,48.877,48.556,2298.171,2298.171,2298.171
-6.165,-0.008,-0,54556.817,0,271,149.477,73.847,71.356,65.501,52.813,48.92,48.594,2298.184,2298.184,2298.184
-6.184,-0.008,-0,54557.518,0,271,149.48,73.922,71.425,65.563,52.851,48.944,48.62,2298.173,2298.173,2298.173
-6.201,-0.008,-0,54558.22,0,271,149.487,73.993,71.501,65.638,52.891,48.975,48.648,2298.179,2298.179,2298.179
-6.215,-0.009,-0,54558.915,0,271,149.492,74.07,71.568,65.709,52.933,49.003,48.665,2298.176,2298.176,2298.176
-6.228,-0.008,-0,54559.611,0,271,149.476,74.138,71.641,65.762,52.969,49.02,48.668,2298.163,2298.163,2298.163
-6.246,-0.009,-0,54560.31,0,271,149.496,74.211,71.721,65.829,53.021,49.042,48.695,2298.18,2298.18,2298.18
-6.251,-0.012,-0,54561.015,0,271,149.488,74.284,71.798,65.903,53.058,49.066,48.702,2298.178,2298.178,2298.178
-6.255,-0.021,-0,54561.711,0,271,149.492,74.369,71.876,65.987,53.104,49.089,48.723,2298.188,2298.188,2298.188
-6.259,-0.028,-0,54562.418,0,271,149.48,74.435,71.943,66.025,53.137,49.078,48.717,2298.177,2298.177,2298.177
-6.263,-0.04,-0,54563.116,0,271,149.475,74.533,72.005,66.096,53.178,49.084,48.722,2298.177,2298.177,2298.177
-6.27,-0.053,-0,54563.818,0,271,149.452,74.634,72.088,66.171,53.213,49.102,48.724,2298.18,2298.18,2298.18
-6.277,-0.065,-0,54564.519,0,271,149.414,74.757,72.158,66.23,53.235,49.094,48.721,2298.17,2298.17,2298.17
-6.285,-0.075,-0,54565.212,0,271,149.381,74.935,72.245,66.296,53.28,49.12,48.736,2298.191,2298.191,2298.191
-6.288,-0.085,-0,54565.917,0,271,149.307,75.117,72.315,66.35,53.3,49.104,48.734,2298.169,2298.169,2298.169
-6.289,-0.088,-0,54566.611,0,271,149.216,75.37,72.418,66.423,53.332,49.122,48.735,2298.174,2298.174,2298.174
-6.29,-0.092,-0,54567.324,0,271,149.126,75.647,72.51,66.488,53.373,49.129,48.754,2298.18,2298.18,2298.18
-6.29,-0.095,-0,54568.017,0,271,149.043,75.913,72.619,66.54,53.393,49.129,48.743,2298.164,2298.164,2298.164
-6.291,-0.099,-0,54568.717,0,271,148.984,76.165,72.756,66.617,53.436,49.145,48.758,2298.18,2298.18,2298.18
-6.291,-0.101,-0,54569.414,0,271,148.931,76.413,72.899,66.689,53.48,49.165,48.767,2298.195,2298.195,2298.195
-6.291,-0.105,-0,54570.126,0,271,148.875,76.642,73.05,66.756,53.513,49.178,48.774,2298.202,2298.202,2298.202
-6.29,-0.106,-0,54570.825,0,271,148.804,76.857,73.196,66.833,53.533,49.173,48.775,2298.194,2298.194,2298.194
-6.288,-0.11,-0,54571.518,0,271,148.76,77.053,73.348,66.906,53.561,49.177,48.78,2298.19,2298.19,2298.19
-6.287,-0.113,-0,54572.211,0,271,148.705,77.251,73.499,66.975,53.578,49.173,48.781,2298.178,2298.178,2298.178
-6.289,-0.119,-0,54572.919,0,271,148.66,77.448,73.654,67.059,53.62,49.171,48.786,2298.171,2298.171,2298.171
-6.287,-0.124,-0,54573.62,0,271,148.61,77.641,73.817,67.138,53.636,49.2,48.8,2298.175,2298.175,2298.175
-6.289,-0.131,-0,54574.323,0,271,148.57,77.838,73.977,67.237,53.66,49.199,48.803,2298.174,2298.174,2298.174
-6.292,-0.143,-0,54575.02,0,271,148.537,78.017,74.143,67.341,53.687,49.21,48.826,2298.18,2298.18,2298.18
-6.299,-0.177,-0,54575.717,0,271,148.485,78.184,74.311,67.425,53.716,49.223,48.826,2298.176,2298.176,2298.176
-6.314,-0.219,-0,54576.415,0,271,148.443,78.373,74.476,67.529,53.741,49.24,48.836,2298.18,2298.18,2298.18
-6.325,-0.266,-0,54577.121,0,271,148.401,78.558,74.646,67.622,53.776,49.247,48.857,2298.178,2298.178,2298.178
-6.335,-0.316,-0,54577.822,0,271,148.356,78.743,74.799,67.71,53.801,49.253,48.852,2298.176,2298.176,2298.176
-6.346,-0.364,-0,54578.515,0,271,148.314,78.958,74.977,67.812,53.846,49.265,48.859,2298.189,2298.189,2298.189
-6.356,-0.415,-0,54579.218,0,271,148.279,79.154,75.145,67.925,53.879,49.278,48.874,2298.192,2298.192,2298.192
-6.364,-0.467,-0,54579.921,0,271,148.226,79.341,75.304,68.01,53.906,49.264,48.868,2298.174,2298.174,2298.174
-6.373,-0.52,-0,54580.617,0,271,148.168,79.547,75.478,68.109,53.956,49.261,48.854,2298.172,2298.172,2298.172
-6.382,-0.575,-0,54581.313,0,271,148.119,79.765,75.658,68.226,54.016,49.286,48.881,2298.186,2298.186,2298.186
-6.39,-0.63,-0,54582.014,0,271,148.064,79.958,75.825,68.323,54.075,49.278,48.876,2298.175,2298.175,2298.175
-6.398,-0.683,-0,54582.727,0,271,148.022,80.182,76.003,68.436,54.146,49.289,48.877,2298.19,2298.19,2298.19
-6.404,-0.74,-0,54583.412,0,271,147.972,80.39,76.181,68.548,54.206,49.296,48.883,2298.193,2298.193,2298.193
-6.409,-0.795,-0,54584.118,0,271,147.912,80.585,76.347,68.641,54.274,49.286,48.867,2298.175,2298.175,2298.175
-6.415,-0.853,-0,54584.813,0,271,147.866,80.799,76.532,68.762,54.358,49.296,48.88,2298.183,2298.183,2298.183
-6.417,-0.909,-0,54585.515,0,271,147.817,81.001,76.703,68.88,54.443,49.297,48.881,2298.184,2298.184,2298.184
-6.427,-0.96,-0,54586.217,0,271,147.758,81.201,76.888,68.984,54.526,49.303,48.885,2298.173,2298.173,2298.173
-6.444,-1.021,-0,54586.934,0,271,147.715,81.414,77.076,69.097,54.621,49.304,48.885,2298.177,2298.177,2298.177
-6.455,-1.076,-0,54587.616,0,271,147.676,81.634,77.257,69.218,54.717,49.324,48.894,2298.184,2298.184,2298.184
-6.467,-1.128,-0,54588.324,0,271,147.62,81.835,77.434,69.328,54.802,49.324,48.897,2298.187,2298.187,2298.187
-6.478,-1.185,-0,54589.025,0,271,147.584,82.055,77.626,69.446,54.897,49.344,48.909,2298.202,2298.202,2298.202
-6.487,-1.246,-0,54589.721,0,271,147.536,82.267,77.815,69.555,54.97,49.347,48.921,2298.196,2298.196,2298.196
-6.493,-1.318,-0,54590.413,0,271,147.487,82.473,77.994,69.67,55.027,49.366,48.92,2298.196,2298.196,2298.196
-6.497,-1.394,-0,54591.119,0,271,147.423,82.678,78.179,69.772,55.074,49.366,48.921,2298.189,2298.189,2298.189
-6.499,-1.469,-0,54591.822,0,271,147.374,82.901,78.368,69.889,55.129,49.378,48.928,2298.186,2298.186,2298.186
-6.497,-1.556,-0,54592.519,0,271,147.321,83.121,78.554,70.014,55.164,49.382,48.943,2298.184,2298.184,2298.184
-6.505,-1.643,-0,54593.236,0,271,147.263,83.359,78.743,70.131,55.197,49.41,48.959,2298.2,2298.2,2298.2
-6.522,-1.717,-0,54593.915,0,271,147.215,83.584,78.93,70.254,55.209,49.413,48.969,2298.192,2298.192,2298.192
-6.535,-1.802,-0,54594.614,0,271,147.148,83.814,79.124,70.366,55.219,49.414,48.977,2298.188,2298.188,2298.188
-6.547,-1.891,-0,54595.318,0,271,147.1,84.028,79.303,70.485,55.241,49.426,48.973,2298.179,2298.179,2298.179
-6.556,-1.976,-0,54596.019,0,271,147.047,84.26,79.506,70.61,55.234,49.446,48.986,2298.178,2298.178,2298.178
-6.561,-2.063,-0,54596.714,0,271,147.005,84.489,79.706,70.746,55.253,49.455,49.004,2298.19,2298.19,2298.19
-6.566,-2.147,-0,54597.42,0,271,146.934,84.704,79.893,70.878,55.245,49.457,48.995,2298.182,2298.182,2298.182
-6.569,-2.23,-0,54598.124,0,271,146.912,84.939,80.111,71.037,55.255,49.479,49.021,2298.209,2298.209,2298.209
-6.573,-2.315,-0,54598.818,0,271,146.854,85.147,80.304,71.17,55.257,49.481,49.026,2298.196,2298.196,2298.196
-6.575,-2.379,-0,54599.515,0,271,146.801,85.36,80.504,71.301,55.246,49.49,49.024,2298.186,2298.186,2298.186
-6.575,-2.448,-0,54600.219,0,271,146.754,85.571,80.698,71.448,55.26,49.492,49.043,2298.192,2298.192,2298.192
-6.584,-2.514,-0,54600.92,0,271,146.716,85.785,80.897,71.59,55.265,49.501,49.04,2298.186,2298.186,2298.186
-6.595,-2.581,-0,54601.624,0,271,146.659,85.991,81.096,71.742,55.268,49.511,49.047,2298.182,2298.182,2298.182
-6.607,-2.649,-0,54602.318,0,271,146.616,86.192,81.303,71.897,55.267,49.512,49.05,2298.178,2298.178,2298.178
-6.616,-2.703,-0,54603.018,0,271,146.588,86.389,81.495,72.045,55.29,49.533,49.062,2298.188,2298.188,2298.188
-6.624,-2.764,-0,54603.727,0,271,146.54,86.592,81.699,72.206,55.301,49.517,49.069,2298.184,2298.184,2298.184
-6.631,-2.822,-0,54604.433,0,271,146.503,86.798,81.898,72.361,55.326,49.538,49.067,2298.186,2298.186,2298.186
-6.638,-2.876,-0,54605.117,0,271,146.466,86.977,82.095,72.51,55.357,49.537,49.075,2298.188,2298.188,2298.188
-6.645,-2.931,-0,54605.817,0,271,146.423,87.171,82.286,72.671,55.389,49.547,49.084,2298.197,2298.197,2298.197
-6.651,-2.994,-0,54606.515,0,271,146.395,87.358,82.479,72.839,55.406,49.563,49.093,2298.192,2298.192,2298.192
-6.658,-3.055,-0,54607.215,0,271,146.356,87.543,82.672,73.001,55.447,49.567,49.094,2298.194,2298.194,2298.194
-6.663,-3.11,-0,54607.916,0,271,146.324,87.726,82.865,73.149,55.483,49.566,49.114,2298.194,2298.194,2298.194
-6.668,-3.164,-0,54608.615,0,271,146.294,87.931,83.057,73.315,55.519,49.585,49.112,2298.207,2298.207,2298.207
-6.668,-3.218,-0,54609.327,0,271,146.245,88.11,83.243,73.462,55.557,49.586,49.122,2298.199,2298.199,2298.199
-6.673,-3.273,-0,54610.015,0,271,146.197,88.288,83.419,73.6,55.582,49.589,49.112,2298.168,2298.168,2298.168
-6.678,-3.323,-0,54610.72,0,271,146.175,88.49,83.617,73.772,55.641,49.603,49.133,2298.196,2298.196,2298.196
-6.688,-3.374,-0,54611.415,0,271,146.14,88.679,83.808,73.928,55.691,49.603,49.147,2298.197,2298.197,2298.197
-6.701,-3.431,-0,54612.117,0,271,146.109,88.864,83.999,74.083,55.736,49.618,49.142,2298.196,2298.196,2298.196
-6.712,-3.483,-0,54612.818,0,271,146.067,89.062,84.176,74.242,55.785,49.632,49.156,2298.197,2298.197,2298.197
-6.725,-3.539,-0,54613.521,0,271,146.026,89.255,84.364,74.401,55.852,49.638,49.169,2298.203,2298.203,2298.203
-6.734,-3.6,-0,54614.223,0,271,145.991,89.44,84.554,74.547,55.903,49.642,49.174,2298.195,2298.195,2298.195
-6.739,-3.653,-0,54614.922,0,271,145.966,89.637,84.734,74.706,55.958,49.676,49.2,2298.208,2298.208,2298.208
-6.742,-3.699,-0,54615.616,0,271,145.927,89.815,84.916,74.849,56.011,49.684,49.202,2298.204,2298.204,2298.204
-6.737,-3.746,-0,54616.325,0,271,145.892,89.999,85.09,74.993,56.06,49.676,49.202,2298.183,2298.183,2298.183
-6.736,-3.809,-0,54617.016,0,271,145.855,90.2,85.278,75.147,56.117,49.69,49.218,2298.194,2298.194,2298.194
-6.756,-3.873,-0,54617.729,0,271,145.816,90.393,85.468,75.29,56.183,49.711,49.23,2298.207,2298.207,2298.207
-6.769,-3.933,-0,54618.427,0,271,145.79,90.572,85.656,75.437,56.236,49.73,49.24,2298.196,2298.196,2298.196
-6.779,-4,-0,54619.117,0,271,145.759,90.764,85.841,75.59,56.294,49.742,49.26,2298.206,2298.206,2298.206
-6.781,-4.077,-0,54619.815,0,271,145.719,90.951,86.012,75.73,56.336,49.753,49.268,2298.202,2298.202,2298.202
-6.772,-4.152,-0,54620.527,0,271,145.685,91.143,86.191,75.888,56.385,49.763,49.273,2298.201,2298.201,2298.201
-6.785,-4.205,-0,54621.221,0,271,145.653,91.314,86.374,76.027,56.424,49.777,49.285,2298.195,2298.195,2298.195
-6.802,-4.272,-0,54621.922,0,271,145.619,91.513,86.557,76.178,56.474,49.802,49.308,2298.203,2298.203,2298.203
-6.809,-4.338,-0,54622.621,0,271,145.587,91.688,86.739,76.327,56.507,49.817,49.31,2298.196,2298.196,2298.196
-6.807,-4.38,-0,54623.322,0,271,145.541,91.885,86.919,76.466,56.539,49.827,49.323,2298.186,2298.186,2298.186
-6.807,-4.43,-0,54624.015,0,271,145.521,92.079,87.097,76.622,56.583,49.856,49.35,2298.202,2298.202,2298.202
-6.826,-4.483,-0,54624.72,0,271,145.489,92.26,87.282,76.769,56.635,49.856,49.348,2298.196,2298.196,2298.196
-6.829,-4.532,-0,54625.422,0,271,145.451,92.462,87.468,76.917,56.696,49.886,49.377,2298.206,2298.206,2298.206
-6.817,-4.581,-0,54626.116,0,271,145.428,92.635,87.646,77.066,56.74,49.897,49.39,2298.203,2298.203,2298.203
-6.832,-4.632,-0,54626.822,0,271,145.377,92.816,87.825,77.204,56.78,49.912,49.396,2298.189,2298.189,2298.189
-6.846,-4.678,-0,54627.516,0,271,145.366,93.018,88.016,77.371,56.85,49.93,49.425,2298.219,2298.219,2298.219
-6.843,-4.724,-0,54628.216,0,271,145.325,93.197,88.179,77.505,56.884,49.949,49.426,2298.196,2298.196,2298.196
-6.841,-4.772,-0,54628.925,0,271,145.296,93.392,88.382,77.673,56.938,49.981,49.457,2298.222,2298.222,2298.222
-6.86,-4.818,-0,54629.617,0,271,145.255,93.576,88.548,77.811,56.978,49.982,49.464,2298.199,2298.199,2298.199
-6.861,-4.861,-0,54630.316,0,271,145.226,93.752,88.719,77.954,57.04,49.994,49.476,2298.196,2298.196,2298.196
-6.847,-4.908,-0,54631.031,0,271,145.199,93.951,88.905,78.098,57.08,50.008,49.498,2298.198,2298.198,2298.198
-6.871,-4.942,-0,54631.715,0,271,145.167,94.14,89.086,78.258,57.132,50.041,49.511,2298.206,2298.206,2298.206
-6.876,-4.989,-0,54632.43,0,271,145.145,94.337,89.266,78.4,57.173,50.059,49.54,2298.212,2298.212,2298.212
-6.862,-5.034,-0,54633.116,0,271,145.114,94.523,89.448,78.554,57.231,50.094,49.56,2298.223,2298.223,2298.223
-6.88,-5.042,-0,54633.819,0,271,145.07,94.696,89.633,78.696,57.26,50.092,49.568,2298.203,2298.203,2298.203
-6.883,-5.043,-0,54634.544,0,271,145.032,94.889,89.796,78.845,57.322,50.12,49.589,2298.208,2298.208,2298.208
-6.863,-5.044,-0,54635.218,0,271,145.016,95.072,89.987,79.005,57.385,50.142,49.609,2298.221,2298.221,2298.221
-6.881,-5.045,-0,54635.923,0,271,144.983,95.265,90.172,79.156,57.435,50.167,49.642,2298.229,2298.229,2298.229
-6.88,-5.046,-0,54636.62,0,271,144.963,95.437,90.35,79.302,57.488,50.18,49.655,2298.224,2298.224,2298.224
-6.867,-5.046,-0,54637.322,0,271,144.918,95.588,90.52,79.444,57.532,50.205,49.674,2298.21,2298.21,2298.21
-6.93,-5.148,-0,54638.03,0,271,144.904,95.777,90.706,79.6,57.609,50.23,49.692,2298.222,2298.222,2298.222
-6.923,-5.092,-0,54638.717,0,271,144.878,95.958,90.878,79.742,57.871,50.245,49.722,2298.223,2298.223,2298.223
-6.907,-5.019,-0,54639.417,0,271,144.823,96.126,91.051,79.865,58.139,50.271,49.734,2298.204,2298.204,2298.204
-6.916,-4.973,-0,54640.135,0,271,144.798,96.318,91.218,80,58.361,50.286,49.754,2298.209,2298.209,2298.209
-6.903,-4.932,-0,54640.826,0,271,144.767,96.505,91.402,80.129,58.523,50.322,49.779,2298.213,2298.213,2298.213
-6.896,-4.881,-0,54641.523,0,271,144.737,96.677,91.571,80.248,58.654,50.351,49.802,2298.215,2298.215,2298.215
-6.898,-4.819,-0,54642.218,0,271,144.716,96.841,91.739,80.369,58.786,50.371,49.825,2298.213,2298.213,2298.213
-6.87,-4.764,-0,54642.916,0,271,144.687,97.004,91.905,80.48,58.887,50.413,49.853,2298.205,2298.205,2298.205
-6.884,-4.699,-0,54643.637,0,271,144.664,97.166,92.085,80.595,58.979,50.451,49.882,2298.204,2298.204,2298.204
-6.867,-4.634,-0,54644.327,0,271,144.657,97.335,92.245,80.714,59.076,50.481,49.924,2298.21,2298.21,2298.21
-6.865,-4.579,-0,54645.026,0,271,144.632,97.488,92.427,80.837,59.157,50.519,49.956,2298.22,2298.22,2298.22
-6.858,-4.517,-0,54645.72,0,271,144.623,97.652,92.585,80.952,59.234,50.564,49.994,2298.219,2298.219,2298.219
-6.841,-4.439,-0,54646.423,0,271,144.607,97.803,92.745,81.074,59.303,50.601,50.038,2298.219,2298.219,2298.219
-6.841,-4.351,-0,54647.125,0,271,144.593,97.959,92.91,81.198,59.383,50.645,50.071,2298.222,2298.222,2298.222
-6.811,-4.287,-0,54647.819,0,271,144.588,98.104,93.079,81.318,59.43,50.691,50.11,2298.225,2298.225,2298.225
-6.826,-4.234,-0,54648.518,0,271,144.558,98.243,93.236,81.436,59.481,50.735,50.145,2298.217,2298.217,2298.217
-6.799,-4.182,-0,54649.231,0,271,144.546,98.385,93.393,81.554,59.535,50.764,50.181,2298.214,2298.214,2298.214
-6.814,-4.125,-0,54649.919,0,271,144.536,98.534,93.546,81.682,59.596,50.81,50.226,2298.219,2298.219,2298.219
-6.784,-4.069,-0,54650.631,0,271,144.536,98.678,93.712,81.823,59.662,50.863,50.281,2298.239,2298.239,2298.239
-6.799,-4.01,-0,54651.321,0,271,144.508,98.816,93.852,81.934,59.717,50.907,50.31,2298.229,2298.229,2298.229
-6.771,-3.96,-0,54652.033,0,271,144.503,98.936,93.994,82.06,59.78,50.939,50.346,2298.213,2298.213,2298.213
-6.788,-3.921,-0,54652.729,0,271,144.48,99.074,94.149,82.193,59.832,50.974,50.395,2298.215,2298.215,2298.215
-6.762,-3.886,-0,54653.419,0,271,144.478,99.207,94.299,82.313,59.913,51.023,50.441,2298.22,2298.22,2298.22
-6.779,-3.834,-0,54654.143,0,271,144.466,99.33,94.451,82.447,59.975,51.067,50.483,2298.225,2298.225,2298.225
-6.753,-3.775,-0,54654.822,0,271,144.459,99.471,94.588,82.569,60.04,51.123,50.526,2298.227,2298.227,2298.227
-6.765,-3.72,-0,54655.527,0,271,144.444,99.59,94.727,82.693,60.093,51.152,50.563,2298.219,2298.219,2298.219
-6.75,-3.728,-0,54656.219,0,271,144.435,99.722,94.864,82.816,60.178,51.204,50.608,2298.218,2298.218,2298.218
-6.762,-3.7,-0,54656.917,0,271,144.424,99.843,95.008,82.947,60.246,51.247,50.655,2298.218,2298.218,2298.218
-6.748,-3.674,-0,54657.633,0,271,144.42,99.956,95.134,83.07,60.322,51.288,50.696,2298.215,2298.215,2298.215
-6.753,-3.635,-0,54658.326,0,271,144.416,100.093,95.275,83.185,60.396,51.339,50.748,2298.22,2298.22,2298.22
-6.742,-3.583,-0,54659.021,0,271,144.415,100.22,95.412,83.305,60.465,51.384,50.792,2298.222,2298.222,2298.222
-6.738,-3.553,-0,54659.72,0,271,144.396,100.337,95.544,83.421,60.545,51.43,50.829,2298.218,2298.218,2298.218
-6.742,-3.539,-0,54660.419,0,271,144.386,100.454,95.679,83.537,60.612,51.473,50.882,2298.212,2298.212,2298.212
-6.726,-3.513,-0,54661.123,0,271,144.393,100.588,95.813,83.672,60.697,51.525,50.936,2298.229,2298.229,2298.229
-6.736,-3.442,-0,54661.843,0,271,144.388,100.706,95.939,83.786,60.765,51.571,50.981,2298.222,2298.222,2298.222
-6.712,-3.408,-0,54662.528,0,271,144.392,100.837,96.091,83.912,60.849,51.634,51.031,2298.244,2298.244,2298.244
-6.733,-3.371,-0,54663.219,0,271,144.372,100.958,96.186,84.019,60.906,51.667,51.067,2298.22,2298.22,2298.22
-6.719,-3.319,-0,54663.94,0,271,144.348,101.066,96.312,84.135,60.991,51.697,51.106,2298.199,2298.199,2298.199
-6.723,-3.266,-0,54664.631,0,271,144.354,101.207,96.445,84.239,61.077,51.759,51.155,2298.216,2298.216,2298.216
-6.723,-3.223,-0,54665.325,0,271,144.35,101.327,96.572,84.364,61.162,51.813,51.214,2298.224,2298.224,2298.224
-6.716,-3.149,-0,54666.022,0,271,144.342,101.448,96.704,84.482,61.248,51.87,51.26,2298.227,2298.227,2298.227
-6.718,-3.063,-0,54666.721,0,271,144.333,101.555,96.82,84.591,61.334,51.909,51.309,2298.222,2298.222,2298.222
-6.689,-2.948,-0,54667.431,0,271,144.334,101.654,96.952,84.705,61.414,51.966,51.36,2298.227,2298.227,2298.227
-6.702,-2.847,-0,54668.12,0,271,144.331,101.753,97.079,84.809,61.472,52.011,51.407,2298.233,2298.233,2298.233
-6.676,-2.733,-0,54668.821,0,271,144.337,101.823,97.186,84.922,61.508,52.048,51.444,2298.214,2298.214,2298.214
-6.679,-2.621,-0,54669.536,0,271,144.357,101.91,97.293,85.046,61.574,52.106,51.49,2298.226,2298.226,2298.226
-6.655,-2.508,-0,54670.222,0,271,144.367,101.957,97.422,85.145,61.612,52.15,51.544,2298.221,2298.221,2298.221
-6.652,-2.402,-0,54670.948,0,271,144.366,102.042,97.535,85.252,61.681,52.206,51.591,2298.231,2298.231,2298.231
-6.632,-2.278,-0,54671.618,0,271,144.38,102.12,97.649,85.367,61.728,52.269,51.645,2298.234,2298.234,2298.234
-6.619,-2.156,-0,54672.322,0,271,144.384,102.192,97.739,85.476,61.777,52.299,51.683,2298.22,2298.22,2298.22
-6.606,-2.069,-0,54673.021,0,271,144.399,102.272,97.844,85.582,61.825,52.349,51.733,2298.218,2298.218,2298.218
-6.595,-1.974,-0,54673.732,0,271,144.396,102.343,97.946,85.704,61.89,52.398,51.793,2298.226,2298.226,2298.226
-6.584,-1.89,-0,54674.423,0,271,144.401,102.415,98.037,85.811,61.924,52.445,51.838,2298.219,2298.219,2298.219
-6.572,-1.816,-0,54675.126,0,271,144.409,102.501,98.14,85.927,61.971,52.503,51.895,2298.23,2298.23,2298.23
-6.563,-1.745,-0,54675.819,0,271,144.419,102.575,98.226,86.028,61.985,52.553,51.938,2298.227,2298.227,2298.227
-6.545,-1.672,-0,54676.523,0,271,144.438,102.651,98.316,86.141,61.965,52.607,51.994,2298.228,2298.228,2298.228
-6.54,-1.6,-0,54677.22,0,271,144.434,102.71,98.405,86.239,61.93,52.648,52.031,2298.214,2298.214,2298.214
-6.514,-1.532,-0,54677.922,0,271,144.445,102.807,98.515,86.359,61.895,52.705,52.093,2298.228,2298.228,2298.228
-6.519,-1.462,-0,54678.631,0,271,144.45,102.876,98.597,86.474,61.851,52.757,52.149,2298.234,2298.234,2298.234
-6.486,-1.392,-0,54679.331,0,271,144.464,102.96,98.698,86.587,61.805,52.806,52.193,2298.243,2298.243,2298.243
-6.495,-1.326,-0,54680.029,0,271,144.48,103.019,98.774,86.694,61.736,52.844,52.235,2298.225,2298.225,2298.225
-6.477,-1.255,-0,54680.723,0,271,144.49,103.1,98.878,86.826,61.693,52.906,52.295,2298.255,2298.255,2298.255
-6.467,-1.185,-0,54681.428,0,271,144.494,103.14,98.948,86.936,61.639,52.936,52.33,2298.231,2298.231,2298.231
-6.465,-1.125,-0,54682.121,0,271,144.496,103.213,99.031,87.069,61.601,52.989,52.38,2298.228,2298.228,2298.228
-6.443,-1.066,-0,54682.822,0,271,144.51,103.28,99.108,87.181,61.564,53.039,52.431,2298.23,2298.23,2298.23
-6.441,-1.012,-0,54683.53,0,271,144.521,103.343,99.195,87.301,61.527,53.079,52.476,2298.226,2298.226,2298.226
-6.44,-0.955,-0,54684.225,0,271,144.539,103.404,99.291,87.451,61.52,53.12,52.527,2298.238,2298.238,2298.238
-6.423,-0.908,-0,54684.925,0,271,144.548,103.45,99.367,87.592,61.51,53.167,52.573,2298.231,2298.231,2298.231
-6.417,-0.852,-0,54685.636,0,271,144.554,103.52,99.441,87.738,61.512,53.207,52.604,2298.234,2298.234,2298.234
-6.416,-0.799,-0,54686.323,0,271,144.568,103.573,99.522,87.898,61.498,53.246,52.656,2298.228,2298.228,2298.228
-6.404,-0.752,-0,54687.031,0,271,144.578,103.616,99.598,88.053,61.521,53.287,52.698,2298.222,2298.222,2298.222
-6.381,-0.705,-0,54687.722,0,271,144.606,103.678,99.693,88.223,61.54,53.33,52.755,2298.241,2298.241,2298.241
-6.389,-0.665,-0,54688.423,0,271,144.617,103.729,99.761,88.394,61.557,53.384,52.798,2298.236,2298.236,2298.236
-6.387,-0.612,-0,54689.123,0,271,144.635,103.764,99.818,88.544,61.577,53.421,52.838,2298.225,2298.225,2298.225
-6.379,-0.575,-0,54689.821,0,271,144.659,103.801,99.915,88.707,61.613,53.471,52.888,2298.233,2298.233,2298.233
-6.359,-0.516,-0,54690.526,0,271,144.664,103.849,99.973,88.849,61.635,53.507,52.93,2298.231,2298.231,2298.231
-6.343,-0.479,-0,54691.224,0,271,144.686,103.901,100.057,88.995,61.67,53.552,52.985,2298.235,2298.235,2298.235
-6.34,-0.444,-0,54691.923,0,271,144.703,103.941,100.129,89.132,61.724,53.594,53.026,2298.238,2298.238,2298.238
-6.344,-0.4,-0,54692.631,0,271,144.725,103.983,100.198,89.262,61.764,53.645,53.079,2298.243,2298.243,2298.243
-6.342,-0.36,-0,54693.322,0,271,144.746,104.03,100.266,89.379,61.815,53.69,53.126,2298.243,2298.243,2298.243
-6.341,-0.324,-0,54694.021,0,271,144.77,104.081,100.335,89.492,61.865,53.743,53.174,2298.247,2298.247,2298.247
-6.336,-0.289,-0,54694.723,0,271,144.765,104.126,100.405,89.594,61.909,53.792,53.224,2298.239,2298.239,2298.239
-6.326,-0.25,-0,54695.425,0,271,144.781,104.162,100.46,89.691,61.967,53.842,53.262,2298.238,2298.238,2298.238
-6.317,-0.217,-0,54696.125,0,271,144.795,104.214,100.523,89.8,62.031,53.881,53.321,2298.239,2298.239,2298.239
-6.309,-0.187,-0,54696.821,0,271,144.821,104.259,100.594,89.9,62.102,53.944,53.373,2298.245,2298.245,2298.245
-6.3,-0.157,-0,54697.529,0,271,144.842,104.294,100.653,89.982,62.154,53.986,53.426,2298.238,2298.238,2298.238
-6.293,-0.129,-0,54698.225,0,271,144.856,104.332,100.712,90.066,62.218,54.043,53.476,2298.236,2298.236,2298.236
-6.293,-0.107,-0,54698.929,0,271,144.869,104.355,100.764,90.149,62.278,54.099,53.538,2298.223,2298.223,2298.223
-6.299,-0.086,-0,54699.63,0,271,144.897,104.399,100.833,90.243,62.359,54.163,53.593,2298.234,2298.234,2298.234
-6.301,-0.077,-0,54700.334,0,271,144.92,104.416,100.874,90.319,62.44,54.202,53.664,2298.232,2298.232,2298.232
-6.304,-0.07,-0,54701.026,0,271,144.941,104.446,100.935,90.402,62.52,54.269,53.715,2298.236,2298.236,2298.236
-6.306,-0.067,-0,54701.733,0,271,144.971,104.47,100.994,90.49,62.599,54.346,53.79,2298.25,2298.25,2298.25
-6.307,-0.066,-0,54702.439,0,271,144.997,104.501,101.04,90.567,62.669,54.409,53.851,2298.25,2298.25,2298.25
-6.307,-0.066,-0,54703.124,0,271,145.015,104.508,101.093,90.634,62.735,54.471,53.914,2298.244,2298.244,2298.244
-6.306,-0.063,-0,54703.826,0,271,145.032,104.539,101.136,90.708,62.819,54.533,53.973,2298.254,2298.254,2298.254
-6.304,-0.06,-0,54704.547,0,271,145.042,104.57,101.173,90.776,62.874,54.583,54.028,2298.239,2298.239,2298.239
-6.302,-0.059,-0,54705.232,0,271,145.062,104.59,101.219,90.84,62.952,54.653,54.086,2298.232,2298.232,2298.232
-6.301,-0.057,-0,54705.926,0,271,145.084,104.624,101.269,90.913,63.016,54.715,54.164,2298.247,2298.247,2298.247
-6.298,-0.054,-0,54706.62,0,271,145.107,104.648,101.313,90.973,63.098,54.779,54.225,2298.246,2298.246,2298.246
-6.294,-0.05,-0,54707.336,0,271,145.129,104.681,101.359,91.051,63.165,54.85,54.29,2298.246,2298.246,2298.246
-6.291,-0.046,-0,54708.025,0,271,145.145,104.705,101.399,91.107,63.226,54.901,54.349,2298.241,2298.241,2298.241
-6.287,-0.041,-0,54708.722,0,271,145.16,104.738,101.428,91.162,63.302,54.964,54.412,2298.24,2298.24,2298.24
-6.282,-0.036,-0,54709.432,0,271,145.175,104.764,101.481,91.232,63.372,55.024,54.469,2298.24,2298.24,2298.24
-6.276,-0.031,-0,54710.122,0,271,145.211,104.796,101.514,91.289,63.451,55.097,54.531,2298.251,2298.251,2298.251
-6.27,-0.025,-0,54710.828,0,271,145.232,104.783,101.542,91.344,63.497,55.14,54.578,2298.223,2298.223,2298.223
-6.263,-0.02,-0,54711.522,0,271,145.281,104.795,101.598,91.414,63.587,55.216,54.662,2298.252,2298.252,2298.252
-6.257,-0.018,-0,54712.224,0,271,145.297,104.778,101.63,91.477,63.656,55.278,54.721,2298.249,2298.249,2298.249
-6.253,-0.012,-0,54712.949,0,271,145.337,104.752,101.648,91.54,63.723,55.33,54.775,2298.238,2298.238,2298.238
-6.24,-0.009,-0,54713.625,0,271,145.382,104.73,101.68,91.601,63.804,55.411,54.846,2298.244,2298.244,2298.244
-6.22,-0.009,-0,54714.326,0,271,145.418,104.692,101.7,91.658,63.875,55.472,54.914,2298.24,2298.24,2298.24
-6.197,-0.008,-0,54715.025,0,271,145.451,104.666,101.725,91.723,63.941,55.536,54.997,2298.234,2298.234,2298.234
-6.177,-0.01,-0,54715.723,0,271,145.502,104.652,101.754,91.793,64.022,55.626,55.09,2298.253,2298.253,2298.253
-6.172,-0.009,-0,54716.442,0,271,145.525,104.619,101.754,91.843,64.078,55.702,55.161,2298.24,2298.24,2298.24
-6.161,-0.008,-0,54717.124,0,271,145.564,104.604,101.773,91.894,64.145,55.792,55.268,2298.24,2298.24,2298.24
-6.151,-0.009,-0,54717.824,0,271,145.61,104.596,101.79,91.945,64.218,55.881,55.367,2298.255,2298.255,2298.255
-6.137,-0.008,-0,54718.535,0,271,145.629,104.581,101.797,92,64.278,55.971,55.458,2298.248,2298.248,2298.248
-6.122,-0.009,-0,54719.221,0,271,145.667,104.568,101.814,92.046,64.356,56.071,55.564,2298.259,2298.259,2298.259
-6.105,-0.01,-0,54719.928,0,271,145.685,104.547,101.81,92.079,64.411,56.166,55.649,2298.237,2298.237,2298.237
-6.08,-0.009,-0,54720.639,0,271,145.717,104.536,101.811,92.124,64.482,56.257,55.753,2298.245,2298.245,2298.245
-6.06,-0.009,-0,54721.324,0,271,145.742,104.531,101.825,92.17,64.565,56.367,55.869,2298.253,2298.253,2298.253
-6.034,-0.009,-0,54722.023,0,271,145.77,104.515,101.822,92.207,64.627,56.456,55.957,2298.245,2298.245,2298.245
-6.019,-0.009,-0,54722.739,0,271,145.806,104.519,101.822,92.242,64.707,56.561,56.065,2298.255,2298.255,2298.255
-6.012,-0.009,-0,54723.423,0,271,145.827,104.504,101.832,92.272,64.77,56.667,56.173,2298.249,2298.249,2298.249
-6,-0.009,-0,54724.13,0,271,145.851,104.505,101.84,92.313,64.858,56.761,56.28,2298.256,2298.256,2298.256
-6,-0.008,-0,54724.838,0,271,145.88,104.486,101.834,92.332,64.925,56.861,56.369,2298.252,2298.252,2298.252
-6,-0.009,-0,54725.525,0,271,145.906,104.483,101.841,92.381,65.003,56.96,56.467,2298.25,2298.25,2298.25
-6,-0.009,-0,54726.232,0,271,145.922,104.481,101.838,92.412,65.071,57.066,56.576,2298.255,2298.255,2298.255
-5.958,-0.009,-0,54726.931,0,271,145.958,104.475,101.837,92.437,65.149,57.17,56.682,2298.257,2298.257,2298.257
-5.957,-0.009,-0,54727.633,0,271,145.969,104.471,101.847,92.469,65.225,57.265,56.778,2298.255,2298.255,2298.255
-5.96,-0.009,-0,54728.323,0,271,145.997,104.464,101.845,92.48,65.304,57.364,56.876,2298.247,2298.247,2298.247
-5.973,-0.009,-0,54729.023,0,271,146.016,104.465,101.847,92.519,65.371,57.464,56.993,2298.252,2298.252,2298.252
-5.988,-0.01,-0,54729.739,0,271,146.056,104.454,101.843,92.541,65.463,57.563,57.073,2298.25,2298.25,2298.25
-6.002,-0.009,-0,54730.423,0,271,146.079,104.456,101.853,92.568,65.532,57.659,57.183,2298.252,2298.252,2298.252
-6.018,-0.009,-0,54731.129,0,271,146.1,104.459,101.854,92.605,65.614,57.76,57.283,2298.259,2298.259,2298.259
-6.034,-0.009,-0,54731.825,0,271,146.116,104.448,101.836,92.611,65.679,57.861,57.371,2298.239,2298.239,2298.239
-6.053,-0.009,-0,54732.523,0,271,146.141,104.456,101.862,92.654,65.77,57.965,57.479,2298.264,2298.264,2298.264
-6.075,-0.009,-0,54733.231,0,271,146.168,104.441,101.859,92.675,65.846,58.053,57.575,2298.261,2298.261,2298.261
-6.088,-0.009,-0,54733.932,0,271,146.189,104.45,101.855,92.694,65.916,58.142,57.66,2298.254,2298.254,2298.254
-6.104,-0.009,-0,54734.638,0,271,146.201,104.449,101.861,92.716,65.986,58.228,57.736,2298.255,2298.255,2298.255
-6.112,-0.009,-0,54735.342,0,271,146.216,104.451,101.859,92.743,66.067,58.319,57.829,2298.253,2298.253,2298.253
-6.118,-0.009,-0,54736.028,0,271,146.249,104.449,101.86,92.776,66.152,58.414,57.926,2298.266,2298.266,2298.266
-6.139,-0.009,-0,54736.738,0,271,146.254,104.442,101.862,92.778,66.22,58.495,57.996,2298.244,2298.244,2298.244
-6.165,-0.009,-0,54737.429,0,271,146.268,104.434,101.87,92.8,66.288,58.576,58.068,2298.246,2298.246,2298.246
-6.181,-0.009,-0,54738.133,0,271,146.301,104.441,101.868,92.832,66.355,58.654,58.155,2298.251,2298.251,2298.251
-6.187,-0.009,-0,54738.836,0,271,146.316,104.435,101.867,92.845,66.437,58.733,58.225,2298.253,2298.253,2298.253
-6.198,-0.009,-0,54739.523,0,271,146.326,104.432,101.882,92.871,66.51,58.807,58.291,2298.251,2298.251,2298.251
-6.226,-0.009,-0,54740.232,0,271,146.344,104.427,101.893,92.909,66.59,58.873,58.349,2298.254,2298.254,2298.254
-6.236,-0.013,-0,54740.929,0,271,146.371,104.433,101.897,92.926,66.66,58.942,58.412,2298.256,2298.256,2298.256
-6.231,-0.019,-0,54741.626,0,271,146.381,104.431,101.885,92.936,66.715,58.987,58.446,2298.249,2298.249,2298.249
-6.229,-0.028,-0,54742.331,0,271,146.406,104.438,101.909,92.966,66.795,59.045,58.491,2298.261,2298.261,2298.261
-6.248,-0.045,-0,54743.024,0,271,146.402,104.454,101.905,92.977,66.859,59.076,58.525,2298.255,2298.255,2298.255
-6.256,-0.058,-0,54743.736,0,271,146.387,104.47,101.893,92.982,66.908,59.118,58.556,2298.235,2298.235,2298.235
-6.251,-0.07,-0,54744.426,0,271,146.391,104.54,101.895,93.001,66.969,59.156,58.595,2298.254,2298.254,2298.254
-6.245,-0.081,-0,54745.124,0,271,146.366,104.62,101.921,93.008,67.027,59.207,58.644,2298.258,2298.258,2298.258
-6.258,-0.085,-0,54745.832,0,271,146.339,104.734,101.928,93.006,67.09,59.232,58.672,2298.258,2298.258,2298.258
-6.262,-0.086,-0,54746.524,0,271,146.313,104.824,101.943,93.021,67.135,59.271,58.702,2298.259,2298.259,2298.259
-6.251,-0.09,-0,54747.229,0,271,146.286,104.904,101.969,93.013,67.187,59.301,58.736,2298.248,2298.248,2298.248
-6.252,-0.095,-0,54747.951,0,271,146.3,104.987,102,93.029,67.235,59.345,58.776,2298.262,2298.262,2298.262
-6.262,-0.099,-0,54748.624,0,271,146.274,105.051,102.041,93.045,67.279,59.376,58.803,2298.252,2298.252,2298.252
-6.259,-0.106,-0,54749.333,0,271,146.272,105.129,102.082,93.06,67.337,59.418,58.848,2298.267,2298.267,2298.267
-6.244,-0.108,-0,54750.034,0,271,146.26,105.193,102.121,93.061,67.374,59.451,58.876,2298.255,2298.255,2298.255
-6.26,-0.111,-0,54750.728,0,271,146.251,105.267,102.157,93.097,67.415,59.483,58.907,2298.256,2298.256,2298.256
-6.264,-0.114,-0,54751.439,0,271,146.242,105.316,102.202,93.106,67.479,59.523,58.94,2298.257,2298.257,2298.257
-6.252,-0.122,-0,54752.125,0,271,146.246,105.382,102.251,93.142,67.515,59.557,58.996,2298.269,2298.269,2298.269
-6.261,-0.124,-0,54752.825,0,271,146.221,105.428,102.297,93.155,67.551,59.588,59.012,2298.247,2298.247,2298.247
-6.275,-0.128,-0,54753.539,0,271,146.227,105.499,102.346,93.183,67.603,59.632,59.056,2298.264,2298.264,2298.264
-6.277,-0.15,-0,54754.228,0,271,146.21,105.551,102.389,93.214,67.627,59.664,59.087,2298.255,2298.255,2298.255
-6.27,-0.183,-0,54754.927,0,271,146.203,105.602,102.433,93.233,67.674,59.706,59.123,2298.25,2298.25,2298.25
-6.295,-0.222,-0,54755.626,0,271,146.191,105.66,102.49,93.261,67.705,59.731,59.161,2298.255,2298.255,2298.255
-6.305,-0.265,-0,54756.34,0,271,146.195,105.72,102.542,93.284,67.747,59.781,59.196,2298.26,2298.26,2298.26
-6.298,-0.309,-0,54757.026,0,271,146.187,105.774,102.584,93.304,67.773,59.8,59.213,2298.251,2298.251,2298.251
-6.314,-0.357,-0,54757.73,0,271,146.17,105.847,102.636,93.319,67.821,59.836,59.246,2298.262,2298.262,2298.262
-6.332,-0.407,-0,54758.448,0,271,146.159,105.92,102.689,93.337,67.861,59.857,59.273,2298.261,2298.261,2298.261
-6.336,-0.456,-0,54759.144,0,271,146.138,105.978,102.728,93.342,67.895,59.883,59.286,2298.25,2298.25,2298.25
-6.33,-0.507,-0,54759.828,0,271,146.147,106.053,102.786,93.364,67.944,59.919,59.317,2298.274,2298.274,2298.274
-6.349,-0.559,-0,54760.548,0,271,146.127,106.11,102.84,93.364,67.981,59.928,59.326,2298.259,2298.259,2298.259
-6.365,-0.609,-0,54761.231,0,271,146.107,106.19,102.884,93.376,68.018,59.939,59.336,2298.246,2298.246,2298.246
-6.373,-0.664,-0,54761.935,0,271,146.109,106.266,102.942,93.389,68.076,59.967,59.361,2298.262,2298.262,2298.262
-6.37,-0.716,-0,54762.636,0,271,146.093,106.311,103.011,93.405,68.123,59.988,59.374,2298.264,2298.264,2298.264
-6.378,-0.777,-0,54763.331,0,271,146.073,106.404,103.049,93.417,68.193,59.998,59.382,2298.254,2298.254,2298.254
-6.398,-0.824,-0,54764.047,0,271,146.065,106.477,103.112,93.448,68.267,60.026,59.411,2298.272,2298.272,2298.272
-6.409,-0.877,-0,54764.727,0,271,146.064,106.539,103.161,93.467,68.326,60.03,59.412,2298.264,2298.264,2298.264
-6.415,-0.933,-0,54765.435,0,271,146.043,106.624,103.222,93.498,68.402,60.045,59.428,2298.265,2298.265,2298.265
-6.419,-0.99,-0,54766.129,0,271,146.027,106.688,103.286,93.532,68.477,60.063,59.437,2298.266,2298.266,2298.266
-6.413,-1.039,-0,54766.832,0,271,146.02,106.761,103.345,93.565,68.542,60.077,59.455,2298.263,2298.263,2298.263
-6.433,-1.1,-0,54767.536,0,271,146.01,106.838,103.403,93.6,68.622,60.097,59.47,2298.268,2298.268,2298.268
-6.448,-1.155,-0,54768.226,0,271,146.009,106.916,103.465,93.649,68.706,60.119,59.492,2298.278,2298.278,2298.278
-6.459,-1.211,-0,54768.929,0,271,145.995,106.993,103.521,93.686,68.783,60.139,59.509,2298.28,2298.28,2298.28
-6.467,-1.27,-0,54769.633,0,271,145.973,107.061,103.584,93.713,68.855,60.145,59.505,2298.267,2298.267,2298.267
-6.47,-1.337,-0,54770.327,0,271,145.954,107.135,103.643,93.757,68.933,60.151,59.517,2298.258,2298.258,2298.258
-6.467,-1.41,-0,54771.047,0,271,145.943,107.213,103.71,93.795,69.013,60.177,59.537,2298.267,2298.267,2298.267
-6.472,-1.489,-0,54771.73,0,271,145.922,107.284,103.766,93.832,69.092,60.195,59.556,2298.261,2298.261,2298.261
-6.49,-1.565,-0,54772.43,0,271,145.921,107.359,103.833,93.879,69.158,60.214,59.567,2298.264,2298.264,2298.264
-6.503,-1.641,-0,54773.146,0,271,145.917,107.441,103.907,93.922,69.216,60.237,59.589,2298.281,2298.281,2298.281
-6.513,-1.728,-0,54773.831,0,271,145.894,107.518,103.959,93.963,69.267,60.244,59.599,2298.271,2298.271,2298.271
-6.523,-1.811,-0,54774.529,0,271,145.881,107.597,104.031,93.994,69.302,60.269,59.618,2298.266,2298.266,2298.266
-6.526,-1.891,-0,54775.231,0,271,145.857,107.681,104.097,94.04,69.336,60.271,59.62,2298.266,2298.266,2298.266
-6.524,-1.978,-0,54775.93,0,271,145.839,107.786,104.17,94.093,69.368,60.299,59.645,2298.275,2298.275,2298.275
-6.529,-2.07,-0,54776.639,0,271,145.812,107.878,104.227,94.134,69.386,60.314,59.648,2298.266,2298.266,2298.266
-6.548,-2.154,-0,54777.326,0,271,145.795,107.975,104.302,94.18,69.401,60.335,59.67,2298.269,2298.269,2298.269
-6.562,-2.247,-0,54778.03,0,271,145.772,108.071,104.376,94.228,69.407,60.339,59.687,2298.268,2298.268,2298.268
-6.574,-2.344,-0,54778.735,0,271,145.755,108.17,104.446,94.29,69.429,60.366,59.698,2298.274,2298.274,2298.274
-6.578,-2.432,-0,54779.44,0,271,145.726,108.257,104.518,94.322,69.414,60.364,59.7,2298.257,2298.257,2298.257
-6.574,-2.503,-0,54780.126,0,271,145.717,108.352,104.597,94.393,69.42,60.39,59.718,2298.267,2298.267,2298.267
-6.567,-2.563,-0,54780.826,0,271,145.711,108.444,104.685,94.452,69.432,60.411,59.749,2298.282,2298.282,2298.282
-6.585,-2.634,-0,54781.527,0,271,145.685,108.534,104.754,94.498,69.429,60.405,59.743,2298.269,2298.269,2298.269
-6.599,-2.7,-0,54782.236,0,271,145.669,108.619,104.835,94.56,69.425,60.426,59.749,2298.262,2298.262,2298.262
-6.602,-2.695,-0,54782.932,0,271,145.651,108.711,104.921,94.637,69.463,60.446,59.777,2298.285,2298.285,2298.285
-6.594,-2.72,-0,54783.643,0,271,145.635,108.803,105.001,94.691,69.48,60.461,59.793,2298.287,2298.287,2298.287
-6.589,-2.785,-0,54784.326,0,271,145.614,108.883,105.069,94.759,69.489,60.457,59.784,2298.277,2298.277,2298.277
-6.612,-2.847,-0,54785.03,0,271,145.601,108.969,105.155,94.819,69.497,60.475,59.808,2298.276,2298.276,2298.276
-6.624,-2.908,-0,54785.738,0,271,145.586,109.047,105.243,94.889,69.515,60.494,59.813,2298.277,2298.277,2298.277
-6.623,-2.963,-0,54786.427,0,271,145.574,109.122,105.325,94.962,69.535,60.495,59.827,2298.284,2298.284,2298.284
-6.616,-3.015,-0,54787.136,0,271,145.562,109.199,105.4,95.04,69.567,60.506,59.829,2298.284,2298.284,2298.284
-6.64,-3.068,-0,54787.828,0,271,145.54,109.271,105.475,95.091,69.569,60.515,59.836,2298.267,2298.267,2298.267
-6.651,-3.127,-0,54788.559,0,271,145.535,109.35,105.553,95.179,69.609,60.529,59.867,2298.29,2298.29,2298.29
-6.647,-3.18,-0,54789.233,0,271,145.502,109.406,105.627,95.226,69.623,60.528,59.855,2298.262,2298.262,2298.262
-6.652,-3.233,-0,54789.927,0,271,145.511,109.487,105.708,95.305,69.654,60.544,59.88,2298.279,2298.279,2298.279
-6.67,-3.284,-0,54790.636,0,271,145.489,109.556,105.778,95.367,69.671,60.554,59.881,2298.265,2298.265,2298.265
-6.672,-3.331,-0,54791.334,0,271,145.481,109.618,105.854,95.451,69.699,60.574,59.889,2298.272,2298.272,2298.272
-6.67,-3.379,-0,54792.055,0,271,145.45,109.681,105.926,95.504,69.711,60.567,59.899,2298.257,2298.257,2298.257
-6.691,-3.421,-0,54792.734,0,271,145.45,109.764,106.011,95.577,69.744,60.59,59.915,2298.265,2298.265,2298.265
-6.69,-3.471,-0,54793.433,0,271,145.441,109.827,106.087,95.646,69.794,60.588,59.925,2298.271,2298.271,2298.271
-6.694,-3.523,-0,54794.157,0,271,145.431,109.91,106.156,95.71,69.828,60.621,59.936,2298.272,2298.272,2298.272
-6.712,-3.587,-0,54794.833,0,271,145.409,109.989,106.209,95.775,69.854,60.629,59.938,2298.263,2298.263,2298.263
-6.7,-3.645,-0,54795.545,0,271,145.407,110.065,106.301,95.832,69.895,60.642,59.967,2298.278,2298.278,2298.278
-6.722,-3.704,-0,54796.234,0,271,145.402,110.128,106.369,95.896,69.927,60.65,59.973,2298.271,2298.271,2298.271
-6.73,-3.764,-0,54796.931,0,271,145.381,110.21,106.442,95.961,69.956,60.665,59.979,2298.272,2298.272,2298.272
-6.726,-3.817,-0,54797.636,0,271,145.378,110.287,106.522,96.02,69.99,60.675,59.989,2298.272,2298.272,2298.272
-6.746,-3.872,-0,54798.329,0,271,145.378,110.364,106.6,96.093,70.038,60.709,60.017,2298.288,2298.288,2298.288
-6.731,-3.937,-0,54799.027,0,271,145.353,110.45,106.674,96.149,70.066,60.721,60.033,2298.289,2298.289,2298.289
-6.76,-3.989,-0,54799.73,0,271,145.339,110.508,106.727,96.199,70.094,60.72,60.025,2298.267,2298.267,2298.267
-6.747,-4.045,-0,54800.436,0,271,145.332,110.595,106.825,96.272,70.136,60.742,60.043,2298.276,2298.276,2298.276
-6.772,-4.116,-0,54801.13,0,271,145.307,110.67,106.883,96.307,70.164,60.744,60.058,2298.263,2298.263,2298.263
-6.764,-4.187,-0,54801.833,0,271,145.315,110.761,106.969,96.381,70.216,60.766,60.091,2298.291,2298.291,2298.291
-6.782,-4.254,-0,54802.533,0,271,145.297,110.833,107.036,96.432,70.234,60.78,60.087,2298.276,2298.276,2298.276
-6.781,-4.304,-0,54803.251,0,271,145.286,110.909,107.103,96.499,70.266,60.794,60.1,2298.279,2298.279,2298.279
-6.794,-4.365,-0,54803.933,0,271,145.269,110.976,107.175,96.546,70.277,60.802,60.109,2298.268,2298.268,2298.268
-6.782,-4.423,-0,54804.632,0,271,145.262,111.063,107.257,96.625,70.318,60.838,60.133,2298.293,2298.293,2298.293
-6.808,-4.485,-0,54805.327,0,271,145.244,111.142,107.331,96.67,70.334,60.844,60.136,2298.283,2298.283,2298.283
-6.792,-4.538,-0,54806.029,0,271,145.224,111.208,107.392,96.739,70.364,60.852,60.154,2298.272,2298.272,2298.272
-6.82,-4.593,-0,54806.728,0,271,145.218,111.298,107.478,96.79,70.396,60.864,60.176,2298.282,2298.282,2298.282
-6.808,-4.64,-0,54807.435,0,271,145.196,111.369,107.556,96.849,70.411,60.874,60.183,2298.274,2298.274,2298.274
-6.827,-4.692,-0,54808.141,0,271,145.196,111.456,107.615,96.916,70.443,60.893,60.198,2298.279,2298.279,2298.279
-6.824,-4.741,-0,54808.837,0,271,145.177,111.535,107.694,96.984,70.465,60.916,60.221,2298.289,2298.289,2298.289
-6.831,-4.793,-0,54809.546,0,271,145.171,111.603,107.765,97.044,70.489,60.929,60.231,2298.283,2298.283,2298.283
-6.841,-4.841,-0,54810.228,0,271,145.165,111.69,107.847,97.102,70.519,60.941,60.258,2298.292,2298.292,2298.292
-6.828,-4.892,-0,54810.933,0,271,145.151,111.764,107.913,97.165,70.536,60.97,60.268,2298.29,2298.29,2298.29
-6.853,-4.937,-0,54811.646,0,271,145.133,111.841,107.999,97.224,70.557,60.978,60.275,2298.285,2298.285,2298.285
-6.843,-4.978,-0,54812.332,0,271,145.126,111.915,108.072,97.295,70.586,60.993,60.29,2298.287,2298.287,2298.287
-6.856,-5.012,-0,54813.037,0,271,145.099,111.983,108.133,97.349,70.589,60.994,60.293,2298.267,2298.267,2298.267
-6.858,-5.021,-0,54813.73,0,271,145.092,112.074,108.224,97.422,70.608,61.022,60.322,2298.286,2298.286,2298.286
-6.842,-5.022,-0,54814.43,0,271,145.072,112.14,108.284,97.474,70.627,61.031,60.336,2298.278,2298.278,2298.278
-6.862,-5.023,-0,54815.14,0,271,145.067,112.232,108.372,97.551,70.66,61.062,60.357,2298.296,2298.296,2298.296
-6.848,-5.022,-0,54815.834,0,271,145.061,112.308,108.444,97.616,70.691,61.084,60.378,2298.302,2298.302,2298.302
-6.855,-5.023,-0,54816.529,0,271,145.05,112.379,108.515,97.674,70.701,61.086,60.378,2298.288,2298.288,2298.288
-6.86,-5.022,-0,54817.23,0,271,145.035,112.442,108.58,97.733,70.716,61.097,60.394,2298.282,2298.282,2298.282
-6.84,-5.023,-0,54817.929,0,271,145.016,112.518,108.66,97.808,70.738,61.108,60.41,2298.283,2298.283,2298.283
-6.9,-5.098,-0,54818.634,0,271,145.011,112.598,108.73,97.867,70.772,61.123,60.432,2298.288,2298.288,2298.288
-6.897,-5.096,-0,54819.333,0,271,145.002,112.675,108.794,97.924,70.979,61.145,60.444,2298.287,2298.287,2298.287
-6.897,-5.087,-0,54820.058,0,271,144.985,112.758,108.872,97.975,71.339,61.168,60.462,2298.292,2298.292,2298.292
-6.904,-5.031,-0,54820.749,0,271,144.986,112.838,108.96,98.019,71.626,61.187,60.483,2298.302,2298.302,2298.302
-6.881,-4.963,-0,54821.434,0,271,144.956,112.916,109.017,98.044,71.828,61.201,60.491,2298.284,2298.284,2298.284
-6.885,-4.907,-0,54822.135,0,271,144.937,112.996,109.098,98.07,71.978,61.225,60.511,2298.28,2298.28,2298.28
-6.884,-4.864,-0,54822.83,0,271,144.938,113.072,109.165,98.1,72.109,61.252,60.541,2298.291,2298.291,2298.291
-6.858,-4.817,-0,54823.538,0,271,144.915,113.139,109.232,98.115,72.218,61.283,60.56,2298.281,2298.281,2298.281
-6.871,-4.746,-0,54824.238,0,271,144.917,113.224,109.305,98.144,72.304,61.31,60.58,2298.29,2298.29,2298.29
-6.861,-4.689,-0,54824.931,0,271,144.901,113.292,109.382,98.166,72.36,61.335,60.607,2298.285,2298.285,2298.285
-6.837,-4.63,-0,54825.633,0,271,144.904,113.363,109.462,98.203,72.414,61.389,60.647,2298.301,2298.301,2298.301
-6.85,-4.569,-0,54826.336,0,271,144.889,113.427,109.522,98.222,72.434,61.405,60.675,2298.285,2298.285,2298.285
-6.84,-4.512,-0,54827.035,0,271,144.884,113.477,109.587,98.24,72.475,61.443,60.699,2298.281,2298.281,2298.281
-6.814,-4.449,-0,54827.73,0,271,144.892,113.565,109.662,98.29,72.496,61.479,60.752,2298.309,2298.309,2298.309
-6.823,-4.377,-0,54828.434,0,271,144.883,113.613,109.725,98.304,72.501,61.52,60.761,2298.286,2298.286,2298.286
-6.817,-4.308,-0,54829.147,0,271,144.872,113.682,109.791,98.346,72.493,61.545,60.799,2298.291,2298.291,2298.291
-6.795,-4.251,-0,54829.831,0,271,144.875,113.75,109.858,98.386,72.486,61.578,60.838,2298.296,2298.296,2298.296
-6.794,-4.178,-0,54830.544,0,271,144.863,113.798,109.917,98.424,72.462,61.619,60.862,2298.288,2298.288,2298.288
-6.794,-4.105,-0,54831.237,0,271,144.867,113.851,109.987,98.484,72.46,61.647,60.898,2298.293,2298.293,2298.293
-6.781,-4.044,-0,54831.931,0,271,144.849,113.909,110.033,98.52,72.433,61.665,60.937,2298.285,2298.285,2298.285
-6.759,-3.98,-0,54832.644,0,271,144.859,113.971,110.108,98.58,72.433,61.716,60.973,2298.3,2298.3,2298.3
-6.771,-3.931,-0,54833.341,0,271,144.84,114.022,110.169,98.628,72.425,61.742,60.997,2298.303,2298.303,2298.303
-6.765,-3.875,-0,54834.037,0,271,144.835,114.072,110.218,98.671,72.409,61.767,61.029,2298.288,2298.288,2298.288
-6.745,-3.824,-0,54834.731,0,271,144.835,114.127,110.283,98.736,72.402,61.802,61.07,2298.296,2298.296,2298.296
-6.749,-3.791,-0,54835.431,0,271,144.832,114.182,110.341,98.796,72.407,61.827,61.089,2298.292,2298.292,2298.292
-6.754,-3.778,-0,54836.132,0,271,144.827,114.242,110.416,98.86,72.415,61.868,61.129,2298.31,2298.31,2298.31
-6.742,-3.78,-0,54836.841,0,271,144.826,114.301,110.472,98.916,72.422,61.9,61.172,2298.317,2298.317,2298.317
-6.74,-3.754,-0,54837.543,0,271,144.823,114.352,110.538,98.986,72.459,61.925,61.185,2298.316,2298.316,2298.316
-6.75,-3.721,-0,54838.234,0,271,144.809,114.408,110.583,99.031,72.487,61.944,61.21,2298.301,2298.301,2298.301
-6.742,-3.688,-0,54838.933,0,271,144.811,114.475,110.654,99.095,72.511,61.98,61.252,2298.315,2298.315,2298.315
-6.722,-3.649,-0,54839.645,0,271,144.793,114.53,110.698,99.143,72.538,61.992,61.264,2298.293,2298.293,2298.293
-6.736,-3.603,-0,54840.346,0,271,144.787,114.602,110.746,99.198,72.576,62.029,61.285,2298.298,2298.298,2298.298
-6.733,-3.563,-0,54841.031,0,271,144.773,114.651,110.809,99.25,72.589,62.04,61.302,2298.282,2298.282,2298.282
-6.71,-3.52,-0,54841.731,0,271,144.757,114.729,110.874,99.313,72.618,62.074,61.33,2298.297,2298.297,2298.297
-6.719,-3.464,-0,54842.432,0,271,144.751,114.788,110.92,99.363,72.636,62.104,61.359,2298.292,2298.292,2298.292
-6.723,-3.412,-0,54843.138,0,271,144.756,114.844,110.996,99.44,72.662,62.132,61.388,2298.305,2298.305,2298.305
-6.709,-3.369,-0,54843.838,0,271,144.744,114.901,111.049,99.483,72.695,62.148,61.423,2298.296,2298.296,2298.296
-6.71,-3.318,-0,54844.541,0,271,144.736,114.95,111.11,99.54,72.729,62.174,61.434,2298.295,2298.295,2298.295
-6.718,-3.283,-0,54845.231,0,271,144.73,114.994,111.159,99.592,72.769,62.203,61.46,2298.296,2298.296,2298.296
-6.709,-3.218,-0,54845.936,0,271,144.741,115.058,111.223,99.651,72.82,62.236,61.496,2298.312,2298.312,2298.312
-6.691,-3.133,-0,54846.638,0,271,144.725,115.086,111.267,99.704,72.872,62.242,61.509,2298.277,2298.277,2298.277
-6.702,-3.047,-0,54847.334,0,271,144.746,115.126,111.341,99.766,72.969,62.286,61.55,2298.305,2298.305,2298.305
-6.696,-2.969,-0,54848.038,0,271,144.744,115.169,111.396,99.827,73.055,62.31,61.58,2298.316,2298.316,2298.316
-6.672,-2.862,-0,54848.734,0,271,144.745,115.178,111.445,99.867,73.121,62.332,61.602,2298.302,2298.302,2298.302
-6.67,-2.742,-0,54849.441,0,271,144.751,115.205,111.491,99.917,73.193,62.366,61.623,2298.289,2298.289,2298.289
-6.663,-2.626,-0,54850.143,0,271,144.769,115.224,111.549,99.976,73.253,62.401,61.663,2298.312,2298.312,2298.312
-6.64,-2.523,-0,54850.845,0,271,144.778,115.251,111.6,100.023,73.28,62.434,61.696,2298.313,2298.313,2298.313
-6.628,-2.409,-0,54851.538,0,271,144.776,115.258,111.629,100.065,73.292,62.454,61.713,2298.299,2298.299,2298.299
-6.622,-2.281,-0,54852.242,0,271,144.781,115.295,111.677,100.113,73.31,62.492,61.751,2298.307,2298.307,2298.307
-6.601,-2.185,-0,54852.934,0,271,144.786,115.331,111.732,100.176,73.321,62.54,61.797,2298.317,2298.317,2298.317
-6.583,-2.095,-0,54853.637,0,271,144.787,115.355,111.758,100.208,73.334,62.569,61.819,2298.307,2298.307,2298.307
-6.588,-2.005,-0,54854.343,0,271,144.785,115.387,111.805,100.258,73.341,62.608,61.867,2298.312,2298.312,2298.312
-6.57,-1.922,-0,54855.039,0,271,144.79,115.414,111.838,100.308,73.326,62.636,61.893,2298.3,2298.3,2298.3
-6.549,-1.848,-0,54855.734,0,271,144.79,115.445,111.89,100.368,73.316,62.682,61.937,2298.312,2298.312,2298.312
-6.552,-1.772,-0,54856.433,0,271,144.812,115.477,111.916,100.413,73.292,62.713,61.97,2298.324,2298.324,2298.324
-6.534,-1.704,-0,54857.137,0,271,144.8,115.488,111.942,100.447,73.213,62.73,61.995,2298.292,2298.292,2298.292
-6.507,-1.624,-0,54857.845,0,271,144.8,115.519,111.986,100.51,73.151,62.776,62.031,2298.304,2298.304,2298.304
-6.513,-1.558,-0,54858.561,0,271,144.828,115.556,112.019,100.571,73.073,62.806,62.066,2298.309,2298.309,2298.309
-6.503,-1.487,-0,54859.235,0,271,144.826,115.581,112.057,100.64,73.004,62.839,62.105,2298.321,2298.321,2298.321
-6.48,-1.424,-0,54859.94,0,271,144.823,115.605,112.094,100.697,72.928,62.858,62.13,2298.312,2298.312,2298.312
-6.469,-1.344,-0,54860.645,0,271,144.829,115.647,112.126,100.763,72.861,62.899,62.162,2298.317,2298.317,2298.317
-6.47,-1.275,-0,54861.36,0,271,144.833,115.669,112.152,100.847,72.795,62.917,62.195,2298.31,2298.31,2298.31
-6.461,-1.219,-0,54862.05,0,271,144.837,115.685,112.189,100.934,72.74,62.942,62.215,2298.307,2298.307,2298.307
-6.443,-1.156,-0,54862.733,0,271,144.838,115.72,112.233,101.035,72.704,62.966,62.251,2298.305,2298.305,2298.305
-6.426,-1.111,-0,54863.435,0,271,144.838,115.742,112.272,101.143,72.666,63.007,62.273,2298.307,2298.307,2298.307
-6.43,-1.057,-0,54864.136,0,271,144.837,115.763,112.313,101.272,72.638,63.028,62.302,2298.31,2298.31,2298.31
-6.429,-1.001,-0,54864.833,0,271,144.844,115.787,112.343,101.383,72.593,63.057,62.335,2298.307,2298.307,2298.307
-6.42,-0.948,-0,54865.557,0,271,144.858,115.796,112.373,101.505,72.576,63.071,62.356,2298.304,2298.304,2298.304
-6.406,-0.889,-0,54866.245,0,271,144.869,115.825,112.412,101.626,72.567,63.1,62.398,2298.322,2298.322,2298.322
-6.391,-0.852,-0,54866.937,0,271,144.885,115.818,112.453,101.744,72.552,63.124,62.421,2298.31,2298.31,2298.31
-6.379,-0.799,-0,54867.641,0,271,144.894,115.831,112.497,101.88,72.543,63.153,62.464,2298.33,2298.33,2298.33
-6.38,-0.748,-0,54868.356,0,271,144.901,115.837,112.523,102,72.524,63.18,62.482,2298.316,2298.316,2298.316
-6.375,-0.697,-0,54869.032,0,271,144.917,115.85,112.565,102.125,72.534,63.207,62.524,2298.324,2298.324,2298.324
-6.371,-0.666,-0,54869.75,0,271,144.921,115.845,112.591,102.234,72.519,63.221,62.548,2298.307,2298.307,2298.307
-6.365,-0.621,-0,54870.445,0,271,144.937,115.852,112.616,102.35,72.527,63.263,62.582,2298.317,2298.317,2298.317
-6.358,-0.577,-0,54871.134,0,271,144.94,115.862,112.652,102.457,72.542,63.299,62.617,2298.318,2298.318,2298.318
-6.354,-0.533,-0,54871.832,0,271,144.951,115.866,112.686,102.554,72.558,63.323,62.637,2298.31,2298.31,2298.31
-6.345,-0.482,-0,54872.551,0,271,144.96,115.889,112.715,102.649,72.579,63.362,62.679,2298.318,2298.318,2298.318
-6.335,-0.436,-0,54873.245,0,271,144.975,115.895,112.74,102.723,72.599,63.393,62.713,2298.319,2298.319,2298.319
-6.33,-0.397,-0,54873.933,0,271,144.99,115.914,112.785,102.8,72.623,63.428,62.753,2298.329,2298.329,2298.329
-6.326,-0.362,-0,54874.643,0,271,145.002,115.916,112.802,102.87,72.646,63.466,62.79,2298.324,2298.324,2298.324
-6.322,-0.329,-0,54875.355,0,271,145.001,115.931,112.834,102.936,72.673,63.498,62.83,2298.325,2298.325,2298.325
-6.316,-0.292,-0,54876.032,0,271,145.011,115.926,112.851,102.987,72.701,63.526,62.86,2298.316,2298.316,2298.316
-6.31,-0.257,-0,54876.759,0,271,145.021,115.934,112.883,103.026,72.72,63.565,62.89,2298.318,2298.318,2298.318
-6.306,-0.224,-0,54877.451,0,271,145.017,115.942,112.886,103.068,72.75,63.59,62.934,2298.307,2298.307,2298.307
-6.299,-0.19,-0,54878.137,0,271,145.039,115.96,112.93,103.11,72.792,63.642,62.979,2298.322,2298.322,2298.322
-6.295,-0.16,-0,54878.836,0,271,145.044,115.953,112.945,103.154,72.821,63.685,63.018,2298.312,2298.312,2298.312
-6.288,-0.13,-0,54879.536,0,271,145.079,115.959,112.98,103.189,72.863,63.732,63.072,2298.328,2298.328,2298.328
-6.281,-0.106,-0,54880.24,0,271,145.084,115.96,112.998,103.22,72.913,63.766,63.119,2298.322,2298.322,2298.322
-6.272,-0.088,-0,54880.958,0,271,145.093,115.953,113.009,103.237,72.944,63.81,63.162,2298.312,2298.312,2298.312
-6.27,-0.078,-0,54881.64,0,271,145.104,115.95,113.026,103.28,72.995,63.865,63.216,2298.315,2298.315,2298.315
-6.269,-0.071,-0,54882.362,0,271,145.129,115.945,113.047,103.305,73.036,63.914,63.277,2298.318,2298.318,2298.318
-6.277,-0.067,-0,54883.045,0,271,145.137,115.95,113.052,103.318,73.085,63.967,63.329,2298.327,2298.327,2298.327
-6.278,-0.065,-0,54883.736,0,271,145.15,115.946,113.067,103.353,73.13,64.025,63.385,2298.328,2298.328,2298.328
-6.282,-0.065,-0,54884.434,0,271,145.157,115.936,113.078,103.385,73.172,64.068,63.427,2298.319,2298.319,2298.319
-6.284,-0.062,-0,54885.137,0,271,145.168,115.937,113.09,103.404,73.219,64.112,63.481,2298.315,2298.315,2298.315
-6.284,-0.061,-0,54885.837,0,271,145.185,115.929,113.094,103.426,73.255,64.162,63.532,2298.311,2298.311,2298.311
-6.285,-0.059,-0,54886.543,0,271,145.203,115.941,113.108,103.455,73.314,64.224,63.583,2298.326,2298.326,2298.326
-6.284,-0.058,-0,54887.242,0,271,145.217,115.944,113.125,103.477,73.352,64.277,63.632,2298.329,2298.329,2298.329
-6.28,-0.054,-0,54887.967,0,271,145.219,115.939,113.134,103.493,73.398,64.332,63.684,2298.32,2298.32,2298.32
-6.272,-0.049,-0,54888.635,0,271,145.228,115.947,113.136,103.517,73.442,64.37,63.728,2298.32,2298.32,2298.32
-6.26,-0.043,-0,54889.337,0,271,145.246,115.945,113.139,103.521,73.494,64.431,63.783,2298.324,2298.324,2298.324
-6.249,-0.039,-0,54890.045,0,271,145.246,115.937,113.153,103.553,73.532,64.483,63.837,2298.32,2298.32,2298.32
-6.254,-0.034,-0,54890.737,0,271,145.262,115.935,113.16,103.57,73.579,64.539,63.877,2298.328,2298.328,2298.328
-6.253,-0.03,-0,54891.444,0,271,145.276,115.939,113.168,103.596,73.628,64.585,63.937,2298.334,2298.334,2298.334
-6.25,-0.025,-0,54892.148,0,271,145.304,115.923,113.171,103.62,73.669,64.628,63.985,2298.328,2298.328,2298.328
-6.243,-0.02,-0,54892.836,0,271,145.319,115.908,113.166,103.623,73.723,64.671,64.035,2298.324,2298.324,2298.324
-6.231,-0.016,-0,54893.539,0,271,145.346,115.883,113.177,103.664,73.766,64.721,64.091,2298.326,2298.326,2298.326
-6.215,-0.01,-0,54894.239,0,271,145.36,115.834,113.175,103.67,73.818,64.776,64.135,2298.317,2298.317,2298.317
-6.212,-0.009,-0,54894.937,0,271,145.382,115.795,113.169,103.694,73.858,64.818,64.183,2298.304,2298.304,2298.304
-6.202,-0.009,-0,54895.634,0,271,145.416,115.75,113.176,103.72,73.914,64.883,64.26,2298.315,2298.315,2298.315
-6.186,-0.01,-0,54896.338,0,271,145.453,115.721,113.175,103.754,73.962,64.955,64.333,2298.325,2298.325,2298.325
-6.164,-0.009,-0,54897.041,0,271,145.461,115.675,113.157,103.762,74.001,65.031,64.421,2298.315,2298.315,2298.315
-6.138,-0.01,-0,54897.735,0,271,145.5,115.648,113.153,103.799,74.057,65.113,64.509,2298.327,2298.327,2298.327
-6.137,-0.01,-0,54898.44,0,271,145.526,115.61,113.143,103.814,74.11,65.198,64.607,2298.325,2298.325,2298.325
-6.127,-0.009,-0,54899.135,0,271,145.559,115.589,113.142,103.849,74.168,65.299,64.718,2298.354,2298.354,2298.354
-6.108,-0.01,-0,54899.835,0,271,145.55,115.543,113.119,103.84,74.201,65.374,64.797,2298.315,2298.315,2298.315
-6.086,-0.01,-0,54900.546,0,271,145.596,115.524,113.102,103.868,74.263,65.482,64.9,2298.334,2298.334,2298.334
-6.064,-0.009,-0,54901.244,0,271,145.594,115.487,113.082,103.865,74.296,65.566,64.989,2298.312,2298.312,2298.312
-6.058,-0.009,-0,54901.966,0,271,145.629,115.468,113.072,103.887,74.36,65.671,65.106,2298.329,2298.329,2298.329
-6.045,-0.01,-0,54902.635,0,271,145.642,115.445,113.051,103.895,74.407,65.77,65.208,2298.328,2298.328,2298.328
-6.031,-0.01,-0,54903.339,0,271,145.668,115.426,113.04,103.907,74.477,65.86,65.308,2298.327,2298.327,2298.327
-6.015,-0.009,-0,54904.039,0,271,145.68,115.401,113.02,103.914,74.528,65.979,65.419,2298.338,2298.338,2298.338
-6.012,-0.009,-0,54904.742,0,271,145.69,115.364,112.996,103.919,74.584,66.065,65.519,2298.325,2298.325,2298.325
-6.011,-0.009,-0,54905.445,0,271,145.712,115.336,112.994,103.922,74.646,66.17,65.625,2298.328,2298.328,2298.328
-6.009,-0.01,-0,54906.135,0,271,145.739,115.316,112.974,103.93,74.71,66.279,65.729,2298.331,2298.331,2298.331
-5.993,-0.01,-0,54906.741,0,271,145.756,115.299,112.954,103.939,74.779,66.374,65.826,2298.336,2298.336,2298.336
