time,T_Cu1,T_Cu2,T_Inco1,T_Inco2,T_Cu3,T_Cu4
1,150.004720855296,145.936296754893,125.209221618384,48.9247636705773,26.2142376390144,25.0012198368374
2,150.006086879056,145.939718870303,125.163847125135,48.9767570481885,26.2169365605998,24.9991760800576
3,149.994404802244,145.951606624146,125.084704184622,49.038731315775,26.2184829039648,24.9993944806264
4,150.006200637842,145.946364651791,124.977195692111,49.1040923853783,26.2222862127888,24.9997419982966
5,150.001985388693,145.953727648771,124.850702011,49.1771482049814,26.2246871763871,24.9989349869239
6,149.993963106075,145.943674246571,124.721131715784,49.2616850990814,26.2274944163184,25.0004602401674
7,149.996677473283,145.94097023089,124.582529295634,49.3466480521404,26.2311629006432,24.9997559708317
8,150.000703222788,145.936813053809,124.443901110853,49.4409999922462,26.2369249005522,25.0012070880035
9,150.006862602532,145.92888474033,124.285175798721,49.5408512232521,26.2406003943855,24.9997554599631
10,150.006973328028,145.906475036626,124.143616949264,49.6425099940375,26.2446581579951,25.000301679868
11,149.994864196225,145.90487268741,123.990196937137,49.7517234323512,26.2507204404891,24.9991359245137
12,150.007058891726,145.887128605005,123.836460156327,49.8608404462335,26.2537650626638,24.9997033630111
13,150.006857504224,145.866124677721,123.684887324205,49.9760437072913,26.2608544193971,24.9991528349296
14,149.999780634731,145.847524103667,123.540234708166,50.0923596797945,26.2664443536495,25.0006452810783
15,150.004504207033,145.828957624679,123.395433107334,50.2092536782491,26.2717812442991,25.0009277778048
16,149.994628295079,145.807497343329,123.247957935161,50.3269137878451,26.2767376016326,24.9996269418622
17,149.998826419239,145.790507870323,123.113396024182,50.44947595394,26.2839003203556,25.0004638392719
18,150.006236032878,145.770223204789,122.971434721493,50.5718170452402,26.2893015810575,24.9994853715844
19,150.004383109943,145.754124010576,122.838851517874,50.6934772362092,26.2951322831984,25.0000765732596
20,150.006892386396,145.733075941112,122.709780099597,50.8158463814372,26.3016701331958,25.0008310584657
21,150.002336110487,145.710118837402,122.577269645139,50.9418307857419,26.3098441260037,25.0002437254797
22,149.993035675179,145.685517789495,122.452356287396,51.062489077384,26.3140880288001,24.9995882783268
23,150.005236939588,145.671198590933,122.334005773238,51.187147024764,26.3209662130195,24.9994980625583
24,150.006509898716,145.646673587756,122.210358645977,51.3064130783804,26.3269024592314,24.9998814813539
25,150.002681027323,145.623768186327,122.100792991142,51.4295120892974,26.3343510391094,24.999806614133
26,150.003866101959,145.61233177262,121.98921442644,51.5479720596686,26.3396335867554,24.9996490157949
27,150.003646987022,145.591694357854,121.875445640013,51.6695815279881,26.3483484701243,25.0001457979997
28,149.998383405293,145.567542598653,121.762793280668,51.7878021017522,26.3528563848881,25.0006063634143
29,150.002332168353,145.54951646293,121.660433019012,51.9032647129342,26.3588984688093,24.9998108369591
30,149.995067800317,145.530267191548,121.551935871909,52.0186979379497,26.3657317825518,24.9998233894714
31,150.00309069132,145.50637035996,121.46142434196,52.1367561761143,26.3723427856057,24.9990621818968
32,149.992977492696,145.4897169738,121.363289068914,52.2513975369576,26.3775721078624,24.9988110850401
33,149.996653844774,145.474538364678,121.267047756093,52.3606525142293,26.386035447823,24.9994754631628
34,149.993192570859,145.4537619588,121.167043800426,52.4736214708692,26.3903288510637,24.9995438014572
35,149.993956976719,145.445777853309,121.07998614273,52.5822007072424,26.3962159178349,25.0003842253349
36,150.004851867425,145.419783479447,120.984037315115,52.6926915306208,26.401506383938,25.0011423398102
37,150.002922429345,145.404048806826,120.901871700741,52.7993579093784,26.4079727695818,25.001089327182
38,149.997256492201,145.387412076507,120.815386054098,52.9017629638062,26.4130796353427,24.9998947158346
39,150.006753330733,145.372753179741,120.730272356192,53.009599654498,26.419992811223,24.9993511959921
40,149.993016691208,145.360629521725,120.64895885537,53.1130085960375,26.426297114039,25.0006597448607
41,149.999081165395,145.344001602617,120.572074618711,53.2117771514825,26.4315070755509,25.0006483184578
42,149.998223376856,145.338405489613,120.489912060531,53.3136122931477,26.4355568913629,25.0006016201624
43,150.003982751822,145.31705666817,120.419347331024,53.410471492101,26.4409390344197,25.0006092208537
44,150.004427998517,145.299613513559,120.342671188121,53.5051733534019,26.4481124968029,24.9990148010418
45,149.995303089068,145.296492700843,120.271679288803,53.6010219700359,26.4537086785671,25.0004539010762
46,149.999846465937,145.284281784326,120.199411452232,53.6963430308564,26.457910045745,24.9999081514465
47,149.999183793011,145.263401766598,120.127689855709,53.7910065901315,26.4618964126901,24.9992804080131
48,150.002194695152,145.245885217612,120.050722307204,53.8828774204843,26.4688298177244,24.9989962968442
49,150.003140472463,145.235521129152,119.982673751375,53.9727856577466,26.4725029130896,25.0008089361848
50,150.00382030023,145.22545876358,119.918393167579,54.0589964690514,26.4772779534597,24.9991875243435
51,149.996640376155,145.216151295727,119.854774020002,54.1475949983106,26.4832963187133,24.9991589247745
52,150.002695540153,145.199540287311,119.791197964825,54.2313135443249,26.4860969225377,25.000414968041
53,150.00232647006,145.192928644421,119.724241541124,54.3162671083273,26.4908777125466,25.0009859734384
54,149.994939176028,145.183158900936,119.666193898355,54.3999672406607,26.4971299602199,25.0000413955209
55,149.994284965223,145.164916980484,119.60297513957,54.4852387261917,26.5015022166933,25.0005067557674
56,149.99997546078,145.1524661569,119.544911118141,54.5653277709225,26.5057730090606,24.9991339759415
57,150.006896159378,145.144323972116,119.479542560465,54.6435361425698,26.5107223803999,25.0011336426747
58,149.9976057859,145.13408582509,119.417822094151,54.7238907427527,26.5150072968215,25.0001022102031
59,150.001279016265,145.125235043105,119.356798106161,54.7995018687661,26.5194840639885,25.0004493347455
60,149.995857179092,145.116241560832,119.305249381529,54.8753543306934,26.5223924126908,24.9988414075451
61,150.00376900589,145.100071355142,119.250468830039,54.9549558143248,26.5276201412836,25.0007730096282
62,149.996326426732,145.092758233666,119.190223430756,55.0274821887965,26.5313532089585,25.0006215471794
63,150.000089355775,145.09084555383,119.131001595628,55.1025447168097,26.5349615437948,24.999050467545
64,150.00298615084,145.070071688909,119.078562092317,55.1732191465671,26.538046745884,25.0000626129119
65,150.005863548788,145.073690881163,119.023391497855,55.2434954425691,26.543869919373,24.9995645840719
66,150.006889371378,145.061518518179,118.971763085078,55.3146534623699,26.546553972786,25.0001161235998
67,150.000708232949,145.048855127403,118.921174691408,55.3838648072799,26.5510743365621,24.999747201881
68,149.994579366642,145.041133066613,118.870373845124,55.452338604755,26.5551763105238,24.9997877334665
69,149.994739410083,145.027284359131,118.818336870032,55.5137402617217,26.5571797763758,24.9992018444006
70,149.996362623812,145.021720866702,118.772703158628,55.5844721889568,26.5608814903254,24.9993884668512
71,150.00511075884,145.02037502569,118.718455957172,55.6480556604735,26.5655899562877,24.9988013394366
72,149.996314232685,145.00579553794,118.674081942008,55.714225534318,26.5689564354149,25.0010591890316
73,150.004714272391,144.996992340141,118.621591443901,55.7748131400368,26.5735204229116,25.0003842497225
74,149.996152874531,144.984471904539,118.57707588551,55.8368207475421,26.5767152680864,25.0010815339301
75,150.006438954348,144.979985537984,118.520803949325,55.9000265282185,26.5799332378053,24.9991587809213
76,149.99774975649,144.973830503775,118.478716635119,55.9573735019749,26.5814599358897,25.0010527431397
77,149.995448928756,144.966613903153,118.427397104841,56.0186041831721,26.5848128499188,25.0007366447135
78,149.99626625787,144.954584535563,118.385695150857,56.0797613361405,26.588104471594,25.0001934854918
79,150.001740670142,144.946353992455,118.340226183625,56.1360272884035,26.5931973826393,24.9998500889894
80,149.999599332734,144.947616570806,118.287541384276,56.1948542888087,26.5967437940237,24.9993940343418
81,149.997774892606,144.926201850699,118.244955836707,56.250790487452,26.5991728249984,25.0006298659847
82,150.004962429418,144.930928705623,118.200256271862,56.3057078923123,26.6007818303709,24.9993216737053
83,150.001278961367,144.923866189971,118.16161394365,56.3588287121177,26.6053881214137,24.9989104677185
84,150.000745854124,144.914782349651,118.120252114887,56.4154985448918,26.6067532378946,25.0006683237769
85,150.006257904957,144.89737013597,118.071333462058,56.4657966452971,26.6097267574782,25.0004280054634
86,149.996787585282,144.892508433861,118.033890521653,56.521748668109,26.6140347442814,25.000538031287
87,150.003858003437,144.886424758485,117.990473804742,56.5741480404992,26.616081929432,25.0003551520711
88,150.003805936414,144.884341432349,117.94082082856,56.6260652440779,26.6197867842026,24.9997976207341
89,149.998206687705,144.869473507325,117.906478395996,56.6778445785507,26.6228435436596,24.9997269052055
90,150.001017324611,144.871017854525,117.862967805597,56.7285831845168,26.6251686196669,25.0007903502572
91,149.993637814343,144.855256390745,117.850062999666,56.7686157890302,26.6283121656857,24.9995435696591
92,149.99330925178,144.856599316392,117.847853792254,56.7959559570632,26.6295735519944,25.0007863494322
93,150.000461963295,144.848588169266,117.875944510046,56.817908687935,26.6332003580545,25.0007226837873
94,150.004187508452,144.848265031703,117.907494870346,56.8285819459842,26.6357038031759,25.0008806597259
95,150.006510160263,144.844248502573,117.946617560589,56.8315492050019,26.6368711385248,25.0000140915439
96,149.994448593127,144.845237745747,117.993882956382,56.8326193284471,26.6358259307168,25.0003391534722
97,150.001032354913,144.844583294878,118.035898580837,56.8323450817752,26.6372328714135,25.0011272360384
98,149.999540859616,144.837228122631,118.091444116397,56.8213600927884,26.6375656951254,24.9998599103875
99,149.992678531043,144.844289211743,118.139971154997,56.8107664984725,26.6384352017368,24.9989000470494
100,149.997556839666,144.83977799223,118.188716545305,56.7911634246904,26.6379692429006,25.0009168747425
101,149.994932734623,144.840959858766,118.245582934135,56.7741504941471,26.6380144325283,25.0003279718357
102,150.00441426811,144.855663404767,118.308313458777,56.7529888023203,26.6362232556612,24.9996376841297
103,149.997168225631,144.857170513544,118.362524184499,56.7256268779307,26.6349455515717,25.001242508179
104,150.000427997033,144.862515305319,118.416609520532,56.7028254554117,26.633621473889,24.9993104287475
105,149.994984730942,144.874827162622,118.47735941116,56.6733466981999,26.634298800784,25.0003811276824
106,150.001529729121,144.877171823698,118.53959842938,56.6417498651536,26.6315159179421,25.0002624766048
107,149.996444569268,144.884303533116,118.594267157815,56.6127813864997,26.6306129820848,24.9997181135787
108,150.002311186477,144.89517918695,118.660829925272,56.5781228867499,26.629555231337,24.9991054678982
109,150.002838217547,144.902081870298,118.715485200771,56.5433387553388,26.627107454653,24.9988128374643
110,150.003722273892,144.906726688851,118.784481968905,56.5080854492462,26.6265315950187,24.9998027806344
111,149.999258123978,144.909223879013,118.838210392266,56.4707799972908,26.6243559022044,24.9992102507236
112,149.99375732067,144.918471398038,118.905990933857,56.4328589662881,26.6216385149014,25.0005644381687
113,149.995934654531,144.93645904443,118.961465093775,56.3927378281185,26.6214134047805,24.9996759067163
114,150.006200060423,144.932819327591,119.025441472467,56.3556955508224,26.617630599515,25.0008539002187
115,149.994785670285,144.948458490951,119.086384648344,56.3122756883424,26.6161132755267,25.000585574228
116,150.004887254662,144.95289311553,119.155943621667,56.271280401022,26.6138698898758,25.0001775646821
117,150.000575136529,144.973885053947,119.221519814281,56.2287382908745,26.6125008173073,24.9991921376441
118,150.007442020749,144.979396856571,119.284724811959,56.183257765653,26.6091259580832,25.0011434600565
119,149.993672632931,144.98580938718,119.348676416602,56.1381512357029,26.6077017934074,24.9994133050905
120,149.999140174047,144.994989095554,119.417262631948,56.091414286526,26.6045911595298,25.0010614522381
121,149.994099791553,144.998740889151,119.483880996647,56.0424848427464,26.6022491959876,24.9993094260117
122,150.006928471213,145.017593688461,119.551465557532,55.9965210203604,26.6016259687904,24.9996839095191
123,149.992569513362,145.018255212818,119.618811399934,55.949654398926,26.5978552405044,24.9989687508739
124,150.004123656971,145.028719048573,119.691055901007,55.9000039588817,26.5961776207968,25.0003502913706
125,150.00475954831,145.045399163926,119.751487584407,55.8460011415924,26.5945830022102,24.9992015422194
126,150.00553042058,145.049493631184,119.8274575055,55.7941675904638,26.5905677006322,24.9988626277687
127,149.993766537683,145.070325297193,119.892521759915,55.7438093444053,26.5886183508385,25.000557933698
128,149.998496739736,145.080793868498,119.962637791772,55.6910250200088,26.5860943838231,24.999618594114
129,149.996398056043,145.090003441663,120.040824115523,55.6357217239733,26.5824914298866,25.0004015420613
130,150.004501027203,145.092399386451,120.11211013353,55.5796303631821,26.5803008032646,24.9997096715027
131,149.998971207412,145.110616517304,120.186255188082,55.5279715874933,26.576022144043,25.0003183662561
132,150.006159713916,145.119511210691,120.263639162924,55.4665205277419,26.5753385826765,24.9988041245366
133,149.995227705425,145.137169783513,120.340811981225,55.4091375130321,26.5704367570482,25.0010264249713
134,149.996457043748,145.143658791993,120.412581069789,55.3509475613512,26.5676818678826,25.0007513966407
135,149.994683084706,145.157176813741,120.494149765023,55.2918071380497,26.5660845222468,25.0006146187109
136,149.994541028381,145.163601966762,120.570018549642,55.2341495071928,26.5622047302755,25.000782782034
137,150.005539383115,145.17488444714,120.655036890268,55.1728165278395,26.5598500906313,24.9997082657966
138,150.00119556881,145.192324610302,120.735895370783,55.1079581567579,26.5557110998467,25.0002931980808
139,150.000747903028,145.193435430427,120.811013310681,55.0498945911623,26.5521888330172,25.0001887371493
140,149.994674321973,145.206189506172,120.898556277157,54.9849380895221,26.5483201056537,25.0000751292619
141,150.005295466766,145.218961415643,120.982591570147,54.9201998756827,26.5467177253705,24.9994376743896
142,150.001830826972,145.234469045791,121.067720013664,54.8507511138289,26.5427311164438,24.9993715723992
143,149.997764285713,145.25337965801,121.158593415967,54.7883980984144,26.5394011743072,24.9998790969261
144,150.000198743098,145.265656433382,121.239435449384,54.7210876773488,26.5363821020745,24.9993192820651
145,149.998527120506,145.267722830554,121.329585018452,54.652639063947,26.5314323371734,25.000761123959
146,149.993639500375,145.285682960106,121.41804184882,54.5822090690883,26.528572187308,25.0012152606047
147,149.996098742303,145.300761315157,121.520291175393,54.5110239409947,26.5261916046289,24.9988249798757
148,149.994349784023,145.312577131923,121.610446976816,54.4376982715885,26.5223436195504,25.0000891604767
149,149.995258616824,145.32967792276,121.703648929642,54.362952034494,26.5171297368655,24.9989676930498
150,149.996099287885,145.343073130583,121.802352933987,54.2901343458595,26.5133885706515,25.0007552286014
151,149.998759006036,145.352213027263,121.899538571936,54.2135600649838,26.50947872535,25.0012228622743
152,149.993244816455,145.368481404073,122.000754846937,54.1367223071396,26.5053883320109,24.998917365646
153,150.006040741649,145.376890489839,122.101132401784,54.0641878317151,26.5025649080303,25.0010984959047
154,150.006671807846,145.405660041285,122.206661017638,53.9821032127928,26.4991978229142,24.9987954438341
155,149.999862961387,145.408703794997,122.309373640245,53.9022210853214,26.4953330632476,25.0004595965344
156,149.999838789576,145.422980133493,122.422109632028,53.8213307344323,26.4907207525987,25.0007093412002
157,149.997565791147,145.442263064874,122.521469940972,53.7396918131108,26.4854351432893,25.0000853439197
158,150.006000807696,145.455395608955,122.630873976625,53.6570068814091,26.4825895889639,25.0009633986273
159,149.998038701717,145.475568470803,122.743708329667,53.5686859785867,26.4769559580741,25.0009975122473
160,149.994168041329,145.489586630231,122.857989013012,53.4867217149345,26.4726145109894,25.0003148440652
161,150.004203781025,145.514976717334,122.979153274989,53.3974814302478,26.4680898853556,24.999094672481
162,149.998346082554,145.531293597766,123.098857322693,53.3099085532994,26.4637052208712,24.9992945039843
163,149.996125369289,145.535735006268,123.219264303064,53.2166118798764,26.4592038825456,24.9992053526897
164,149.998558682184,145.563082693349,123.347922867119,53.1250455764879,26.4546344711035,24.9988545496599
165,149.993946817878,145.573950045285,123.472411005326,53.0293528119074,26.4502371954291,24.9990173541464
166,149.994479599389,145.594203884341,123.602834124635,52.9348272345418,26.4454402004684,25.0002911087127
167,150.006630758862,145.614376347293,123.736030605315,52.8406121226827,26.4403065149249,25.0010991525254
168,150.006842018103,145.6388251667,123.870378460905,52.7404292302964,26.4354428242648,24.9996361393274
169,150.001128128926,145.650234896044,123.997284913722,52.6433001087314,26.4321052176983,24.9997765727251
170,149.993396693144,145.677893836076,124.136025698891,52.5373439527866,26.4264854099489,25.0012108735425
171,149.996021698701,145.687769387696,124.285272025778,52.4382792593863,26.4208911684944,25.0011139479726
172,149.997797378568,145.713790095224,124.423121182073,52.3304676094366,26.4146174675334,25.0004416116961
173,150.004817910603,145.733887762905,124.576956254103,52.2240010757333,26.4093069682528,25.0012207556558
174,149.992731051565,145.753057195092,124.728713408792,52.1162553596372,26.4034748414082,25.000667078468
175,149.993145357025,145.776831485056,124.887884143116,52.0012963117208,26.4001109723993,24.999591748161
176,149.995034850442,145.798276372272,125.041686620487,51.8886620479391,26.3938937081846,25.000405954651
177,150.002236732124,145.81352334177,125.202630994893,51.7735294902155,26.38772923994,24.999360413217
178,150.003475835785,145.835639424971,125.371920404091,51.657519510703,26.3812094547941,24.9994887681271
179,150.002216189447,145.87168823818,125.542459907581,51.5380149887884,26.3748395137127,25.0004504459281
180,149.999263855596,145.883468087133,125.713340212811,51.4122466384527,26.3699515166467,25.000069617076
