time,T_Cu1,T_Cu2,T_Inco1,T_Inco2,T_Cu3,T_Cu4
1,150.064986988886,146.458719263688,128.227565184375,44.9614097890357,26.7258841667378,24.7864038591094
2,150.092130660967,146.496977720774,128.287437820466,44.981600919015,26.7292973371454,24.7793611657528
3,150.132388156017,146.545303753585,128.400498252708,45.0316583302968,26.7498308467808,24.7938723374702
4,150.193981953452,146.578128437305,128.337878963317,45.0819537828804,26.7461870204387,24.7793560570659
5,150.195089208416,146.485400688909,128.469939567718,45.104818846248,26.7430328404531,24.7848182561154
6,150.073997890388,146.618967281674,128.482722203212,45.1576180010688,26.7566955792078,24.7731607025724
7,150.195944845401,146.605298692632,128.486239716482,45.176610878933,26.7377147180715,24.7788350875465
8,150.193930970373,146.57140566552,128.498764581907,45.2223488995284,26.7563398901586,24.7733298067316
9,150.123162275445,146.572006459076,128.56425193647,45.254606798605,26.7579552459117,24.7882542682186
10,150.17039799847,146.58130893974,128.604472797662,45.2727811744406,26.7551933237279,24.7910792354833
11,150.071638878931,146.568078129719,128.589538847065,45.2823687513585,26.7470650134195,24.7780708760575
12,150.11362012053,146.604733252672,128.680514411248,45.3236927671659,26.7594280205382,24.7864398501541
13,150.187716256915,146.61177162511,128.662533253641,45.3540092784745,26.7532427054552,24.7766551732796
14,150.169187027571,146.663161281638,128.71072355698,45.3720184108331,26.7504077660387,24.7825671900318
15,150.194279792096,146.665938014843,128.762850074275,45.3925530066284,26.7538624288829,24.7901120420925
16,150.14871703301,146.649714844804,128.745277849153,45.4434976004677,26.772966048216,24.7842387122322
17,150.055712679923,146.616338027232,128.774423386,45.4475911576478,26.7528301129389,24.777684240703
18,150.177725324017,146.685149564892,128.839775174785,45.4890540568422,26.7585131910041,24.7767820830187
19,150.1904549153,146.649368362288,128.816268286588,45.4865048092487,26.7547799661742,24.7806162709746
20,150.152166201365,146.627529038875,128.909718178304,45.5225631720205,26.7660015396233,24.7798675987659
21,150.164016947723,146.718434781006,128.950339797125,45.5238788901671,26.7559274230484,24.7782916153847
22,150.161825798355,146.71362572451,128.936869153354,45.5598253187902,26.7799588994635,24.7832594374321
23,150.109189981067,146.670089687222,128.905176175304,45.5739728176166,26.7627091340526,24.7878650915779
24,150.148677611663,146.684743003975,128.953832923857,45.5727089804839,26.7609590141893,24.779909827026
25,150.076033931308,146.683414008257,128.908867427828,45.5805194846172,26.7674252823955,24.7800353521498
26,150.15626284134,146.6314806416,129.028360043155,45.6209661866723,26.7721521709082,24.7724232764034
27,150.055130855093,146.64872124783,129.040203557032,45.6419668150665,26.7637460774877,24.7699123078366
28,150.091894375881,146.676976559657,129.046795323128,45.6269895184409,26.7877920747518,24.7765560890637
29,150.057281636731,146.644932499808,128.988540333496,45.6551604892288,26.7712732374226,24.7772394720079
30,150.064925695322,146.73803659098,129.045129545454,45.6566538927324,26.7710826684548,24.7856437107845
31,150.173874602386,146.645705642805,128.983718186262,45.6860561758296,26.7656392305039,24.7932248555371
32,150.154580221583,146.653082059483,129.048113060768,45.6941150732765,26.7724398882757,24.792694729255
33,150.097920850146,146.647664505175,129.04514402643,45.6773248784956,26.7665048039321,24.7807486157817
34,150.192889235462,146.65858010627,129.036634879713,45.7188730190277,26.7790515433867,24.7753134173562
35,150.055522840212,146.691542243948,129.0494863557,45.7342630952735,26.7862850916126,24.7883989060425
36,150.116167582085,146.675603956816,129.091291954077,45.7218415210439,26.7834345659348,24.7882846420137
37,150.107589696701,146.767651127071,129.058339798757,45.7473807375062,26.7698633955484,24.7878176590598
38,150.165183446359,146.697442858707,129.13302174957,45.742288764712,26.7701240210378,24.7878936659726
39,150.169635913307,146.663484792182,129.125308434871,45.7305964166239,26.7887294365246,24.7719494678537
40,150.07838681882,146.771061277095,129.162956334963,45.7402718801151,26.7925123483898,24.7863404681971
41,150.123820587505,146.783905814119,129.171540284901,45.7569671658257,26.7832754578301,24.7808829719002
42,150.117193858243,146.706339119933,129.171290198679,45.7794592534755,26.772632294972,24.7746055375668
43,150.147302879653,146.659956889698,129.100147026598,45.7896082151067,26.7916879373642,24.7717644258776
44,150.156760652765,146.683136174534,129.111751530813,45.7943481990732,26.7793656323149,24.7898908192836
45,150.163558930434,146.706787760004,129.151026617549,45.7789929084975,26.7785770199342,24.7736767008699
46,150.091759689686,146.732625480373,124.105094749451,50.3012141185672,26.795060752782,24.77339070518
47,150.152311329665,146.614402149676,122.043917976238,52.514316502164,26.8246483848942,24.7859511378457
48,150.148620628733,146.528791789045,120.637568984689,54.0099411779098,26.9214513731431,24.7916611918192
49,150.074747688416,146.384215284645,119.660508071866,55.1459940873097,27.0406509798296,24.7822154126442
50,150.06820558037,146.147201049436,118.863544611002,56.0610068985766,27.1304179929633,24.7868690151091
51,150.125110535934,145.970629070265,118.287115221785,56.7465700165315,27.2042444975646,24.7731412168509
52,150.194317521914,145.844069471236,117.762766371524,57.2782641127923,27.2709015276979,24.7931378841825
53,150.101413787136,145.705500667136,117.367064209786,57.7300934619584,27.3192175572852,24.7828235594664
54,150.138146090784,145.591011490674,117.046789576714,58.054438153369,27.3600519489622,24.7862948048906
55,150.08392771906,145.485503876259,116.870686798252,58.3224537090751,27.3777344294467,24.7702155328866
56,150.163045987032,145.318276629311,116.70025797442,58.5861677653854,27.4129530553217,24.7895315537177
57,150.088620195455,145.249427753036,116.503818914236,58.7423905659019,27.4287180233569,24.7880169292298
58,150.126249485886,145.243485796346,116.33776428538,58.9018935398138,27.4398352556912,24.7723061328851
59,150.155217436535,145.056898262506,116.252955609458,58.998123198649,27.4431192778232,24.7824275865544
60,150.183991416017,145.121522726516,116.151664165852,59.0789117505643,27.4720432318688,24.7774472981545
61,150.194249641917,145.034629355308,116.092203736388,59.1621417909347,27.467955717972,24.782962693433
62,150.132438257631,144.948469901499,116.04751269164,59.2210704226898,27.4813396571095,24.779273476245
63,150.071149594561,144.916578394056,116.003390167409,59.2711630355335,27.4898058146781,24.7796787921007
64,150.07275002897,144.827708740736,115.948323632151,59.2471971245218,27.4766782981801,24.7738199014418
65,150.088982166255,144.825198955684,115.956138286874,59.3249444654912,27.480379464917,24.7756861259476
66,150.176463516534,144.867852500007,115.878616015976,59.3307002827525,27.4940947081693,24.7698148518018
67,150.088498254982,144.780958496557,115.89649397912,59.3687113224634,27.4942910116767,24.7923933477509
68,150.172498652047,144.753888783724,115.832703977248,59.3531831316176,27.5066287129909,24.7856439546606
69,150.086884673445,144.691494559283,115.844794568212,59.3588610535013,27.5053384547342,24.7926167967366
70,150.189745471615,144.710735876,115.738736589615,59.3837682927838,27.5044935871057,24.7733892666486
71,150.102853493034,144.714480332721,115.769027197577,59.3537080602615,27.4868822858202,24.7923288888327
72,150.079845215701,144.708540973276,115.705515707943,59.3717639547079,27.4879418875178,24.7891679045701
73,150.088018506833,144.655270392044,115.733246074516,59.3962821362847,27.4886987385974,24.783736312353
74,150.142762629559,144.640419601777,115.720622566582,59.3766743229729,27.5079122405831,24.7803023473294
75,150.121349255472,144.720647904881,115.633635863103,59.3914374910172,27.5119105627222,24.7757418008532
76,150.103104854196,144.574797845963,115.642474004455,59.3832640791429,27.5050255484313,24.7881001172821
77,150.174980222321,144.689901244057,115.627034530461,59.371846928798,27.4902586362399,24.775018194488
78,150.138145541809,144.687356703444,115.667690894124,59.3490186373571,27.5060066706724,24.7709061346202
79,150.13281446938,144.664550564029,115.678094653896,59.3707003404273,27.4895297962811,24.7884846952048
80,150.187934977711,144.558471351481,115.610596502425,59.3329880061562,27.4895994949089,24.7860815120693
81,150.09323178096,144.577406900143,115.652588756637,59.3615670235699,27.5034552590863,24.787181770305
82,150.163935962503,144.583871465248,115.632276102207,59.3601059355552,27.4949503472163,24.7853529781462
83,150.163415292278,144.629937617241,115.547039044669,59.3606028844605,27.5034741518335,24.779777664776
84,150.107422805183,144.548060781468,115.609239989466,59.3665390495778,27.5058448235716,24.7790705094905
85,150.135529174245,144.629589107049,115.577669078253,59.368404410469,27.5012204696443,24.7897049600073
86,150.061734071571,144.538043584926,115.63306687833,59.3523343269228,27.5052299481468,24.7772371540268
87,150.058448445937,144.614682014444,115.521050528152,59.3378520718745,27.4915261931544,24.7896649517579
88,150.129975561088,144.589398746532,115.569319569263,59.3549884486246,27.5047208301427,24.7890282953089
89,150.167231012652,144.628578416047,115.559897166351,59.3312097307094,27.5108416531835,24.790608054694
90,150.190457530771,144.617501341006,115.559466466812,59.2948596106399,27.5078881127949,24.7819423728747
91,150.069841859408,144.643119381495,115.591009451361,59.2979677255534,27.4868259742725,24.7851929921569
92,150.135679477267,144.639754982037,115.534880592298,59.3388203944081,27.4941517489738,24.7930738178198
93,150.120764524295,144.557883268419,115.584725096566,59.313703987788,27.4940603514309,24.7804005613109
94,150.052141238562,144.609321195698,115.544691694719,59.3322911361526,27.5023501702332,24.7708019279299
95,150.100924324796,144.535741766849,115.490682986855,59.292246254212,27.499866535535,24.7909702048604
96,150.074683274366,144.510492416736,115.503760757966,59.3100177142994,27.5048398352927,24.7850811757921
97,150.169498609239,144.612656409944,115.564165751044,59.3122530652908,27.4934161301887,24.7781782987324
98,150.097038184443,144.576468173678,115.532496536956,59.2747615886362,27.4889565355314,24.7942265392255
99,150.129635898463,144.572723477339,115.492575880386,59.3070005558748,27.485633603666,24.77490574491
100,150.075203237562,144.63335505734,115.51195725636,59.2900995115732,27.5038422607499,24.7856127342596
101,150.140653219347,144.590012207597,115.540528928992,59.269726851201,27.4885753818034,24.7844262234831
102,150.089801620818,144.590472273052,115.490032537901,59.2938470082799,27.4933477119916,24.7789825932225
103,150.148467792908,144.624802192218,115.551441479158,59.274596135788,27.4976147302607,24.7728561364176
104,150.153738103608,144.616426253702,115.491913719848,59.2688564551078,27.4888766614564,24.7699298320781
105,150.16257866706,144.582819902963,115.568410583864,59.2721541987517,27.4998280344068,24.7798292637795
106,150.117937167912,144.525394433997,115.491360749557,59.2671967480726,27.49552376219,24.7739039646711
107,150.062929134836,144.533168623562,115.547374200299,59.2683033698488,27.4865379994211,24.7874458391221
108,150.084702473444,144.62619758112,115.478829413025,59.2583425952189,27.5033110550159,24.7785605245983
109,150.187356532362,144.50178764328,115.488848082004,59.2920182344751,27.4850061255916,24.7903404596221
110,150.073212630982,144.568077951626,115.464663910296,59.2699969222041,27.4901071317845,24.7876571997152
111,150.17422847476,144.521179396752,115.519704272521,59.2840049119879,27.4885201004223,24.783577104256
112,150.131107293426,144.63804072149,115.530925146182,59.2921683767977,27.496304900481,24.773722833876
113,150.199776135631,144.599278922736,115.513887723235,59.2796026240262,27.4844880100628,24.7932360580003
114,150.06208225745,144.568308299579,115.498763686423,59.280811494901,27.4928232429853,24.7759345083402
115,150.116757668603,144.563785438866,115.523137998712,59.2745680187634,27.4847288584562,24.7924159798164
116,150.066353843664,144.504048923609,115.522539443888,59.2547787793603,27.4848743864435,24.7748957175528
117,150.194640640265,144.593767126678,115.525273649927,59.2755731081723,27.5028043479838,24.7786405526264
118,150.051051061757,144.501093608399,115.519393021254,59.2961881140335,27.4895721463003,24.7714889661748
119,150.166592497843,144.505073255657,115.554510443363,59.2967022716119,27.4978722568473,24.7853043711415
120,150.172951411235,144.569948352592,115.468246782814,59.2604415582801,27.5074836323413,24.7738168796292
121,150.180660133941,144.508337036094,115.525629193403,59.2561551010698,27.4932135063982,24.7704277351222
122,150.063021304963,144.612438848443,115.470014309971,59.2765633311292,27.50019122019,24.787380794415
123,150.110323325501,144.612183994567,115.455804711281,59.2804309203465,27.5018497662729,24.7779873985749
124,150.089336488564,144.598278313541,115.511857609492,59.2667292192977,27.4931095307713,24.785816878048
125,150.17036620017,144.515364949427,115.493035080069,59.2537786832816,27.4990389204637,24.7788981724622
126,150.115068002256,144.588906863353,115.493493167718,59.2970284954761,27.4844095932746,24.7849851199965
127,150.186953067301,144.568392179037,115.516583120029,59.2455383349548,27.5064235415101,24.7698427028011
128,150.077632982382,144.633947519748,115.528684037957,59.2465018401891,27.4864325350743,24.7920657071485
129,150.089926365615,144.586999387022,115.479451672406,59.2482374982151,27.4885127231952,24.7893154238424
130,150.072186775194,144.608764775926,115.515230597819,59.2492937121296,27.5027105322188,24.787947644544
131,150.070766211943,144.558570336243,115.486278769109,59.2757198698219,27.4943890212166,24.7896292777756
132,150.180749759283,144.555378165618,115.535339774005,59.2725935531595,27.5018938639164,24.778884115401
133,150.137311616241,144.612081701071,115.533934361218,59.2415269502962,27.4918969221863,24.7847334382433
134,150.132834958412,144.504763126816,115.466654770629,59.2930368348799,27.4885856239444,24.783688828928
135,150.07209914787,144.511865264976,115.507792857182,59.2808122317481,27.4822623397573,24.7825527500545
136,150.178310595795,144.517908547044,118.61036370944,56.5068980561784,27.4960859863095,24.7761782013309
137,150.143664197859,144.588167161533,120.53087613244,54.4638334248134,27.4591412263653,24.7755171814269
138,150.10299878527,144.742202193843,121.965283375731,53.0407027687368,27.3926908984911,24.7805924266967
139,150.127343359117,144.857395059363,122.998205840174,51.8734463801048,27.316596205024,24.774994278086
140,150.110627133199,144.882063709166,123.910769967604,50.9111493243791,27.2242975802629,24.7894126970257
141,150.06175093189,145.067641695815,124.636499637739,50.1008869480732,27.1618893527425,24.7939540634828
142,150.08634335117,145.22160144162,125.36651391946,49.4242245832766,27.1143711012824,24.7700512561921
143,150.068853768362,145.336752341598,125.856318136586,48.8463015704199,27.0618058874753,24.7826930622021
144,150.077942096379,145.496491453214,126.280507557499,48.3558618786845,27.0041704282136,24.7714783879329
145,150.086348806986,145.609636109333,126.679117633992,47.9677144490327,26.9684505271329,24.7893537434493
146,150.112945988499,145.669924151635,126.990104958388,47.6196904082782,26.9373261201609,24.7940300801779
147,150.057804092685,145.791170281341,127.280360080998,47.3324878594493,26.9097840982926,24.7709751138953
148,150.185763344624,145.823118054654,127.50592802797,47.1372007560674,26.8993520337958,24.7927864164825
149,150.192074006595,146.049130248479,127.735250840504,46.9069542073385,26.88750935305,24.7697558957763
150,150.123985542007,146.006946939648,127.88915287126,46.7377679528836,26.8741863900185,24.786397422779
151,150.123743823897,146.067947386076,128.106078049658,46.5970774706454,26.8564821425833,24.7888948694375
152,150.10101383961,146.170106429976,128.142921006116,46.4831566333127,26.8347645534916,24.7826548966325
153,150.185364005099,146.201738139763,128.248073471119,46.3901802802515,26.8394037506809,24.7914354437087
154,150.105742945305,146.295852227777,128.353770460953,46.2760749494601,26.818630447457,24.791776579908
155,150.067036341431,146.320194460921,128.440496212907,46.2415426086568,26.8124354720963,24.7849498980874
156,150.167393738385,146.45141038751,128.566388383019,46.1677930457611,26.8061096924318,24.7727481822457
157,150.108816753681,146.484213302004,128.644490388564,46.1301149863265,26.8026935254679,24.7747464972782
158,150.086609621024,146.390687556897,128.698045492869,46.0638519142537,26.7995424240372,24.7738549843326
159,150.110942749975,146.521076244588,128.806560996914,46.0321015939154,26.7970402194127,24.7703469540347
160,150.064824106912,146.479331537249,128.839800704905,45.9837705874562,26.7974767542608,24.7719749988991
161,150.070151922028,146.525953730818,128.903731948067,45.963872656772,26.795157391672,24.7847125445625
162,150.191663516753,146.565856264773,128.965000634505,45.9646953586817,26.7906541763717,24.7927929826894
163,150.193776109171,146.6430472893,129.006332088016,45.9317453840064,26.7899078632944,24.7781628507096
164,150.136637217398,146.583393958785,128.9375423058,45.9428296901306,26.805272378276,24.7795671846869
165,150.059322859579,146.681740089043,128.959688991736,45.8950051071274,26.7991948023346,24.79391019286
166,150.085572915142,146.595674207637,129.058046992534,45.9245852761459,26.7944053896868,24.7929409371613
167,150.10332971382,146.666671316764,129.003407113633,45.8959027913109,26.7839458188472,24.7862175743962
168,150.173535034166,146.672684800148,129.080537639863,45.8968225736822,26.7840124771891,24.7940090139932
169,150.052666443784,146.663982649066,129.100277278189,45.9047875465341,26.7799671228255,24.7884722421158
170,150.056809498385,146.696214394418,129.160457709474,45.8681319679819,26.8013139583611,24.7777189390452
171,150.075704432556,146.699579477983,129.12726505753,45.8706131634084,26.7955629827642,24.7858610039454
172,150.14772324938,146.635121385581,129.129571998772,45.8704200187485,26.7913971474894,24.7754055896051
173,150.160114285985,146.634204397008,129.178511267213,45.8822360603594,26.7848052843043,24.7766891387062
174,150.147517822607,146.767747249978,129.199275367988,45.883472152963,26.7807937939604,24.7863059167161
175,150.117994484101,146.651497225323,129.181220022849,45.8500227283643,26.7925436815692,24.7824976281959
176,150.13240726198,146.635847841384,129.168568365402,45.8532199919496,26.8019631054701,24.7795912952706
177,150.094804048978,146.717590846487,129.15177993118,45.8614722652222,26.7806031946631,24.7843674128863
178,150.162059849198,146.76841848077,129.216522695569,45.8479427486425,26.7828359407976,24.7880644588335
179,150.078699180391,146.74063313818,129.181910679942,45.8696228267302,26.7864351862719,24.7838897867919
180,150.153372243141,146.673483429992,129.160479749757,45.8618361415382,26.7780244431865,24.7830962703088
