time,T_Cu1,T_Cu2,T_Inco1,T_Inco2,T_Cu3,T_Cu4
1,150.404394890032,146.833488007461,129.465772348689,44.5268204155227,25.510030186614,24.7083923193772
2,150.299329277103,146.832032152694,129.546029018065,44.5704661510485,25.5195246450068,24.7018429717901
3,150.355179666767,146.920675043219,129.578867671037,44.5930917059924,25.5145886235443,24.6950307425937
4,150.334013470625,146.883517603849,129.53875539869,44.6225018294543,25.5182523708935,24.7165107957968
5,150.39797985948,146.916141826199,129.680111416549,44.6690146633554,25.5197114362187,24.7050036366511
6,150.324689219967,146.952407167292,129.623336346008,44.7180365927219,25.5434874635092,24.7047415582023
7,150.405555716078,146.946688090626,129.663838603117,44.7652145268642,25.5301079486925,24.7001728887902
8,150.307855372008,146.942066389139,129.673282243847,44.7603704862867,25.5393308080994,24.696979135503
9,150.411442729166,146.989746749261,129.745840198641,44.820674601939,25.5356178318502,24.7136196637428
10,150.420804423794,146.984083738282,129.775727895805,44.819893206949,25.552319233695,24.6987440491303
11,150.310561770541,146.937834183058,129.847832650073,44.8800490222112,25.5485744105022,24.7055143626039
12,150.289449083754,147.020002818314,129.85364387934,44.8941692943928,25.5539586277492,24.705833980699
13,150.36416363044,147.001597221622,129.855465656324,44.9014377594458,25.5480098963609,24.7161287661025
14,150.283323894455,146.997190919612,129.909861436862,44.9622857325865,25.55184966682,24.6987867296459
15,150.406150759778,146.92003815809,129.905502955775,44.9556029727097,25.5454968752165,24.6986902853396
16,150.418177870194,147.045786164723,130.01847391651,44.9761359212482,25.5424802875473,24.6997970863831
17,150.387690721241,146.945371035251,129.95429193944,45.0049535611124,25.5413762850397,24.7059797826498
18,150.318395756665,147.057207531852,130.045937576782,45.0276780672797,25.5436815116293,24.7015020740126
19,150.370280948272,146.988557308988,130.077115407788,45.0607182884496,25.5647955073133,24.6981914682878
20,150.422731204158,147.006899600609,130.002972254954,45.0829302859778,25.5423938182531,24.7089518197453
21,150.416221511514,147.064969226726,130.039571641768,45.1150927165278,25.5654616473232,24.6985796996478
22,150.372830140423,146.973765760369,130.044326188376,45.1326867720141,25.5571929245841,24.7160844982196
23,150.400752958369,147.046416503167,130.163471664422,45.1385919090627,25.565616583626,24.7044867599973
24,150.407321338733,147.097762855128,130.082341819317,45.1325862440124,25.5571681301468,24.7027416493683
25,150.365917373227,147.058487921983,130.179307304886,45.1784319484487,25.5554348641646,24.706242143624
26,150.282000475242,146.97584914129,130.168081042307,45.1682987935378,25.5669793452307,24.7073733032744
27,150.319587479161,147.074789357356,130.228345001913,45.1732899047118,25.5574659381566,24.7122221731571
28,150.346688498977,147.013447271832,130.185330217753,45.2051598916476,25.5633602647445,24.7140669271975
29,150.346494140083,147.080289217612,130.156100074224,45.1899217889831,25.5727530635304,24.6960467994769
30,150.413181165538,147.035298888025,130.194485375763,45.2032407157029,25.57220335249,24.6942767649265
31,150.292042351959,147.06444807488,130.271062063237,45.2209451644895,25.5573667357678,24.699875706807
32,150.332882228147,147.020357043694,130.262227512055,45.2328450183981,25.5630062183143,24.7072311603994
33,150.308455519636,147.123270030827,130.31545863956,45.2668778607334,25.5738587069644,24.7015158023404
34,150.318801489766,147.047806839392,130.30959868235,45.2643644216863,25.556858469465,24.7151859109124
35,150.391069133189,147.007023004744,130.237765573216,45.2922186184009,25.5731847019865,24.6934726789337
36,150.325126942977,147.002336110232,130.360531150003,45.2806920371161,25.5768147538447,24.7168977395872
37,150.31749746007,147.091990691497,130.340030733334,45.3097670741338,25.5675863964357,24.7087212935936
38,150.302845061903,147.139613145993,130.255241006453,45.3140798742967,25.5698565480948,24.7074760907826
39,150.315005751875,147.051135061357,130.350400677787,45.3145930648107,25.5776524843629,24.6957444861458
40,150.404528215352,147.115462737542,130.333725568423,45.3029950370431,25.5815725594453,24.6927722462276
41,150.338630567949,147.050394823977,130.283297648611,45.3270124937059,25.5769427292292,24.7063590998968
42,150.381723492536,147.028029793008,130.301351501427,45.3309700261882,25.5659113624527,24.6927968808379
43,150.422268202921,147.086900487219,130.303808167758,45.3338455773519,25.57024381387,24.7098356912
44,150.345868377298,147.069955588924,130.379790364005,45.3271882709518,25.5641973530867,24.6973983003944
45,150.372670214915,147.158221404303,130.33792393986,45.3408015261251,25.5711889597138,24.6984270160802
46,150.427333873785,147.05599299096,125.254671711216,49.8558165124145,25.5646610700418,24.716012166883
47,150.336593852486,147.030639137216,123.226753366025,52.0937116026242,25.6128272634104,24.6965946057378
48,150.381563346461,146.8920085193,121.899034748429,53.5763046249306,25.7238023116902,24.7120087565653
49,150.329109472103,146.738090152775,120.834165813339,54.7203986998506,25.8262997561591,24.6930484080506
50,150.414753585366,146.564606613459,120.05822138654,55.6033694497145,25.9036359781196,24.6997763259416
51,150.326227919155,146.362176385632,119.397924787144,56.329410539691,25.9934416906499,24.7162246531158
52,150.32620112167,146.190775093601,118.92242911093,56.8514524907316,26.0529841955398,24.6987220967187
53,150.417958519669,146.133689861123,118.531179812407,57.3162412894681,26.1101575957776,24.6950942308455
54,150.355828897763,145.902868340599,118.310523402559,57.6258997837324,26.1433517095001,24.7072317867914
55,150.312967157241,145.896066136538,118.056580799889,57.9287617332856,26.1642890387125,24.7081811528027
56,150.285769096886,145.732752465511,117.863968267728,58.1366113156267,26.1843240284962,24.7139079575134
57,150.307427550175,145.699699962173,117.753231657045,58.275205968471,26.2024690993851,24.7144805716286
58,150.327247291808,145.635999172182,117.638191033639,58.4530468845008,26.2328420615543,24.6933767807464
59,150.426112151224,145.481793031752,117.508693300405,58.5226904680519,26.2471367351068,24.7110351722116
60,150.399444824748,145.362448086705,117.360608465008,58.6493588181094,26.2455331797306,24.7135199409116
61,150.382884678758,145.410680174909,117.336425722786,58.7303257932648,26.2572011804868,24.7040904215969
62,150.408004549613,145.336802601696,117.282837061106,58.7592514166665,26.2618588238393,24.6939247541685
63,150.345024351711,145.274308312666,117.208354159103,58.814605441341,26.2591721886208,24.694315372474
64,150.387456812085,145.243396301878,117.188954397637,58.8462196947791,26.2627311341452,24.6970527375388
65,150.354089202546,145.171355871052,117.160213319656,58.8518252687011,26.2671822788752,24.7115045090333
66,150.404982607087,145.204415621114,117.090617348247,58.90536042817,26.2845168935392,24.702229330948
67,150.347504740285,145.118368068511,116.986872628224,58.891775319188,26.2741575525062,24.7127233829126
68,150.4108922862,145.174143194457,116.977990040782,58.9411048247438,26.2761444575477,24.6957465409839
69,150.283230794743,145.074093547486,116.934492755089,58.9126814984138,26.2711847920009,24.7103702109748
70,150.431300877563,145.123003423734,117.017626231943,58.9326288177688,26.2912901634279,24.6957946354356
71,150.323176368686,145.108456624706,116.944800969947,58.924462657619,26.2875091970203,24.7130081003848
72,150.286923671113,144.985391071251,116.96243701328,58.9208734980523,26.2877499367553,24.7056815154986
73,150.304711203087,145.024110899605,116.906313819711,58.9397934225618,26.2931794940037,24.7160765451757
74,150.35383563281,145.094709396111,116.895326982389,58.9136105767856,26.2956054472137,24.6939347233481
75,150.415222560813,145.005515315984,116.873319959734,58.9141424677953,26.2841952063374,24.7153931765892
76,150.324409075913,144.984970915985,116.91463071301,58.9097377231778,26.2773594343439,24.701032943861
77,150.399515263767,145.021750692688,116.900725981819,58.9201133863542,26.2789519251079,24.6937206016809
78,150.307455084776,145.047194749516,116.86173577576,58.9469342880204,26.2929317819595,24.7161956792205
79,150.391590242125,145.031237606244,116.811981263111,58.9261847210279,26.291483778041,24.7082836644257
80,150.318889484757,144.98988046056,116.802537649408,58.9437145766642,26.2750472190656,24.7025627623386
81,150.294172348583,145.014612444795,116.788472366852,58.9470007779104,26.2835840622916,24.7069583599716
82,150.409832521431,145.010167798819,116.833726395326,58.9048834605823,26.2862859921351,24.7007245527334
83,150.384879033675,144.963798890411,116.834369581885,58.8950037494919,26.2936841266564,24.697488007363
84,150.425612802476,145.019101639213,116.832942846771,58.9090624661739,26.2767465352063,24.6929933742033
85,150.429654550325,144.964643311629,116.824490154883,58.8957770547156,26.2855978219248,24.6958829775889
86,150.362104602428,145.027519585427,116.754187253366,58.9221792573152,26.2743426144473,24.7013818977423
87,150.417793277103,145.003334631094,116.81201650802,58.8833946135754,26.2933011172226,24.7139677173445
88,150.353393502708,144.905018766867,116.786832644064,58.9145053404218,26.2825816201198,24.703076049591
89,150.415346897412,144.91815440576,116.73556684119,58.8958775353715,26.2781825132998,24.7079915868809
90,150.285473673593,144.900423582998,116.748267441737,58.9008061812031,26.2738398984094,24.701742508838
91,150.301204934527,144.957516783534,116.752260992009,58.8756107572215,26.2736225549665,24.7129772425386
92,150.392992240339,144.88698409851,116.753648663201,58.8529856573453,26.2961502476548,24.71120527365
93,150.340549240432,144.945143811838,116.754435783451,58.8609969856069,26.276649875329,24.6951869485047
94,150.340940478788,145.018198056838,116.728106674005,58.8768942563424,26.2966050523935,24.694363870258
95,150.37217346164,144.973598489251,116.718461589795,58.8458331726955,26.2799489214862,24.7085552988448
96,150.285479030624,144.999804750723,116.763134585269,58.874392872816,26.2963939453673,24.7014891014005
97,150.340046857082,144.94465472041,116.786907393438,58.8559014181903,26.2797505087216,24.6947421504733
98,150.29040812878,144.913599045958,116.744593495496,58.8784422717852,26.2721314857743,24.7076426158734
99,150.385331794171,144.897633227593,116.741806329173,58.8872323681524,26.2866902285114,24.707587355977
100,150.359954845568,145.009351466088,116.756219384284,58.8346918080254,26.2850451853336,24.7148380276707
101,150.293309178484,144.979003914643,116.711339747627,58.8514338181062,26.2943126821304,24.7072006357754
102,150.342835171493,145.006393498576,116.718486738045,58.8543355446822,26.275333833766,24.7041809810845
103,150.346428140792,144.965429836671,116.722914753808,58.8324706537729,26.2909159311345,24.7064658665025
104,150.380793050859,144.894713538995,116.769652604832,58.8307859148316,26.2790438759181,24.7165998708613
105,150.31465488582,144.909179713297,116.712290146511,58.8288133966944,26.2956517545858,24.7050115489723
106,150.294059508456,144.875195893446,116.732222752221,58.8761491938607,26.2919189174822,24.7007648849164
107,150.35204696047,144.872685027724,116.709896283821,58.8788118215286,26.2885078382085,24.7166191996612
108,150.391196967123,144.906290332146,116.719311526215,58.8434057078947,26.2751320701626,24.7168475988575
109,150.373993785078,144.89011388639,116.658324442154,58.8375655023655,26.2697180107987,24.7144512776548
110,150.416985871339,144.962967328034,116.745326065976,58.850507509359,26.2748494137095,24.71058685036
111,150.319813113986,144.995180503001,116.728849935067,58.8634543252014,26.2835112977739,24.7086657576136
112,150.314910507305,144.915280898678,116.67290499123,58.8627571180669,26.2719947988172,24.7103814092113
113,150.31726695852,144.878565755721,116.650180887809,58.8655767873894,26.2918694484508,24.7029452496579
114,150.403415636121,144.978423146522,116.736028995562,58.8607735754417,26.2933368938317,24.7020381461442
115,150.387257567439,144.931230919096,116.712281356849,58.8132088955744,26.2778416192582,24.6974946220923
116,150.413671938289,144.962615570547,116.721383015157,58.8662070924699,26.2814107365811,24.7140880916605
117,150.388547894151,144.961756486745,116.718209357267,58.8122347902968,26.2688876450395,24.7155990833925
118,150.38105824558,144.923707954975,116.728914398696,58.8121491002608,26.2770794574505,24.7157712132875
119,150.347832824717,144.957882756639,116.745870219567,58.8516329565174,26.2816973326416,24.6947084125948
120,150.366315249677,144.953935055338,116.719391890192,58.8407536352038,26.2756876742906,24.6934967249149
121,150.430442908156,144.938093492691,116.655353307506,58.839296751401,26.2869079750297,24.6961404406888
122,150.425493521381,144.889655408092,116.723542966305,58.8373730971126,26.2929709822312,24.7052341898092
123,150.332418949538,144.93583341611,116.69195199139,58.8110679186743,26.2838213991148,24.6937910440973
124,150.305214579259,144.969850166178,116.713846080228,58.820215556133,26.2756224253141,24.692300985543
125,150.344458077629,144.922216804894,116.714193438303,58.8130445391907,26.293331148366,24.6943393424168
126,150.365067762054,144.96799282444,116.717077428048,58.8640023291854,26.2701821683468,24.7072332171948
127,150.286359027465,144.960487248773,116.644624363771,58.8093651428813,26.2851888585896,24.6934494791905
128,150.411902150401,144.999283677827,116.663319622818,58.808316955538,26.2937748427828,24.7084998525404
129,150.41605834616,144.905525716709,116.65636738674,58.843366790983,26.2821960991627,24.7064428391479
130,150.356474767295,144.910387067533,116.744257099902,58.82426907946,26.2939504786321,24.6938932258023
131,150.313289260129,144.916749143706,116.6958608149,58.811203372908,26.2756120875704,24.6980865729978
132,150.390135779447,144.864490146304,116.713843186222,58.8408396578159,26.2824111047969,24.7008272176714
133,150.386853625171,144.952191634873,116.712838341425,58.8469623526296,26.2926683717762,24.6952158086895
134,150.351008294325,144.942232674463,116.644413507956,58.8501223503102,26.2740173183588,24.7105325577722
135,150.307485166642,144.913278808358,116.660770592792,58.8182301520678,26.2903731452123,24.7031893373872
136,150.401051926941,144.921595828125,119.772904562068,56.0543397540461,26.2687671062693,24.6924876322021
137,150.415171155496,144.966300129446,121.774146350306,54.0466684936855,26.2463499596833,24.7090900487744
138,150.30327338728,145.035242366618,123.084828572285,52.5919164334659,26.1909682258924,24.714068168904
139,150.422846949087,145.141575567556,124.194285320215,51.4294883052606,26.1060958286808,24.6955428673359
140,150.281935337922,145.257931642501,125.153466820879,50.4734693424816,26.0228808675672,24.7123186864057
141,150.347716962051,145.396986683982,125.900900949453,49.6292002952817,25.9566419081211,24.6983688336081
142,150.283571375108,145.650363659897,126.534851060027,48.9627276193925,25.8830416580959,24.6926569830815
143,150.317073535685,145.715573640677,127.078620045588,48.4042564908848,25.8368237398546,24.7053154313303
144,150.387943840043,145.877608795019,127.510037333196,47.9595784000445,25.7885453271101,24.7154187086422
145,150.386020864428,145.931313217539,127.798291882189,47.5294762310839,25.7742325553435,24.7112805543802
146,150.321664335501,145.996339104243,128.193163191628,47.2204179861687,25.722285605201,24.7021661495987
147,150.330882252352,146.185819525062,128.513423252884,46.9067107433513,25.7109784049824,24.7099926149229
148,150.295881300199,146.240849643853,128.646065794999,46.6680619608091,25.6784049643903,24.7040804073831
149,150.288136112524,146.368028546148,128.911962740331,46.5035962906178,25.6727317174333,24.7030767366099
150,150.395788232332,146.47390809958,129.139702983552,46.3327060468118,25.6585453912315,24.7156063625039
151,150.330627383672,146.435066242433,129.201960294537,46.1757123158845,25.6491072127417,24.7065168015341
152,150.360169481504,146.569492996794,129.380495781747,46.0493751243451,25.6270036808926,24.7116375842934
153,150.424679391972,146.625757720797,129.448850816393,45.9413287854907,25.633823054786,24.7099175180526
154,150.382242972189,146.668379560131,129.634302180864,45.874747724056,25.6227255450395,24.6956014963794
155,150.352864452785,146.704866914539,129.670993607245,45.8033956375503,25.5985582205225,24.7093703051616
156,150.379302033576,146.821445770111,129.736376043712,45.7080027140857,25.5978581708743,24.7018885656133
157,150.381741596785,146.743992178412,129.911346318954,45.6579192571593,25.6096378500828,24.6952415376727
158,150.31641832601,146.832719539638,129.941005962648,45.6272409209634,25.5850425039596,24.7080699517265
159,150.402629660713,146.872591451799,130.012680064553,45.6127735508919,25.5994991010909,24.7044850539071
160,150.357313966475,146.812150077129,130.045039836542,45.5745866665738,25.578859070701,24.6936466547471
161,150.347000666719,146.925934999486,130.091116013568,45.5651596643812,25.5939119345557,24.7051357711187
162,150.388251247173,146.976225115536,130.111007985846,45.5061812683614,25.5892248789849,24.699910838005
163,150.365185807529,146.930620053958,130.102840445386,45.5092907591168,25.5904985562451,24.7134196404877
164,150.320146778073,146.95409600121,130.174628889095,45.4804468484245,25.593279900683,24.6922727195344
165,150.293176294902,146.917903919847,130.212298529194,45.4580052227561,25.5724738556098,24.6971119788029
166,150.370261566635,147.004542221758,130.273241296957,45.4840077147985,25.5674510922249,24.7140624491035
167,150.383032520233,147.059511533615,130.215626320601,45.4627216564265,25.5878462762953,24.6974985843043
168,150.370098221545,146.973147457453,130.278918929254,45.4429343497046,25.5778050597305,24.6999895838951
169,150.361951548235,146.966627928101,130.33434852438,45.4314219212047,25.5677723753211,24.7006464339978
170,150.352788665326,146.989230097243,130.29288237539,45.43500958758,25.566822377761,24.71204927672
171,150.330467889024,147.067600800957,130.33350443726,45.4193133675223,25.5671445796361,24.7063244533671
172,150.346544122799,147.084245276258,130.369692464385,45.4435194910746,25.5682341340062,24.7123783032329
173,150.396630879723,147.075808745429,130.315731423699,45.4230776254416,25.5889613452082,24.6942018319247
174,150.431365610908,147.057709705709,130.384697858362,45.4452346122359,25.5709040206934,24.6968507789642
175,150.321648952418,147.040337539424,130.311803856486,45.4235833745475,25.5789223186823,24.7077848835797
176,150.400706259845,147.092989747566,130.388125571419,45.4286888820552,25.5854181421019,24.6936439281595
177,150.30208759872,147.085541572685,130.40436143597,45.4121453946308,25.5695297052661,24.7106213996824
178,150.287226631909,147.104247927815,130.339420642071,45.4112734979017,25.582050803891,24.7071322766783
179,150.349988182983,147.02861502322,130.461829212624,45.4188611206091,25.5735291450428,24.7120084481599
180,150.366342769374,147.1122566186,130.460971764664,45.4233864776497,25.571176817527,24.696062210624
