time,T_Cu1,T_Cu2,T_Inco1a,T_Inco1,T_H25a,T_H25b,T_Inco2,T_Inco2a,T_Cu3,T_Cu4
1,150.004720855296,145.805829621639,137.293939935559,124.581687200539,76.632588584354,69.6717876108283,47.2884924721376,34.1793788571449,26.2703075487312,25.0005672863773
2,150.006086879056,145.808387897764,137.306201116521,124.519975378774,76.7471509728721,69.7192766948229,47.3357287804936,34.1947607114474,26.2718810617468,24.9996846191646
3,149.994404802244,145.819315622512,137.2996797209,124.43401584689,76.8792565920266,69.7907390592187,47.3902834336991,34.2109905900794,26.2733275781086,25.000203955208
4,150.006200637842,145.813012260906,137.271175350507,124.316245112105,77.0323672481617,69.8789596632382,47.4510140407111,34.2306241846174,26.2767546560179,24.9990402962819
5,150.001985388693,145.819177784676,137.226922737753,124.183688533386,77.1921208551338,69.9777833200907,47.5199986275204,34.2549835468312,26.2784455845942,24.998894135903
6,149.993963106075,145.807821518332,137.182021264582,124.051078228828,77.3612481833595,70.0945880568796,47.5965356478919,34.280858025323,26.2831658852691,25.0011994130599
7,149.996677473283,145.803695134891,137.128317124749,123.89518192743,77.5390990771912,70.2145674490069,47.679288332197,34.3115833391488,26.286671762048,24.9994620593172
8,150.000703222788,145.798015841216,137.074576422407,123.742665804136,77.727744277351,70.3483207449795,47.7664133776518,34.3436814375913,26.2893471776205,25.000237435747
9,150.006862602532,145.78848084833,136.997857880493,123.587345277006,77.9135273714987,70.4801820167455,47.8640575930143,34.3780763709974,26.293844645913,25.0011554025775
10,150.006973328028,145.764403686483,136.938632580387,123.423188151281,78.1027075463401,70.6227225687113,47.9647568546783,34.4134295501707,26.2989592674173,24.9992144456585
11,149.994864196225,145.761051748995,136.864485113837,123.267255533522,78.2992743385852,70.7644286254688,48.065190831513,34.4523981039585,26.3038048326935,24.9992325995399
12,150.007058891726,145.741524272369,136.787855981555,123.102956272664,78.4875471571584,70.9141430615633,48.1752225368267,34.4955153881753,26.3103923126857,24.9996041102616
13,150.006857504224,145.718701995784,136.711299948159,122.94766672933,78.6880378201387,71.0630155427207,48.2822718772536,34.5375420409542,26.317195965984,25.0010822447395
14,149.999780634731,145.698252665801,136.639969088569,122.790904996085,78.8836868321946,71.2193576583082,48.3974371994363,34.5840934584012,26.3226199965399,24.9997266688415
15,150.004504207033,145.677818514679,136.565995873642,122.632947975464,79.0778016861072,71.3733360958088,48.5099307169565,34.6297857045982,26.328551481597,24.99943304177
16,149.994628295079,145.654482763447,136.486566615803,122.475623492688,79.2696440115127,71.5233521323843,48.6259262342109,34.6739265236642,26.3358120727333,24.9991298676996
17,149.998826419239,145.635609324355,136.418960242072,122.330126328598,79.4667329291956,71.6796027769853,48.742404049983,34.7230704626018,26.3402892783174,24.9997427721069
18,150.006236032878,145.613446418715,136.340715990856,122.184961713865,79.656840963462,71.8303838252577,48.8602815264076,34.7714075717732,26.3490334109589,24.9996868061674
19,150.004383109943,145.595471849671,136.270482817357,122.03988821431,79.8463760933748,71.9850735484399,48.9801012462512,34.818866634115,26.3536252308668,24.9990777867676
20,150.006892386396,145.572565512836,136.201829179166,121.898983834311,80.0360152516774,72.1393514480636,49.1014004710476,34.8687183167672,26.3614726928396,24.9998376017947
21,150.002336110487,145.547767670437,136.127112183243,121.769787633101,80.2284571400132,72.2886160807952,49.2210229847507,34.9180139787127,26.3673071001205,24.998978782918
22,149.993035675179,145.521346156638,136.058663324498,121.63141927696,80.4066013814868,72.4363158631364,49.3398026390406,34.9658454815093,26.3752582625497,25.000286567395
23,150.005236939588,145.505215637509,135.995423754002,121.506569484954,80.5903727777009,72.5841010946941,49.4553261648578,35.0157088075607,26.3806665409294,24.9987774477307
24,150.006509898716,145.478913574825,135.924293130307,121.373266946249,80.768766905596,72.7315549392431,49.5778795987242,35.0643542184879,26.3895538667993,25.0001831509582
25,150.002681027323,145.454253455435,135.866905086654,121.253668190052,80.949246153912,72.8758326536703,49.6960831352051,35.1114605411527,26.3966397704724,25.0007243246451
26,150.003866101959,145.441074115754,135.80544286277,121.127993707614,81.1204588409002,73.017908212217,49.8123927152127,35.1617751031142,26.4036710280126,24.9993384169329
27,150.003646987022,145.418730488437,135.739782739564,121.01476246011,81.2996043188357,73.1598413101839,49.9249605551412,35.21105452668,26.4106803337657,24.9998700492837
28,149.998383405293,145.392903239912,135.673680961046,120.898763961152,81.4631009956524,73.2995389905832,50.0418819269051,35.2588775778253,26.4161959252965,25.0001733954582
29,150.002332168353,145.373221058727,135.617440341104,120.781631423646,81.6286417108104,73.4333532557582,50.1577284002943,35.306257796334,26.4223235594159,24.9989035036057
30,149.995067800317,145.352344044282,135.552824257469,120.669810932069,81.7939409079793,73.5672873362702,50.2709631211551,35.3557634322749,26.4285682573592,24.9999907222141
31,150.00309069132,145.326851965856,135.506803781492,120.569469131024,81.9558629627443,73.6966521059971,50.3803600053152,35.4024640294188,26.4362854149009,25.0003557880865
32,149.992977492696,145.30862097936,135.450885639194,120.466625099304,82.1108032784519,73.8251986322507,50.4913062437919,35.4491557948704,26.4430727872423,24.9993031643253
33,149.996653844774,145.291889116109,135.395748214149,120.356807999074,82.2731464133662,73.9541149631161,50.6028124787622,35.4936039608188,26.450059950732,25.0008426411138
34,149.993192570859,145.269592323499,135.335135003776,120.260951205574,82.4198375269714,74.0789250327256,50.7099942018982,35.5400222096387,26.4547125485466,25.0011776880786
35,149.993956976719,145.260096946803,135.287767319064,120.16041331921,82.5688665484025,74.203676992728,50.8175875672852,35.5861309708529,26.4626247749515,25.0008659322192
36,150.004851867425,145.232639161685,135.229305868509,120.069579627566,82.713422867422,74.3258446204358,50.9211246822798,35.6309296038394,26.4685510297865,25.0000149986397
37,150.002922429345,145.215452287587,135.185144080629,119.975309009236,82.8590904610186,74.44326469356,51.0249680779851,35.674020224216,26.4738697482889,24.9994471890279
38,149.997256492201,145.197388285232,135.135097498304,119.876605547717,82.9979525243918,74.5549534386971,51.1310791799199,35.7158517421806,26.4820605225567,25.0006165430546
39,150.006753330733,145.18132270858,135.085575734483,119.79536703844,83.1399888527957,74.6662671314884,51.2321611772221,35.7603680097873,26.4872200934045,24.9993423259603
40,149.993016691208,145.167811587663,135.039341677858,119.709181403482,83.277650930562,74.7808282076615,51.333042072543,35.800638840756,26.4928261340965,25.001143363204
41,149.999081165395,145.149824177223,134.997144997232,119.617554799898,83.4094382677467,74.8891834301159,51.4274311721117,35.8436212206203,26.5000784552412,25.0003006500902
42,149.998223376856,145.1428751978,134.94815693501,119.537749326726,83.5351698787239,74.9951965034771,51.5250666241506,35.885769145612,26.5051652403782,25.0002506553638
43,150.003982751822,145.120215546389,134.911315869341,119.451623312703,83.6627600807902,75.099165498852,51.6205160590033,35.9273728035039,26.5103895013647,24.9991815112541
44,150.004427998517,145.101476672479,134.866822140762,119.365445198402,83.7937229038311,75.1961403752344,51.7170470942133,35.9670085350475,26.5171028178868,24.9989758668454
45,149.995303089068,145.097060308805,134.827925667242,119.286498346872,83.9174376046444,75.3000970893374,51.8086672327241,36.0053433511214,26.5218941556649,24.9993881555066
46,149.999846465937,145.083585451377,134.786858434926,119.210941281204,84.0345088519786,75.3959713722893,51.9041209609033,36.0452695712985,26.527476798659,25.0008964263281
47,149.999183793011,145.06147225613,134.745692515421,119.138389261792,84.1487167305525,75.4895217252905,51.9904571477339,36.0824302119282,26.5332588860403,25.0010276676335
48,150.002194695152,145.042736203001,134.697957381886,119.064029561879,84.2701707435654,75.5820707010081,52.0793224616399,36.1222638826604,26.5377975060701,25.0004990844181
49,150.003140472463,145.031160399612,134.65957204528,118.989630794302,84.3791627152967,75.6789662072305,52.1698448902568,36.1596044744387,26.5427489639708,25.0005629558876
50,150.00382030023,145.019903179312,134.624787081599,118.911302720124,84.4896214698422,75.7635066620414,52.2575298157275,36.1958941788339,26.5488644055223,24.9993247151971
51,149.996640376155,145.009416638808,134.590140978649,118.842352513403,84.6020547535643,75.8509458462439,52.3404085303065,36.2303716723517,26.5547666547825,25.0001901336408
52,150.002695540153,144.991653452243,134.554961942203,118.766727883143,84.7022527846722,75.9404026900164,52.4237414054266,36.2662767845892,26.5586068979201,25.0007765702625
53,150.00232647006,144.983891401096,134.515424550922,118.697761489189,84.8068667092001,76.0259388468825,52.5073726430841,36.3006634951622,26.562812903347,24.999759608421
54,149.994939176028,144.972991456582,134.485356647452,118.629911182644,84.9143292416636,76.1050573057637,52.5882686071159,36.3372413393473,26.5686065572808,25.001221098168
55,149.994284965223,144.953646997171,134.44895716555,118.569245096845,85.0139460064721,76.1866968380659,52.6702206102494,36.3717150917536,26.5730659097518,24.9989749970375
56,149.99997546078,144.940100286225,134.417849867088,118.500980622903,85.1114516831737,76.2610005383179,52.7515033705972,36.4054412518805,26.5781042881784,24.9995523525816
57,150.006896159378,144.930870589536,134.378043013376,118.432250079837,85.2093938346297,76.343900263111,52.8280712685996,36.4372653904496,26.5839514642219,25.000028522347
58,149.9976057859,144.919562367842,134.341867749625,118.371697477734,85.3034985412247,76.4158908795281,52.9021695147711,36.4700446186304,26.5874384192276,24.9989015159164
59,150.001279016265,144.909653527261,134.306020853509,118.304332976624,85.3965571925277,76.4904738952341,52.9794630828094,36.5005545246183,26.5919635249913,25.0005642198089
60,149.995857179092,144.899615975476,134.280397820892,118.240870290025,85.4829373195464,76.5574889951688,53.052337927727,36.5349776943315,26.596377990297,25.0001413893714
61,150.00376900589,144.882425975179,134.250714266474,118.188765444317,85.5752056851131,76.6337979862641,53.1282824507245,36.5645542923103,26.6002195293514,25.0000733997562
62,149.996326426732,144.874093066218,134.214465807488,118.124655349706,85.6611054259289,76.7022157893494,53.2004216154171,36.5944219116427,26.6049005225039,25.0008249560801
63,150.000089355775,144.871165405435,134.178968200115,118.069138174801,85.7450880038678,76.764797472476,53.2748984090622,36.6272791670896,26.6087374371134,25.0008968975852
64,150.00298615084,144.849417920678,134.150721397087,118.007295849791,85.8259003619937,76.833868379302,53.344345668456,36.6566553444825,26.613884323125,25.0007225723083
65,150.005863548788,144.852038930253,134.119021491632,117.94762115783,85.914129208509,76.8968916136655,53.4120342492584,36.6865423092717,26.6175996800632,24.9995445826343
66,150.006889371378,144.838904774168,134.090947183908,117.892771620187,85.9907931957884,76.9617688324053,53.4826582176957,36.7133727369456,26.621819641611,24.9998805186344
67,150.000708232949,144.82529250674,134.063690149665,117.836647040249,86.0720315746218,77.022470972446,53.5460745579314,36.7434064553614,26.6262117882673,25.0006305699251
68,149.994579366642,144.8166258835,134.035848168824,117.781766313726,86.1505766369252,77.0831238089388,53.6139396510511,36.7715740439083,26.6293925740074,24.9990246542644
69,149.994739410083,144.801853838784,134.006275361705,117.714636312366,86.2210030930464,77.140565202233,53.6824026779367,36.7973818962661,26.634330870162,24.9990243559215
70,149.996362623812,144.795365669154,133.983596953384,117.669987643716,86.2956634040138,77.1991414080228,53.7470147574277,36.8258359606136,26.6387748704261,24.9994247091593
71,150.00511075884,144.793099843172,133.950882021499,117.612829729287,86.3723523797232,77.2541093556277,53.8096830954215,36.8523714108377,26.6413676117186,25.0000615933635
72,149.996314232685,144.77763226538,133.928995020858,117.563714329417,86.4434654178868,77.3166842594369,53.8720522042691,36.8806431347685,26.6465818852856,25.0011816276924
73,150.004714272391,144.767942918177,133.897643797531,117.505343923422,86.5172910272828,77.3690329623279,53.9325851838435,36.9053185805112,26.6484055593417,25.0005260217132
74,149.996152874531,144.754553053229,133.874996949971,117.45244299149,86.5855039003992,77.4244964192565,53.996951938596,36.9334917976727,26.6529238602363,24.9995296498629
75,150.006438954348,144.749195174672,133.838785130004,117.404472942244,86.6526621957846,77.4707389835875,54.0529045487627,36.9587896028003,26.6554978102505,24.9994786428191
76,149.99774975649,144.742181744722,133.81830613642,117.346566354503,86.7132009007239,77.5277315064635,54.1156999064237,36.9823804628256,26.659641614716,25.0008758933434
77,149.995448928756,144.734118765638,133.787121683914,117.299123415176,86.7786182593185,77.5768223402177,54.1739647824621,37.0076411390036,26.6625720268052,25.00102911856
78,149.99626625787,144.721260941716,133.766530029119,117.253779785988,86.8427865685104,77.6241808722252,54.2329125484366,37.0328958605172,26.6665400380527,25.0003481903682
79,150.001740670142,144.71220588778,133.741416557669,117.200425583112,86.9118181829314,77.6711568257548,54.2877187950535,37.0576094031139,26.6698351919725,24.9993884257449
80,149.999599332734,144.712638457793,133.707885560034,117.15459049024,86.974800626034,77.716804458883,54.3460393594116,37.0806494946817,26.6735434368768,24.9989716646001
81,149.997774892606,144.690440261783,133.685513422559,117.104852015334,87.0331531392018,77.7667600943268,54.402176173963,37.1040759212183,26.676622586614,25.0008456389688
82,150.004962429418,144.694350724759,133.66050079054,117.055079042067,87.087866488986,77.807872228891,54.4543310898133,37.1263975413038,26.6798089407738,25.0002117965482
83,150.001278961367,144.686500453806,133.642092662084,117.00361849495,87.1514635825753,77.8508656418869,54.50981658478,37.1498214556849,26.6842762882164,25.0011202718385
84,150.000745854124,144.67664150251,133.620368848422,116.961522321467,87.2035364575959,77.8997307830428,54.5656820397627,37.1734190800309,26.6882791591682,24.998902572323
85,150.006257904957,144.65847712014,133.589858722338,116.908175849658,87.2599926182676,77.9415083726638,54.6161888013689,37.1964019890526,26.6915358834467,25.0002116032584
86,149.996787585282,144.652851658942,133.572099624564,116.868453705653,87.319962937781,77.9835347794447,54.6671730294686,37.2178545043641,26.6927319273936,24.9994627702141
87,150.003858003437,144.646015157523,133.547352427616,116.823256061568,87.3716727399047,78.0238245576268,54.7202761049609,37.2370183039115,26.6965024449263,25.0008193304336
88,150.003805936414,144.643181138187,133.515320045331,116.778902881415,87.428000247043,78.0621408434699,54.7697356659913,37.2609640015182,26.6992504697448,24.9992274661017
89,149.998206687705,144.627592490909,133.500398813463,116.736067117737,87.4813965492057,78.1011924836706,54.8221484159485,37.2813141394649,26.7026388727456,24.9998563249055
90,150.001017324611,144.62839726226,133.474880408688,116.692853704882,87.5316026917914,78.1430239319276,54.869891720601,37.3022760032363,26.7049031124283,24.9997335287659
91,149.993637814343,144.611944213076,133.460150169303,116.669100121857,87.566541735412,78.1832027837735,54.9104000703047,37.3215739974908,26.7072970774164,25.0008164349476
92,149.99330925178,144.612625620859,133.432586310191,116.674849834362,87.5751234177907,78.2284197399377,54.938253781784,37.3420541722456,26.7110697519791,25.0004421777336
93,150.000461963295,144.604066758242,133.432260343535,116.70171099344,87.5841472345597,78.260590147777,54.9577433815268,37.354234496262,26.7127890009657,24.999269007586
94,150.004187508452,144.603297753637,133.432753246161,116.730326776323,87.5853425863738,78.2856246331117,54.9645663669496,37.3642488896219,26.7143311797323,24.9995452618154
95,150.006510160263,144.598956903198,133.440082793575,116.763479964771,87.5792147918289,78.3010534378609,54.9710858770146,37.3715531507554,26.7182605143985,24.9990845274634
96,149.994448593127,144.599722139299,133.455583156682,116.809594943802,87.5634800403901,78.3149194458668,54.9684767903951,37.3756123236841,26.7178532780657,25.0004286572237
97,150.001032354913,144.598945935459,133.464528665813,116.867027725472,87.5538074296333,78.3257578220728,54.9625809573479,37.3775311055209,26.7198534395534,25.0001774776887
98,149.999540859616,144.59156964826,133.488427457848,116.9142914532,87.5388000149164,78.3262919673413,54.9460871315276,37.3765424971914,26.719537497554,24.9991744176651
99,149.992678531043,144.598664337103,133.50422316944,116.972435675247,87.5238711351868,78.324397070865,54.9326625540508,37.3728460152501,26.7174148070643,24.9991191394429
100,149.997556839666,144.594275992231,133.520210191543,117.020674210612,87.5029462822537,78.3288090491182,54.915820961513,37.3680089917698,26.7188254975656,24.9999401992957
101,149.994932734623,144.595632055868,133.545379622513,117.081744610835,87.4821466168549,78.3223379509395,54.8922938076203,37.3620547715528,26.7182619500543,25.0010202560413
102,150.00441426811,144.610540155799,133.5772097475,117.140831510142,87.4538052101777,78.3130768776713,54.8679983957421,37.3548369419286,26.717251063682,25.0001304375668
103,149.997168225631,144.612320620536,133.599471788424,117.192929693063,87.4256758346158,78.3087378029708,54.8443176521094,37.3469876214468,26.7159651762547,24.9988323497319
104,150.000427997033,144.617972851078,133.621644111037,117.259650716999,87.3959529338541,78.2912267234059,54.8154553385608,37.3361281744228,26.7138670502719,24.9988846573161
105,149.994984730942,144.630615929744,133.651374079784,117.317267239833,87.3713852910177,78.2811736323166,54.7850083265114,37.3239722571789,26.7139936304491,25.0007626580714
106,150.001529729121,144.633339854632,133.682799711209,117.37478252081,87.3340856803956,78.265576307967,54.7534214754962,37.3137789672,26.7110524891071,24.9998784371368
107,149.996444569268,144.640870371894,133.705682808448,117.441699455153,87.3015998523435,78.2469363151505,54.7165293448319,37.2986008539945,26.7098272065461,24.9997066155739
108,150.002311186477,144.652163125891,133.741943565562,117.500490961445,87.2672799693862,78.2264676327015,54.6831890549602,37.2850463397684,26.709500797181,25.0007241092592
109,150.002838217547,144.659511620117,133.764724934678,117.56246537324,87.2271047915219,78.205467253927,54.647409834317,37.271209567508,26.7075938406021,24.9996607171738
110,150.003722273892,144.664625956416,133.803579475855,117.626725473777,87.1917836796686,78.1870160104978,54.6086546652183,37.2569828806294,26.7044757330674,25.0000808748375
111,149.999258123978,144.667614434051,133.825122156062,117.68982087362,87.1499655834046,78.1622143029197,54.5724435970481,37.2424994798642,26.7022601275875,25.000529141765
112,149.99375732067,144.677358766303,133.862349986163,117.754613345902,87.1051369161013,78.1421508979165,54.5332815009607,37.2268130407524,26.700967248566,25.000928691295
113,149.995934654531,144.695844369221,133.885557944877,117.817690472363,87.0672382681785,78.1137757456037,54.4891393695931,37.2096388898658,26.6996296977779,24.9995717240292
114,150.006200060423,144.69275322233,133.918145313034,117.890000159052,87.0164938090939,78.0905954951017,54.4495456606856,37.1950424892102,26.6974144471094,25.0003752950635
115,149.994785670285,144.708922979563,133.947104367102,117.951698722143,86.9719577626973,78.0616686756962,54.4032802125523,37.176382762446,26.6942885688153,25.00118709037
116,150.004887254662,144.713920112956,133.985513363477,118.021148190293,86.9238573602077,78.0311071653808,54.3630834793574,37.1591400407077,26.6912559829187,24.9989399184032
117,150.000575136529,144.735460224222,134.0191785319,118.089993250597,86.877426202463,77.9975697815462,54.3143588771667,37.1430965777992,26.6902436616108,25.0002175479177
118,150.007442020749,144.741558269844,134.049892871479,118.155269953277,86.8232660162561,77.9720383237976,54.2709600519717,37.1257021743662,26.6866880269365,24.9997847162444
119,149.993672632931,144.748567851503,134.081140045294,118.223913358777,86.7742910509673,77.9338854863845,54.2230257499173,37.1075009267385,26.685404953863,24.9995228410662
120,149.999140174047,144.7583521894,134.117265089904,118.291692393853,86.7186351182227,77.9051372231703,54.1778109984101,37.0870011330989,26.6805100579819,24.9994095851038
121,149.994099791553,144.762729430794,134.150830003459,118.357405311775,86.6643023702054,77.8646760981007,54.1277083983582,37.069209454359,26.6792186171872,25.0006469156627
122,150.006928471213,144.782195014671,134.185110192508,118.431947604426,86.6143772482142,77.8297287607572,54.0783229481872,37.047834492784,26.6770341274023,25.0012380399528
123,149.992569513362,144.783510708996,134.218733249496,118.507165087781,86.5530080079339,77.7902816950151,54.0302689439594,37.0276063741973,26.6728746175526,24.9992164286104
124,150.004123656971,144.794624653501,134.257442949257,118.57907660444,86.4972473100671,77.7562510784004,53.9764597825364,37.0064846969769,26.6705172768564,25.0007028631713
125,150.00475954831,144.811956737717,134.28247596573,118.644345172089,86.4405392061726,77.7132421525233,53.9251734496238,36.9860672790768,26.6672940899494,24.9992394949526
126,150.00553042058,144.816735330747,134.324486521626,118.716830925438,86.3747380552636,77.6716412617808,53.8753128969402,36.9651661990912,26.664776645654,25.001230897433
127,149.993766537683,144.838236241645,134.353805819909,118.795106446786,86.3144094182141,77.635240960222,53.816899657836,36.9421393982789,26.6620710539929,25.0007556539244
128,149.998496739736,144.849402716115,134.388303888644,118.870893402607,86.2509583854014,77.5895327299482,53.767630791807,36.9233419723682,26.6594843987597,24.9998105667748
129,149.996398056043,144.859324306714,134.431337335269,118.944006239467,86.1827359955722,77.5480352647527,53.7083200391769,36.8981492088513,26.6551313562931,25.0005721596701
130,150.004501027203,144.862455261847,134.466119254725,119.018166325575,86.1178019513592,77.5008166762762,53.6549612884243,36.8770247798476,26.6534060226826,24.9999958839563
131,149.998971207412,144.881394639457,134.50356115779,119.104607466339,86.0447933188085,77.4564705515194,53.5977734765421,36.8556267809464,26.6495484609334,25.000772475668
132,150.006159713916,144.891038761926,134.544066510952,119.172862049294,85.9820893389843,77.4043743577715,53.5406587681919,36.8308548320876,26.6462947140793,24.9996412723337
133,149.995227705425,144.909445540991,134.583754772495,119.252704208627,85.9043801121092,77.362655185499,53.4805486427716,36.8081369969066,26.6430857967893,24.9989331085862
134,149.996457043748,144.91671297036,134.61680255035,119.333721975565,85.8322340860313,77.3119950728968,53.4226580078417,36.7850211874068,26.6395869035812,25.0002274786382
135,149.994683084706,144.931011223502,134.660188311442,119.41565280364,85.7624148746192,77.2605338974009,53.3635444511301,36.7610499314212,26.6384132770396,25.0010254695768
136,149.994541028381,144.938240599239,134.696565914842,119.503809874221,85.683788530019,77.2087640587975,53.2983267563803,36.7366432535571,26.6349979626062,24.9992344148404
137,150.005539383115,144.950332834943,134.742506373728,119.58709285077,85.608614752171,77.1518843225139,53.2368056936341,36.708998945669,26.6312769448253,24.9998309194788
138,150.00119556881,144.968586517316,134.783121082956,119.665849422097,85.5261911527387,77.0988279944134,53.178794374953,36.6839644082344,26.6275765466251,25.0006228993227
139,150.000747903028,144.970549406948,134.81663148228,119.762557041789,85.4442248142877,77.0423193219775,53.1134271253168,36.660661990655,26.6225957003554,24.9988479612166
140,149.994674321973,144.984151202097,134.863288568193,119.847536075039,85.359578660913,76.9844296991706,53.0466444688194,36.6335319293189,26.6195260861187,25.0011158124745
141,150.005295466766,144.997784566341,134.905289779152,119.936305193087,85.2806121231741,76.9235458343693,52.9820861756975,36.6068187951683,26.6154567462548,25.0006591833092
142,150.001830826972,145.014163441199,134.94774697389,120.018159871637,85.192340473719,76.8630075458911,52.9141914140756,36.5804555220358,26.6112925853015,25.0001470513763
143,149.997764285713,145.033954314977,134.995820415926,120.119004074685,85.1044947633417,76.8027847174765,52.8476140912598,36.5540664899293,26.6084134490329,24.9992096073612
144,150.000198743098,145.047135722958,135.031909482956,120.212536230012,85.0159187966503,76.7378012143736,52.7792431657279,36.5254836342845,26.6056611297514,24.9999948720375
145,149.998527120506,145.050136551533,135.077535488289,120.307185398891,84.919390573931,76.6774414246659,52.7103384181513,36.4963542181477,26.6016367499558,25.0000446140006
146,149.993639500375,145.069021986545,135.120421119356,120.401167075087,84.8277367853397,76.6124908292558,52.6391037867953,36.468947622063,26.5975361491453,25.0012356075266
147,149.996098742303,145.085044921805,135.177770732038,120.497258876055,84.7357459992576,76.5372325580668,52.5688308345348,36.4401203666998,26.5933212105791,25.0008871292077
148,149.994349784023,145.09782531932,135.220757530939,120.592479125711,84.637149513641,76.4715273975128,52.4953073167367,36.4129333770095,26.5889225450056,25.0011560098493
149,149.995258616824,145.115898279621,135.266200565185,120.688497234293,84.5322323046237,76.3968420891645,52.4259200848454,36.3821052676498,26.5854383373041,25.0004473525224
150,149.996099287885,145.130286754623,135.316798218985,120.792849549293,84.4299924573655,76.3293163352652,52.3473239651312,36.3523818409022,26.5820160057614,24.999758753472
151,149.998759006036,145.140441984884,135.364720083415,120.892997040216,84.3251360824789,76.2559777305624,52.2761456778343,36.3220372874856,26.5778446530876,25.0010874477154
152,149.993244816455,145.157731420332,135.416100335264,120.996804346433,84.217567135663,76.1723598334502,52.1967067405335,36.2898026545881,26.5731142960549,24.9999487113641
153,150.006040741649,145.167189327278,135.465502437177,121.114616270791,84.1118189336136,76.1005341466454,52.1170747644362,36.2590864049685,26.5692724455177,24.9993294790292
154,150.006671807846,145.196995064848,135.51954094063,121.215516705368,84.0020722689648,76.0131259278745,52.0396534171374,36.2274334862697,26.5646393580003,24.9997407256213
155,149.999862961387,145.201128899988,135.569347018119,121.325934865342,83.8884105159438,75.9357919255382,51.9615555442851,36.1937153988635,26.5588251405958,25.0005126936878
156,149.999838789576,145.216496447219,135.629118613161,121.438794827773,83.7699780997287,75.8521050902297,51.880504277386,36.1624312196698,26.5553441050868,25.0001463975864
157,149.997565791147,145.23688106807,135.672896761135,121.554805640202,83.6469443499419,75.7636559859749,51.796618032485,36.129665974492,26.550365527513,25.0006415767522
158,150.006000807696,145.251141882633,135.726590560096,121.673424247967,83.5290602860331,75.6775804133763,51.7134948746975,36.0949487103171,26.5450576337156,25.0012387026464
159,149.998038701717,145.272451358844,135.782833094815,121.784347652244,83.3997467000315,75.5867016202525,51.6294185546246,36.0621644055565,26.5405040619281,25.0011560785109
160,149.994168041329,145.287633301348,135.839389312837,121.914967305606,83.2717899751194,75.4913420542525,51.5386246548777,36.0269971522608,26.5358637358821,25.0000876677631
161,150.004203781025,145.314190355531,135.902228376685,122.034403546472,83.1404513173456,75.3919767753857,51.452089890308,35.9903338346018,26.5322736913529,25.0011596753249
162,149.998346082554,145.331706074165,135.962084144893,122.163186667994,83.0066552475885,75.2944309925766,51.3615660248658,35.9547969358557,26.5267111664029,24.999039064698
163,149.996125369289,145.337382157805,136.021307206168,122.284539463705,82.8695005467896,75.1934671221682,51.2717154373411,35.9181145855543,26.5224072043666,24.9988786207331
164,149.998558682184,145.365953333058,136.088183249033,122.415711881499,82.7290411129155,75.089086780357,51.1823322796806,35.8824963060299,26.5161661777076,24.9995108723641
165,149.993946817878,145.37808698017,136.148956647994,122.543393401554,82.5859238132575,74.9835309623322,51.0887801318062,35.8447422417177,26.5103497568807,25.0002004795829
166,149.994479599389,145.399615327679,136.214726974913,122.679968457115,82.4382546533793,74.8784905526663,50.9944918101273,35.8054435360369,26.5064903127881,25.0000774111308
167,150.006630758862,145.421083762881,136.281954164565,122.823676082329,82.2861222451598,74.7691396513128,50.896340876471,35.7675576782526,26.5004902751905,25.0010030202316
168,150.006842018103,145.446844717095,136.348798926532,122.960102094044,82.1312981160196,74.649993334365,50.7954946606376,35.7289922402925,26.4968401911046,25.0001013760629
169,150.001128128926,145.459605987147,136.405755814169,123.110442763959,81.9775495911536,74.5325300211967,50.6999296865794,35.6883022776289,26.4912281334928,24.9998299515271
170,149.993396693144,145.488617924786,136.473979019844,123.247128680909,81.8129314477581,74.4156961790255,50.597731114195,35.6472398056424,26.4842691823041,25.0001066674686
171,149.996021698701,145.499892778681,136.551929613169,123.407200675517,81.6444777321027,74.2909633005032,50.4918247145617,35.6036506221535,26.4776032286348,25.0005310370145
172,149.997797378568,145.527315659387,136.61547924477,123.554148994927,81.4698717453317,74.1610699851957,50.3880426928891,35.5624822726625,26.4735267340556,24.9987916867824
173,150.004817910603,145.548847395974,136.694639293627,123.71194585031,81.2940338611077,74.0319020428139,50.2833521351641,35.520307628665,26.4680778574106,25.0007523022051
174,149.992731051565,145.569476865177,136.769504941704,123.874665459145,81.1122295885765,73.8950755316005,50.1732134128479,35.476211182404,26.4624440924907,24.9991062733123
175,149.993145357025,145.594730778714,136.850416231126,124.028417036099,80.9334718143171,73.7528681502147,50.0631175533353,35.4303719926505,26.4539309755143,24.9999461861823
176,149.995034850442,145.617684187258,136.923291772517,124.196156590826,80.7412619398148,73.6122449297827,49.9483950381377,35.3858335234927,26.4487712308843,24.9993920883854
177,150.002236732124,145.634473848887,137.001761954162,124.366678286222,80.5443481143154,73.4620048590415,49.8338518442394,35.3419997111901,26.4428100815589,24.9996727292221
178,150.003475835785,145.658151304717,137.087051084514,124.544161575635,80.3412988876743,73.310919486894,49.7174732936357,35.2923082255719,26.436661610365,25.0004044122834
179,150.002216189447,145.695772512244,137.171308812121,124.722602987124,80.1334598805531,73.1578050954922,49.5970416324535,35.247649125098,26.4302079842149,24.9991740220336
180,149.999263855596,145.709182542607,137.253457488223,124.895549765775,79.9246588286807,72.9961186266763,49.4782129775161,35.1963573973375,26.4233645956721,24.9994469600511
