pos,load,Var3,time,Var5,Var6,T_oven,T_Cu1,T_Cu2,T_Inco1,T_Inco2,T_Cu3,T_Cu4,Var14,Var15,Var16
-5.919,0.005,-0,52808.329,0,271,157.96,62.609,59.581,52.588,36.886,32.731,32.473,2297.474,2297.474,2297.474
-5.925,0.004,-0,52809.029,0,271,157.951,62.7,59.671,52.679,36.944,32.792,32.528,2297.48,2297.48,2297.48
-5.934,0.004,-0,52809.723,0,271,157.948,62.801,59.757,52.762,37.013,32.853,32.583,2297.484,2297.484,2297.484
-5.934,0.005,-0,52810.423,0,271,157.928,62.891,59.849,52.86,37.065,32.895,32.639,2297.475,2297.475,2297.475
-5.928,0.005,-0,52811.124,0,271,157.925,62.985,59.94,52.935,37.129,32.949,32.685,2297.471,2297.471,2297.471
-5.918,0.004,-0,52811.829,0,271,157.912,63.078,60.036,53.03,37.196,32.999,32.747,2297.479,2297.479,2297.479
-5.931,0.004,-0,52812.525,0,271,157.894,63.158,60.124,53.112,37.251,33.063,32.798,2297.468,2297.468,2297.468
-5.935,0.004,-0,52813.227,0,271,157.895,63.256,60.22,53.201,37.321,33.121,32.865,2297.478,2297.478,2297.478
-5.927,0.005,-0,52813.924,0,271,157.873,63.338,60.315,53.284,37.386,33.177,32.909,2297.465,2297.465,2297.465
-5.919,0.004,-0,52814.633,0,271,157.866,63.433,60.402,53.366,37.451,33.225,32.968,2297.465,2297.465,2297.465
-5.945,0.004,-0,52815.323,0,271,157.859,63.526,60.497,53.452,37.509,33.286,33.018,2297.468,2297.468,2297.468
-5.963,0.004,-0,52816.026,0,271,157.836,63.616,60.585,53.535,37.569,33.346,33.072,2297.459,2297.459,2297.459
-5.965,0.004,-0,52816.733,0,271,157.844,63.707,60.681,53.629,37.637,33.401,33.129,2297.466,2297.466,2297.466
-5.999,0.004,-0,52817.429,0,271,157.824,63.799,60.771,53.717,37.695,33.447,33.176,2297.459,2297.459,2297.459
-6.001,0.004,-0,52818.124,0,271,157.816,63.901,60.878,53.803,37.769,33.519,33.244,2297.468,2297.468,2297.468
-6.026,0.005,-0,52818.826,0,271,157.819,63.998,60.965,53.89,37.839,33.573,33.306,2297.487,2297.487,2297.487
-6.034,0.005,-0,52819.524,0,271,157.816,64.078,61.046,53.97,37.896,33.616,33.352,2297.468,2297.468,2297.468
-6.048,0.004,-0,52820.226,0,271,157.793,64.175,61.139,54.053,37.958,33.666,33.407,2297.474,2297.474,2297.474
-6.063,0.004,-0,52820.923,0,271,157.781,64.26,61.226,54.146,38.025,33.719,33.453,2297.466,2297.466,2297.466
-6.076,0.004,-0,52821.628,0,271,157.776,64.349,61.312,54.223,38.078,33.778,33.516,2297.466,2297.466,2297.466
-6.088,0.004,-0,52822.324,0,271,157.761,64.451,61.409,54.307,38.155,33.839,33.567,2297.473,2297.473,2297.473
-6.106,0.004,-0,52823.024,0,271,157.764,64.535,61.503,54.403,38.21,33.894,33.621,2297.477,2297.477,2297.477
-6.106,0.004,-0,52823.728,0,271,157.754,64.625,61.599,54.489,38.279,33.951,33.679,2297.478,2297.478,2297.478
-6.139,0.004,-0,52824.423,0,271,157.731,64.709,61.674,54.57,38.343,33.995,33.719,2297.466,2297.466,2297.466
-6.145,0.005,-0,52825.127,0,271,157.726,64.801,61.772,54.648,38.4,34.047,33.779,2297.473,2297.473,2297.473
-6.167,0.004,-0,52825.824,0,271,157.729,64.897,61.862,54.743,38.468,34.102,33.829,2297.474,2297.474,2297.474
-6.189,0.004,-0,52826.527,0,271,157.711,64.98,61.952,54.825,38.532,34.156,33.884,2297.475,2297.475,2297.475
-6.189,0.004,-0,52827.237,0,271,157.705,65.07,62.043,54.9,38.59,34.213,33.932,2297.477,2297.477,2297.477
-6.216,0.004,-0,52827.928,0,271,157.686,65.16,62.122,54.983,38.657,34.255,33.977,2297.468,2297.468,2297.468
-6.234,0.004,-0,52828.634,0,271,157.686,65.251,62.214,55.072,38.701,34.306,34.008,2297.464,2297.464,2297.464
-6.228,0.001,-0,52829.328,0,271,157.679,65.351,62.306,55.162,38.776,34.361,34.068,2297.474,2297.474,2297.474
-6.246,-0.005,-0,52830.025,0,271,157.669,65.433,62.389,55.234,38.837,34.402,34.109,2297.468,2297.468,2297.468
-6.253,-0.014,-0,52830.727,0,271,157.651,65.529,62.487,55.318,38.905,34.456,34.149,2297.472,2297.472,2297.472
-6.242,-0.017,-0,52831.424,0,271,157.645,65.649,62.577,55.413,38.967,34.494,34.2,2297.485,2297.485,2297.485
-6.253,-0.023,-0,52832.125,0,271,157.614,65.765,62.661,55.482,39.027,34.535,34.241,2297.473,2297.473,2297.473
-6.265,-0.038,-0,52832.824,0,271,157.593,65.897,62.77,55.569,39.103,34.58,34.279,2297.489,2297.489,2297.489
-6.261,-0.053,-0,52833.529,0,271,157.548,66.03,62.852,55.641,39.168,34.618,34.325,2297.485,2297.485,2297.485
-6.27,-0.065,-0,52834.225,0,271,157.493,66.193,62.947,55.71,39.219,34.656,34.357,2297.468,2297.468,2297.468
-6.28,-0.075,-0,52834.925,0,271,157.438,66.393,63.048,55.781,39.297,34.711,34.4,2297.476,2297.476,2297.476
-6.278,-0.079,-0,52835.624,0,271,157.366,66.598,63.153,55.848,39.352,34.746,34.429,2297.469,2297.469,2297.469
-6.262,-0.08,-0,52836.34,0,271,157.309,66.794,63.262,55.915,39.41,34.792,34.479,2297.465,2297.465,2297.465
-6.279,-0.082,-0,52837.029,0,271,157.249,66.983,63.373,55.968,39.475,34.818,34.521,2297.459,2297.459,2297.459
-6.282,-0.081,-0,52837.741,0,271,157.216,67.195,63.518,56.058,39.549,34.888,34.574,2297.489,2297.489,2297.489
-6.271,-0.086,-0,52838.431,0,271,157.167,67.37,63.65,56.125,39.616,34.92,34.612,2297.487,2297.487,2297.487
-6.275,-0.087,-0,52839.125,0,271,157.126,67.545,63.785,56.202,39.67,34.961,34.657,2297.479,2297.479,2297.479
-6.287,-0.092,-0,52839.827,0,271,157.08,67.718,63.912,56.276,39.721,35.004,34.692,2297.478,2297.478,2297.478
-6.284,-0.101,-0,52840.535,0,271,157.049,67.898,64.063,56.358,39.8,35.048,34.735,2297.478,2297.478,2297.478
-6.27,-0.103,-0,52841.231,0,271,157.004,68.062,64.202,56.433,39.851,35.094,34.774,2297.472,2297.472,2297.472
-6.286,-0.107,-0,52841.942,0,271,156.96,68.226,64.339,56.52,39.909,35.133,34.82,2297.468,2297.468,2297.468
-6.299,-0.113,-0,52842.625,0,271,156.913,68.399,64.492,56.605,39.978,35.174,34.866,2297.476,2297.476,2297.476
-6.301,-0.119,-0,52843.331,0,271,156.879,68.584,64.644,56.693,40.048,35.229,34.914,2297.481,2297.481,2297.481
-6.291,-0.125,-0,52844.031,0,271,156.839,68.737,64.782,56.775,40.1,35.267,34.952,2297.468,2297.468,2297.468
-6.311,-0.144,-0,52844.727,0,271,156.791,68.905,64.931,56.864,40.155,35.314,34.994,2297.473,2297.473,2297.473
-6.326,-0.174,-0,52845.432,0,271,156.763,69.08,65.078,56.941,40.228,35.373,35.044,2297.478,2297.478,2297.478
-6.327,-0.205,-0,52846.126,0,271,156.709,69.247,65.238,57.008,40.288,35.406,35.083,2297.474,2297.474,2297.474
-6.329,-0.242,-0,52846.826,0,271,156.671,69.429,65.383,57.069,40.359,35.455,35.136,2297.478,2297.478,2297.478
-6.355,-0.276,-0,52847.531,0,271,156.631,69.615,65.538,57.126,40.427,35.503,35.182,2297.493,2297.493,2297.493
-6.363,-0.32,-0,52848.226,0,271,156.575,69.818,65.693,57.147,40.484,35.549,35.219,2297.49,2297.49,2297.49
-6.358,-0.357,-0,52848.925,0,271,156.517,70.031,65.841,57.154,40.567,35.588,35.259,2297.483,2297.483,2297.483
-6.386,-0.404,-0,52849.627,0,271,156.446,70.254,65.989,57.169,40.642,35.624,35.297,2297.477,2297.477,2297.477
-6.393,-0.454,-0,52850.326,0,271,156.377,70.493,66.149,57.204,40.73,35.665,35.338,2297.486,2297.486,2297.486
-6.386,-0.509,-0,52851.027,0,271,156.321,70.732,66.315,57.243,40.829,35.725,35.387,2297.492,2297.492,2297.492
-6.413,-0.563,-0,52851.725,0,271,156.251,70.966,66.469,57.302,40.919,35.767,35.426,2297.481,2297.481,2297.481
-6.417,-0.617,-0,52852.44,0,271,156.176,71.217,66.64,57.378,41.007,35.804,35.466,2297.484,2297.484,2297.484
-6.414,-0.671,-0,52853.131,0,271,156.113,71.47,66.813,57.46,41.115,35.852,35.508,2297.488,2297.488,2297.488
-6.439,-0.725,-0,52853.83,0,271,156.034,71.724,66.981,57.55,41.19,35.88,35.532,2297.469,2297.469,2297.469
-6.436,-0.779,-0,52854.534,0,271,155.972,71.965,67.154,57.643,41.281,35.915,35.577,2297.466,2297.466,2297.466
-6.45,-0.835,-0,52855.241,0,271,155.906,72.228,67.359,57.765,41.375,35.979,35.628,2297.491,2297.491,2297.491
-6.462,-0.891,-0,52855.931,0,271,155.828,72.465,67.538,57.862,41.455,36,35.666,2297.47,2297.47,2297.47
-6.454,-0.949,-0,52856.638,0,271,155.759,72.716,67.737,57.982,41.545,36.059,35.705,2297.466,2297.466,2297.466
-6.481,-1.004,-0,52857.346,0,271,155.704,72.974,67.948,58.105,41.624,36.109,35.763,2297.481,2297.481,2297.481
-6.475,-1.061,-0,52858.033,0,271,155.643,73.224,68.151,58.235,41.726,36.151,35.799,2297.492,2297.492,2297.492
-6.493,-1.122,-0,52858.729,0,271,155.555,73.463,68.345,58.364,41.785,36.176,35.826,2297.462,2297.462,2297.462
-6.498,-1.184,-0,52859.433,0,271,155.51,73.719,68.552,58.494,41.881,36.234,35.884,2297.486,2297.486,2297.486
-6.503,-1.254,-0,52860.126,0,271,155.447,73.966,68.768,58.634,41.96,36.288,35.925,2297.489,2297.489,2297.489
-6.517,-1.327,-0,52860.826,0,271,155.371,74.213,68.968,58.77,42.043,36.318,35.969,2297.478,2297.478,2297.478
-6.504,-1.406,-0,52861.527,0,271,155.308,74.472,69.182,58.922,42.122,36.361,36.015,2297.482,2297.482,2297.482
-6.531,-1.482,-0,52862.23,0,271,155.266,74.714,69.398,59.06,42.205,36.428,36.056,2297.489,2297.489,2297.489
-6.527,-1.564,-0,52862.939,0,271,155.198,74.955,69.618,59.198,42.28,36.467,36.105,2297.488,2297.488,2297.488
-6.542,-1.647,-0,52863.627,0,271,155.127,75.186,69.822,59.351,42.346,36.515,36.142,2297.473,2297.473,2297.473
-6.552,-1.747,-0,52864.335,0,271,155.088,75.405,70.04,59.508,42.423,36.566,36.19,2297.482,2297.482,2297.482
-6.545,-1.836,-0,52865.035,0,271,155.034,75.614,70.264,59.649,42.486,36.588,36.225,2297.474,2297.474,2297.474
-6.571,-1.907,-0,52865.728,0,271,154.992,75.864,70.479,59.826,42.565,36.643,36.271,2297.488,2297.488,2297.488
-6.564,-1.99,-0,52866.437,0,271,154.932,76.071,70.688,59.968,42.629,36.682,36.325,2297.477,2297.477,2297.477
-6.58,-2.074,-0,52867.133,0,271,154.874,76.307,70.905,60.127,42.7,36.741,36.359,2297.484,2297.484,2297.484
-6.591,-2.158,-0,52867.827,0,271,154.831,76.54,71.123,60.284,42.765,36.787,36.412,2297.478,2297.478,2297.478
-6.579,-2.235,-0,52868.538,0,271,154.768,76.757,71.333,60.441,42.825,36.815,36.441,2297.472,2297.472,2297.472
-6.602,-2.301,-0,52869.234,0,271,154.726,76.994,71.552,60.617,42.894,36.874,36.502,2297.492,2297.492,2297.492
-6.606,-2.374,-0,52869.93,0,271,154.682,77.215,71.776,60.785,42.963,36.912,36.54,2297.493,2297.493,2297.493
-6.602,-2.456,-0,52870.627,0,271,154.619,77.445,71.978,60.934,43.026,36.966,36.583,2297.483,2297.483,2297.483
-6.625,-2.52,-0,52871.338,0,271,154.572,77.663,72.191,61.113,43.096,37.013,36.622,2297.489,2297.489,2297.489
-6.624,-2.576,-0,52872.033,0,271,154.523,77.893,72.415,61.282,43.172,37.056,36.666,2297.496,2297.496,2297.496
-6.622,-2.627,-0,52872.737,0,271,154.465,78.096,72.619,61.439,43.229,37.077,36.7,2297.468,2297.468,2297.468
-6.644,-2.687,-0,52873.437,0,271,154.428,78.325,72.834,61.621,43.298,37.14,36.752,2297.487,2297.487,2297.487
-6.647,-2.745,-0,52874.128,0,271,154.377,78.539,73.043,61.784,43.369,37.189,36.794,2297.48,2297.48,2297.48
-6.638,-2.801,-0,52874.84,0,271,154.323,78.748,73.256,61.936,43.451,37.216,36.826,2297.469,2297.469,2297.469
-6.662,-2.86,-0,52875.526,0,271,154.294,78.977,73.483,62.123,43.539,37.276,36.888,2297.492,2297.492,2297.492
-6.673,-2.917,-0,52876.227,0,271,154.231,79.177,73.686,62.288,43.608,37.312,36.922,2297.477,2297.477,2297.477
-6.67,-2.968,-0,52876.931,0,271,154.208,79.401,73.902,62.466,43.692,37.368,36.968,2297.497,2297.497,2297.497
-6.666,-3.017,-0,52877.628,0,271,154.136,79.606,74.099,62.621,43.763,37.399,37.002,2297.47,2297.47,2297.47
-6.688,-3.062,-0,52878.331,0,271,154.098,79.816,74.312,62.797,43.85,37.46,37.043,2297.474,2297.474,2297.474
-6.7,-3.112,-0,52879.033,0,271,154.062,80.031,74.528,62.979,43.929,37.5,37.1,2297.484,2297.484,2297.484
-6.705,-3.165,-0,52879.732,0,271,154.017,80.25,74.729,63.153,44.011,37.551,37.14,2297.488,2297.488,2297.488
-6.703,-3.223,-0,52880.428,0,271,153.976,80.461,74.942,63.324,44.088,37.597,37.193,2297.494,2297.494,2297.494
-6.702,-3.279,-0,52881.141,0,271,153.925,80.671,75.142,63.482,44.159,37.634,37.224,2297.481,2297.481,2297.481
-6.721,-3.336,-0,52881.827,0,271,153.881,80.89,75.343,63.656,44.239,37.684,37.273,2297.479,2297.479,2297.479
-6.735,-3.397,-0,52882.531,0,271,153.845,81.109,75.553,63.823,44.329,37.726,37.306,2297.486,2297.486,2297.486
-6.743,-3.456,-0,52883.227,0,271,153.792,81.323,75.758,63.985,44.4,37.772,37.355,2297.478,2297.478,2297.478
-6.748,-3.515,-0,52883.928,0,271,153.744,81.553,75.97,64.169,44.486,37.825,37.407,2297.486,2297.486,2297.486
-6.751,-3.573,-0,52884.646,0,271,153.72,81.773,76.184,64.348,44.564,37.868,37.441,2297.498,2297.498,2297.498
-6.752,-3.633,-0,52885.332,0,271,153.666,81.985,76.386,64.509,44.645,37.915,37.493,2297.489,2297.489,2297.489
-6.75,-3.702,-0,52886.039,0,271,153.63,82.204,76.6,64.68,44.733,37.966,37.535,2297.493,2297.493,2297.493
-6.755,-3.765,-0,52886.732,0,271,153.576,82.409,76.795,64.842,44.808,38.013,37.578,2297.485,2297.485,2297.485
-6.765,-3.821,-0,52887.436,0,271,153.537,82.634,77.01,65.019,44.892,38.058,37.624,2297.492,2297.492,2297.492
-6.78,-3.889,-0,52888.134,0,271,153.494,82.849,77.222,65.186,44.986,38.109,37.672,2297.491,2297.491,2297.491
-6.789,-3.964,-0,52888.851,0,271,153.441,83.068,77.421,65.352,45.051,38.158,37.722,2297.485,2297.485,2297.485
-6.797,-4.016,-0,52889.532,0,271,153.404,83.284,77.634,65.526,45.145,38.208,37.765,2297.493,2297.493,2297.493
-6.805,-4.07,-0,52890.228,0,271,153.375,83.5,77.831,65.688,45.223,38.241,37.807,2297.485,2297.485,2297.485
-6.811,-4.131,-0,52890.932,0,271,153.323,83.715,78.039,65.863,45.302,38.288,37.855,2297.482,2297.482,2297.482
-6.818,-4.19,-0,52891.634,0,271,153.272,83.924,78.246,66.031,45.394,38.341,37.908,2297.484,2297.484,2297.484
-6.823,-4.245,-0,52892.33,0,271,153.24,84.147,78.455,66.202,45.478,38.39,37.947,2297.485,2297.485,2297.485
-6.828,-4.304,-0,52893.032,0,271,153.209,84.353,78.674,66.38,45.565,38.44,37.994,2297.499,2297.499,2297.499
-6.835,-4.36,-0,52893.728,0,271,153.17,84.562,78.878,66.539,45.655,38.485,38.052,2297.497,2297.497,2297.497
-6.84,-4.403,-0,52894.434,0,271,153.121,84.779,79.083,66.726,45.738,38.539,38.092,2297.498,2297.498,2297.498
-6.845,-4.451,-0,52895.137,0,271,153.097,84.987,79.29,66.895,45.821,38.583,38.139,2297.497,2297.497,2297.497
-6.849,-4.502,-0,52895.832,0,271,153.054,85.194,79.502,67.067,45.927,38.641,38.197,2297.513,2297.513,2297.513
-6.852,-4.545,-0,52896.542,0,271,153.002,85.388,79.688,67.231,45.999,38.676,38.238,2297.499,2297.499,2297.499
-6.855,-4.602,-0,52897.228,0,271,152.956,85.602,79.892,67.387,46.069,38.722,38.266,2297.48,2297.48,2297.48
-6.858,-4.648,-0,52897.932,0,271,152.926,85.822,80.098,67.567,46.171,38.771,38.329,2297.501,2297.501,2297.501
-6.856,-4.707,-0,52898.639,0,271,152.881,86.027,80.3,67.73,46.251,38.825,38.374,2297.485,2297.485,2297.485
-6.86,-4.756,-0,52899.328,0,271,152.857,86.231,80.505,67.905,46.342,38.877,38.427,2297.489,2297.489,2297.489
-6.866,-4.803,-0,52900.034,0,271,152.807,86.45,80.703,68.069,46.436,38.924,38.468,2297.493,2297.493,2297.493
-6.875,-4.846,-0,52900.729,0,271,152.779,86.668,80.913,68.241,46.526,38.982,38.536,2297.503,2297.503,2297.503
-6.884,-4.882,-0,52901.455,0,271,152.729,86.868,81.104,68.401,46.611,39.034,38.569,2297.487,2297.487,2297.487
-6.894,-4.925,-0,52902.134,0,271,152.692,87.07,81.306,68.574,46.695,39.071,38.613,2297.483,2297.483,2297.483
-6.902,-4.967,-0,52902.832,0,271,152.67,87.274,81.506,68.744,46.782,39.132,38.674,2297.49,2297.49,2297.49
-6.908,-5.009,-0,52903.541,0,271,152.636,87.484,81.708,68.915,46.881,39.19,38.722,2297.498,2297.498,2297.498
-6.912,-5.046,-0,52904.23,0,271,152.592,87.69,81.912,69.081,46.967,39.255,38.784,2297.5,2297.5,2297.5
-6.906,-5.044,-0,52904.933,0,271,152.567,87.883,82.123,69.257,47.066,39.302,38.837,2297.508,2297.508,2297.508
-6.898,-5.044,-0,52905.654,0,271,152.515,88.09,82.316,69.42,47.149,39.358,38.877,2297.491,2297.491,2297.491
-6.891,-5.043,-0,52906.33,0,271,152.481,88.301,82.514,69.57,47.234,39.407,38.92,2297.489,2297.489,2297.489
-6.924,-5.126,-0,52907.03,0,271,152.442,88.504,82.71,69.746,47.319,39.456,38.976,2297.488,2297.488,2297.488
-6.955,-5.143,-0,52907.739,0,271,152.411,88.724,82.912,69.919,47.439,39.516,39.042,2297.491,2297.491,2297.491
-6.953,-5.086,-0,52908.438,0,271,152.341,89.001,83.121,70.084,47.607,39.576,39.091,2297.507,2297.507,2297.507
-6.945,-4.991,-0,52909.142,0,271,152.267,89.268,83.325,70.25,47.742,39.629,39.147,2297.506,2297.506,2297.506
-6.938,-4.922,-0,52909.83,0,271,152.197,89.541,83.514,70.41,47.865,39.685,39.188,2297.495,2297.495,2297.495
-6.927,-4.87,-0,52910.539,0,271,152.132,89.797,83.721,70.58,47.971,39.733,39.243,2297.496,2297.496,2297.496
-6.914,-4.805,-0,52911.24,0,271,152.086,90.071,83.949,70.742,48.09,39.806,39.314,2297.513,2297.513,2297.513
-6.9,-4.763,-0,52911.938,0,271,152.036,90.301,84.161,70.902,48.183,39.854,39.349,2297.495,2297.495,2297.495
-6.904,-4.722,-0,52912.649,0,271,151.976,90.533,84.37,71.05,48.278,39.906,39.406,2297.478,2297.478,2297.478
-6.908,-4.67,-0,52913.347,0,271,151.931,90.76,84.593,71.215,48.388,39.971,39.466,2297.493,2297.493,2297.493
-6.904,-4.611,-0,52914.03,0,271,151.904,90.998,84.825,71.388,48.491,40.036,39.524,2297.503,2297.503,2297.503
-6.893,-4.552,-0,52914.755,0,271,151.859,91.23,85.043,71.561,48.584,40.099,39.582,2297.497,2297.497,2297.497
-6.87,-4.482,-0,52915.436,0,271,151.828,91.457,85.275,71.73,48.682,40.155,39.647,2297.514,2297.514,2297.514
-6.867,-4.431,-0,52916.16,0,271,151.794,91.66,85.48,71.892,48.769,40.209,39.701,2297.501,2297.501,2297.501
-6.872,-4.357,-0,52916.854,0,271,151.757,91.869,85.698,72.073,48.859,40.28,39.765,2297.506,2297.506,2297.506
-6.863,-4.281,-0,52917.532,0,271,151.715,92.086,85.919,72.248,48.952,40.345,39.824,2297.509,2297.509,2297.509
-6.836,-4.196,-0,52918.246,0,271,151.68,92.282,86.135,72.422,49.036,40.389,39.882,2297.499,2297.499,2297.499
-6.838,-4.134,-0,52918.943,0,271,151.66,92.496,86.365,72.608,49.139,40.467,39.945,2297.52,2297.52,2297.52
-6.84,-4.08,-0,52919.632,0,271,151.629,92.677,86.563,72.759,49.218,40.517,39.994,2297.495,2297.495,2297.495
-6.826,-4.017,-0,52920.354,0,271,151.608,92.874,86.77,72.945,49.307,40.583,40.061,2297.503,2297.503,2297.503
-6.806,-3.95,-0,52921.031,0,271,151.575,93.059,86.979,73.112,49.395,40.635,40.119,2297.496,2297.496,2297.496
-6.816,-3.887,-0,52921.748,0,271,151.545,93.253,87.179,73.288,49.484,40.7,40.179,2297.497,2297.497,2297.497
-6.809,-3.822,-0,52922.462,0,271,151.533,93.436,87.388,73.48,49.58,40.778,40.246,2297.51,2297.51,2297.51
-6.785,-3.765,-0,52923.135,0,271,151.502,93.616,87.589,73.644,49.666,40.835,40.306,2297.506,2297.506,2297.506
-6.789,-3.707,-0,52923.842,0,271,151.481,93.78,87.784,73.831,49.75,40.884,40.366,2297.496,2297.496,2297.496
-6.789,-3.652,-0,52924.537,0,271,151.457,93.961,87.977,74.007,49.845,40.96,40.426,2297.494,2297.494,2297.494
-6.774,-3.599,-0,52925.258,0,271,151.442,94.148,88.188,74.197,49.954,41.023,40.504,2297.519,2297.519,2297.519
-6.765,-3.575,-0,52925.954,0,271,151.435,94.319,88.375,74.371,50.033,41.091,40.555,2297.512,2297.512,2297.512
-6.776,-3.548,-0,52926.648,0,271,151.4,94.478,88.564,74.543,50.12,41.146,40.614,2297.502,2297.502,2297.502
-6.77,-3.507,-0,52927.351,0,271,151.384,94.625,88.742,74.717,50.205,41.203,40.668,2297.486,2297.486,2297.486
-6.749,-3.478,-0,52928.032,0,271,151.377,94.803,88.936,74.909,50.31,41.289,40.743,2297.511,2297.511,2297.511
-6.766,-3.452,-0,52928.736,0,271,151.363,94.961,89.115,75.077,50.402,41.342,40.797,2297.501,2297.501,2297.501
-6.761,-3.407,-0,52929.445,0,271,151.336,95.124,89.286,75.252,50.48,41.399,40.85,2297.487,2297.487,2297.487
-6.739,-3.374,-0,52930.131,0,271,151.339,95.296,89.484,75.451,50.587,41.484,40.931,2297.51,2297.51,2297.51
-6.753,-3.336,-0,52930.834,0,271,151.332,95.448,89.656,75.618,50.678,41.536,40.994,2297.502,2297.502,2297.502
-6.754,-3.3,-0,52931.544,0,271,151.314,95.601,89.837,75.803,50.773,41.602,41.054,2297.511,2297.511,2297.511
-6.731,-3.253,-0,52932.232,0,271,151.29,95.749,90.002,75.969,50.857,41.666,41.111,2297.493,2297.493,2297.493
-6.74,-3.196,-0,52932.933,0,271,151.299,95.919,90.182,76.154,50.962,41.737,41.185,2297.512,2297.512,2297.512
-6.742,-3.141,-0,52933.643,0,271,151.266,96.067,90.347,76.324,51.04,41.79,41.24,2297.501,2297.501,2297.501
-6.722,-3.084,-0,52934.344,0,271,151.266,96.213,90.523,76.5,51.142,41.856,41.316,2297.512,2297.512,2297.512
-6.73,-3.048,-0,52935.032,0,271,151.239,96.357,90.679,76.656,51.226,41.919,41.368,2297.497,2297.497,2297.497
-6.738,-3.01,-0,52935.745,0,271,151.243,96.516,90.855,76.833,51.327,41.998,41.441,2297.512,2297.512,2297.512
-6.733,-2.948,-0,52936.448,0,271,151.243,96.669,91.023,77.009,51.432,42.065,41.509,2297.524,2297.524,2297.524
-6.723,-2.879,-0,52937.145,0,271,151.237,96.79,91.175,77.153,51.507,42.121,41.568,2297.503,2297.503,2297.503
-6.726,-2.798,-0,52937.849,0,271,151.223,96.923,91.339,77.322,51.605,42.192,41.628,2297.509,2297.509,2297.509
-6.701,-2.718,-0,52938.537,0,271,151.226,97.057,91.499,77.479,51.702,42.256,41.688,2297.513,2297.513,2297.513
-6.705,-2.619,-0,52939.235,0,271,151.218,97.183,91.654,77.634,51.796,42.322,41.757,2297.513,2297.513,2297.513
-6.698,-2.508,-0,52939.936,0,271,151.218,97.32,91.818,77.792,51.883,42.389,41.821,2297.516,2297.516,2297.516
-6.667,-2.405,-0,52940.657,0,271,151.218,97.436,91.963,77.945,51.974,42.452,41.887,2297.514,2297.514,2297.514
-6.67,-2.29,-0,52941.333,0,271,151.205,97.568,92.118,78.106,52.077,42.528,41.963,2297.525,2297.525,2297.525
-6.657,-2.166,-0,52942.036,0,271,151.186,97.686,92.251,78.238,52.15,42.573,42.007,2297.495,2297.495,2297.495
-6.623,-2.045,-0,52942.738,0,271,151.201,97.815,92.414,78.4,52.254,42.66,42.097,2297.519,2297.519,2297.519
-6.629,-1.956,-0,52943.432,0,271,151.2,97.931,92.552,78.54,52.347,42.725,42.15,2297.516,2297.516,2297.516
-6.62,-1.868,-0,52944.133,0,271,151.199,98.053,92.686,78.69,52.44,42.793,42.223,2297.515,2297.515,2297.515
-6.589,-1.772,-0,52944.834,0,271,151.203,98.164,92.828,78.832,52.521,42.868,42.293,2297.515,2297.515,2297.515
-6.591,-1.684,-0,52945.55,0,271,151.198,98.277,92.964,78.982,52.612,42.933,42.366,2297.513,2297.513,2297.513
-6.583,-1.603,-0,52946.234,0,271,151.191,98.385,93.101,79.122,52.697,43.008,42.429,2297.509,2297.509,2297.509
-6.553,-1.531,-0,52946.934,0,271,151.194,98.498,93.229,79.265,52.787,43.088,42.494,2297.507,2297.507,2297.507
-6.551,-1.459,-0,52947.639,0,271,151.212,98.606,93.369,79.417,52.873,43.158,42.577,2297.513,2297.513,2297.513
-6.548,-1.4,-0,52948.337,0,271,151.22,98.727,93.511,79.574,52.962,43.235,42.665,2297.533,2297.533,2297.533
-6.517,-1.329,-0,52949.038,0,271,151.225,98.84,93.63,79.696,53.026,43.302,42.735,2297.519,2297.519,2297.519
-6.521,-1.272,-0,52949.743,0,271,151.217,98.947,93.768,79.839,53.1,43.372,42.815,2297.52,2297.52,2297.52
-6.512,-1.21,-0,52950.438,0,271,151.233,99.045,93.888,79.971,53.173,43.455,42.884,2297.516,2297.516,2297.516
-6.488,-1.143,-0,52951.135,0,271,151.225,99.146,94.016,80.113,53.238,43.533,42.962,2297.52,2297.52,2297.52
-6.494,-1.079,-0,52951.833,0,271,151.251,99.237,94.137,80.241,53.299,43.616,43.032,2297.522,2297.522,2297.522
-6.465,-1.02,-0,52952.536,0,271,151.248,99.332,94.247,80.359,53.368,43.673,43.101,2297.501,2297.501,2297.501
-6.473,-0.966,-0,52953.242,0,271,151.268,99.419,94.386,80.509,53.459,43.765,43.195,2297.522,2297.522,2297.522
-6.458,-0.918,-0,52953.936,0,271,151.285,99.505,94.488,80.639,53.537,43.839,43.268,2297.524,2297.524,2297.524
-6.457,-0.875,-0,52954.638,0,271,151.292,99.578,94.613,80.773,53.631,43.917,43.346,2297.524,2297.524,2297.524
-6.443,-0.825,-0,52955.338,0,271,151.309,99.669,94.725,80.905,53.722,43.993,43.421,2297.529,2297.529,2297.529
-6.439,-0.78,-0,52956.033,0,271,151.325,99.737,94.825,81.033,53.807,44.069,43.499,2297.525,2297.525,2297.525
-6.429,-0.727,-0,52956.735,0,271,151.333,99.808,94.928,81.157,53.899,44.154,43.573,2297.52,2297.52,2297.52
-6.424,-0.682,-0,52957.449,0,271,151.347,99.886,95.044,81.283,54.008,44.229,43.657,2297.528,2297.528,2297.528
-6.416,-0.636,-0,52958.139,0,271,151.363,99.965,95.135,81.406,54.115,44.307,43.735,2297.524,2297.524,2297.524
-6.413,-0.588,-0,52958.844,0,271,151.385,100.059,95.255,81.529,54.231,44.395,43.816,2297.54,2297.54,2297.54
-6.396,-0.544,-0,52959.549,0,271,151.388,100.113,95.353,81.645,54.337,44.467,43.905,2297.531,2297.531,2297.531
-6.402,-0.497,-0,52960.233,0,271,151.388,100.195,95.436,81.758,54.436,44.545,43.973,2297.52,2297.52,2297.52
-6.378,-0.464,-0,52960.937,0,271,151.412,100.261,95.535,81.873,54.537,44.635,44.062,2297.515,2297.515,2297.515
-6.395,-0.432,-0,52961.638,0,271,151.424,100.324,95.62,81.976,54.644,44.707,44.131,2297.514,2297.514,2297.514
-6.379,-0.372,-0,52962.337,0,271,151.447,100.405,95.737,82.1,54.746,44.793,44.212,2297.527,2297.527,2297.527
-6.372,-0.331,-0,52963.04,0,271,151.464,100.469,95.809,82.208,54.848,44.876,44.291,2297.526,2297.526,2297.526
-6.372,-0.284,-0,52963.738,0,271,151.481,100.531,95.912,82.317,54.95,44.968,44.387,2297.535,2297.535,2297.535
-6.354,-0.25,-0,52964.436,0,271,151.493,100.584,95.994,82.426,55.031,45.048,44.47,2297.527,2297.527,2297.527
-6.353,-0.212,-0,52965.145,0,271,151.511,100.638,96.085,82.521,55.135,45.121,44.551,2297.529,2297.529,2297.529
-6.355,-0.178,-0,52965.836,0,271,151.522,100.692,96.151,82.62,55.219,45.203,44.626,2297.513,2297.513,2297.513
-6.339,-0.148,-0,52966.54,0,271,151.54,100.735,96.244,82.714,55.317,45.284,44.716,2297.516,2297.516,2297.516
-6.338,-0.121,-0,52967.26,0,271,151.567,100.793,96.334,82.827,55.425,45.375,44.81,2297.527,2297.527,2297.527
-6.343,-0.095,-0,52967.936,0,271,151.583,100.839,96.407,82.921,55.514,45.477,44.899,2297.53,2297.53,2297.53
-6.334,-0.077,-0,52968.636,0,271,151.604,100.883,96.478,83.003,55.589,45.56,44.985,2297.526,2297.526,2297.526
-6.321,-0.066,-0,52969.337,0,271,151.621,100.915,96.545,83.106,55.694,45.644,45.089,2297.532,2297.532,2297.532
-6.337,-0.061,-0,52970.048,0,271,151.667,100.963,96.619,83.201,55.783,45.749,45.184,2297.542,2297.542,2297.542
-6.337,-0.054,-0,52970.742,0,271,151.657,101,96.686,83.276,55.854,45.835,45.268,2297.523,2297.523,2297.523
-6.327,-0.053,-0,52971.439,0,271,151.691,101.032,96.752,83.364,55.935,45.914,45.352,2297.515,2297.515,2297.515
-6.33,-0.053,-0,52972.143,0,271,151.713,101.078,96.815,83.453,56.034,46.02,45.452,2297.523,2297.523,2297.523
-6.337,-0.051,-0,52972.853,0,271,151.743,101.125,96.881,83.539,56.123,46.121,45.556,2297.538,2297.538,2297.538
-6.328,-0.049,-0,52973.536,0,271,151.751,101.169,96.947,83.62,56.202,46.209,45.645,2297.525,2297.525,2297.525
-6.316,-0.048,-0,52974.235,0,271,151.763,101.215,97.002,83.699,56.299,46.316,45.737,2297.531,2297.531,2297.531
-6.33,-0.046,-0,52974.947,0,271,151.794,101.258,97.07,83.797,56.393,46.405,45.833,2297.543,2297.543,2297.543
-6.327,-0.042,-0,52975.641,0,271,151.795,101.304,97.125,83.862,56.48,46.493,45.921,2297.531,2297.531,2297.531
-6.31,-0.036,-0,52976.336,0,271,151.821,101.351,97.19,83.962,56.562,46.581,46.013,2297.534,2297.534,2297.534
-6.311,-0.032,-0,52977.038,0,271,151.845,101.4,97.241,84.029,56.655,46.667,46.102,2297.533,2297.533,2297.533
-6.313,-0.028,-0,52977.745,0,271,151.868,101.448,97.291,84.112,56.745,46.767,46.198,2297.538,2297.538,2297.538
-6.307,-0.023,-0,52978.439,0,271,151.869,101.482,97.347,84.183,56.809,46.863,46.289,2297.526,2297.526,2297.526
-6.291,-0.02,-0,52979.154,0,271,151.903,101.526,97.419,84.256,56.897,46.955,46.39,2297.543,2297.543,2297.543
-6.282,-0.016,-0,52979.845,0,271,151.917,101.571,97.462,84.339,56.958,47.051,46.481,2297.533,2297.533,2297.533
-6.289,-0.012,-0,52980.539,0,271,151.927,101.603,97.508,84.399,57.021,47.136,46.567,2297.518,2297.518,2297.518
-6.289,-0.007,-0,52981.256,0,271,151.946,101.655,97.577,84.507,57.106,47.24,46.677,2297.539,2297.539,2297.539
-6.282,-0.001,-0,52981.938,0,271,151.961,101.684,97.616,84.594,57.183,47.327,46.755,2297.522,2297.522,2297.522
-6.27,0.003,-0,52982.639,0,271,151.991,101.724,97.678,84.717,57.277,47.415,46.856,2297.535,2297.535,2297.535
-6.25,0.003,-0,52983.335,0,271,151.994,101.755,97.731,84.821,57.345,47.511,46.947,2297.529,2297.529,2297.529
-6.247,0.003,-0,52984.052,0,271,152.031,101.791,97.777,84.95,57.419,47.614,47.047,2297.534,2297.534,2297.534
-6.233,0.003,-0,52984.746,0,271,152.031,101.809,97.816,85.058,57.476,47.712,47.169,2297.527,2297.527,2297.527
-6.22,0.003,-0,52985.438,0,271,152.068,101.865,97.883,85.177,57.559,47.829,47.279,2297.538,2297.538,2297.538
-6.203,0.003,-0,52986.135,0,271,152.093,101.897,97.945,85.281,57.635,47.938,47.401,2297.551,2297.551,2297.551
-6.186,0.003,-0,52986.836,0,271,152.096,101.912,97.976,85.376,57.688,48.042,47.504,2297.534,2297.534,2297.534
-6.163,0.003,-0,52987.536,0,271,152.119,101.948,98.033,85.48,57.768,48.17,47.634,2297.535,2297.535,2297.535
-6.143,0.003,-0,52988.256,0,271,152.139,101.986,98.073,85.57,57.843,48.273,47.758,2297.534,2297.534,2297.534
-6.118,0.003,-0,52988.937,0,271,152.147,102.025,98.126,85.662,57.907,48.396,47.874,2297.53,2297.53,2297.53
-6.116,0.003,-0,52989.657,0,271,152.162,102.062,98.177,85.754,57.995,48.517,48.004,2297.536,2297.536,2297.536
-6.1,0.003,-0,52990.35,0,271,152.193,102.101,98.231,85.852,58.076,48.649,48.128,2297.545,2297.545,2297.545
-6.091,0.003,-0,52991.039,0,271,152.188,102.13,98.276,85.943,58.16,48.763,48.252,2297.532,2297.532,2297.532
-6.075,0.003,-0,52991.756,0,271,152.213,102.178,98.316,86.03,58.246,48.888,48.378,2297.536,2297.536,2297.536
-6.053,0.003,-0,52992.436,0,271,152.229,102.217,98.376,86.112,58.322,49.007,48.501,2297.541,2297.541,2297.541
-6.03,0.003,-0,52993.136,0,271,152.237,102.263,98.422,86.195,58.419,49.137,48.627,2297.547,2297.547,2297.547
-6.032,0.002,-0,52993.84,0,271,152.253,102.295,98.455,86.273,58.499,49.251,48.741,2297.532,2297.532,2297.532
-6.022,0.004,-0,52994.547,0,271,152.268,102.334,98.52,86.36,58.59,49.379,48.869,2297.545,2297.545,2297.545
-6.006,0.004,-0,52995.24,0,271,152.285,102.37,98.559,86.428,58.667,49.494,48.982,2297.534,2297.534,2297.534
-6.012,0.004,-0,52995.942,0,271,152.293,102.408,98.599,86.505,58.765,49.615,49.116,2297.534,2297.534,2297.534
-6.009,0.002,-0,52996.647,0,271,152.314,102.463,98.663,86.599,58.867,49.749,49.246,2297.549,2297.549,2297.549
-6.007,0.003,-0,52997.339,0,271,152.318,102.49,98.701,86.652,58.956,49.868,49.36,2297.54,2297.54,2297.54
-5.946,0.003,-0,52998.04,0,271,152.334,102.536,98.744,86.736,59.036,49.977,49.486,2297.539,2297.539,2297.539
-5.944,0.003,-0,52998.743,0,271,152.342,102.583,98.793,86.808,59.133,50.098,49.606,2297.539,2297.539,2297.539
-5.949,0.003,-0,52999.444,0,271,152.347,102.62,98.834,86.884,59.225,50.215,49.722,2297.54,2297.54,2297.54
-5.944,0.003,-0,53000.145,0,271,152.364,102.653,98.887,86.964,59.317,50.333,49.857,2297.548,2297.548,2297.548
-5.978,0.003,-0,53000.836,0,271,152.37,102.698,98.928,87.028,59.406,50.457,49.968,2297.538,2297.538,2297.538
-5.991,0.003,-0,53001.556,0,271,152.369,102.75,98.977,87.089,59.5,50.572,50.09,2297.535,2297.535,2297.535
-5.993,0.003,-0,53002.239,0,271,152.392,102.78,99.022,87.17,59.604,50.706,50.213,2297.549,2297.549,2297.549
-6.02,0.004,-0,53002.961,0,271,152.402,102.827,99.068,87.236,59.693,50.811,50.325,2297.542,2297.542,2297.542
-6.043,0.003,-0,53003.643,0,271,152.423,102.883,99.126,87.31,59.791,50.942,50.452,2297.558,2297.558,2297.558
-6.051,0.003,-0,53004.342,0,271,152.429,102.924,99.165,87.382,59.886,51.039,50.551,2297.543,2297.543,2297.543
-6.056,0.003,-0,53005.037,0,271,152.437,102.947,99.212,87.441,59.972,51.153,50.669,2297.538,2297.538,2297.538
-6.068,0.004,-0,53005.74,0,271,152.448,103.002,99.259,87.523,60.071,51.267,50.774,2297.542,2297.542,2297.542
-6.093,0.003,-0,53006.438,0,271,152.448,103.03,99.286,87.584,60.16,51.385,50.89,2297.538,2297.538,2297.538
-6.111,0.003,-0,53007.136,0,271,152.466,103.087,99.347,87.657,60.257,51.496,51.002,2297.546,2297.546,2297.546
-6.127,0.003,-0,53007.84,0,271,152.484,103.129,99.409,87.727,60.354,51.608,51.108,2297.557,2297.557,2297.557
-6.139,0.003,-0,53008.537,0,271,152.489,103.177,99.453,87.797,60.445,51.706,51.214,2297.552,2297.552,2297.552
-6.157,0.003,-0,53009.264,0,271,152.501,103.227,99.504,87.855,60.541,51.82,51.311,2297.557,2297.557,2297.557
-6.175,0.004,-0,53009.953,0,271,152.497,103.251,99.546,87.922,60.622,51.909,51.413,2297.536,2297.536,2297.536
-6.185,0.003,-0,53010.637,0,271,152.513,103.284,99.583,87.991,60.717,52.013,51.512,2297.531,2297.531,2297.531
-6.197,0.003,-0,53011.369,0,271,152.524,103.341,99.65,88.058,60.808,52.118,51.611,2297.548,2297.548,2297.548
-6.212,0.003,-0,53012.054,0,271,152.539,103.378,99.68,88.128,60.901,52.206,51.701,2297.538,2297.538,2297.538
-6.225,0.003,-0,53012.738,0,271,152.527,103.422,99.716,88.171,60.983,52.303,51.783,2297.526,2297.526,2297.526
-6.236,0.003,-0,53013.441,0,271,152.546,103.468,99.781,88.255,61.086,52.4,51.872,2297.545,2297.545,2297.545
-6.247,0.003,-0,53014.138,0,271,152.558,103.508,99.825,88.327,61.182,52.482,51.954,2297.545,2297.545,2297.545
-6.258,-0.004,-0,53014.845,0,271,152.564,103.544,99.872,88.392,61.258,52.562,52.024,2297.539,2297.539,2297.539
-6.249,-0.009,-0,53015.536,0,271,152.559,103.59,99.907,88.447,61.344,52.636,52.076,2297.532,2297.532,2297.532
-6.251,-0.017,-0,53016.245,0,271,152.575,103.641,99.973,88.511,61.447,52.704,52.142,2297.549,2297.549,2297.549
-6.258,-0.035,-0,53016.949,0,271,152.579,103.682,100.014,88.55,61.546,52.762,52.206,2297.551,2297.551,2297.551
-6.277,-0.052,-0,53017.638,0,271,152.585,103.736,100.053,88.578,61.67,52.82,52.254,2297.543,2297.543,2297.543
-6.279,-0.066,-0,53018.358,0,271,152.594,103.785,100.098,88.572,61.796,52.875,52.313,2297.538,2297.538,2297.538
-6.282,-0.07,-0,53019.043,0,271,152.584,103.838,100.142,88.546,61.913,52.919,52.36,2297.534,2297.534,2297.534
-6.285,-0.072,-0,53019.744,0,271,152.604,103.904,100.205,88.53,62.038,52.985,52.419,2297.555,2297.555,2297.555
-6.286,-0.075,-0,53020.458,0,271,152.599,103.958,100.253,88.512,62.142,53.051,52.471,2297.556,2297.556,2297.556
-6.288,-0.078,-0,53021.143,0,271,152.596,104.009,100.288,88.489,62.24,53.106,52.532,2297.543,2297.543,2297.543
-6.288,-0.082,-0,53021.844,0,271,152.601,104.071,100.334,88.493,62.35,53.164,52.579,2297.546,2297.546,2297.546
-6.29,-0.088,-0,53022.538,0,271,152.597,104.126,100.389,88.507,62.456,53.225,52.641,2297.547,2297.547,2297.547
-6.293,-0.093,-0,53023.245,0,271,152.603,104.187,100.431,88.525,62.58,53.289,52.699,2297.551,2297.551,2297.551
-6.292,-0.099,-0,53023.964,0,271,152.61,104.235,100.476,88.57,62.692,53.346,52.749,2297.551,2297.551,2297.551
-6.292,-0.101,-0,53024.64,0,271,152.606,104.295,100.532,88.584,62.798,53.398,52.809,2297.548,2297.548,2297.548
-6.295,-0.104,-0,53025.34,0,271,152.611,104.35,100.578,88.624,62.894,53.457,52.859,2297.548,2297.548,2297.548
-6.299,-0.112,-0,53026.039,0,271,152.608,104.396,100.62,88.67,62.99,53.512,52.919,2297.553,2297.553,2297.553
-6.304,-0.117,-0,53026.745,0,271,152.616,104.464,100.666,88.704,63.088,53.569,52.983,2297.551,2297.551,2297.551
-6.307,-0.122,-0,53027.454,0,271,152.614,104.515,100.72,88.77,63.194,53.633,53.039,2297.562,2297.562,2297.562
-6.313,-0.143,-0,53028.145,0,271,152.618,104.568,100.755,88.817,63.274,53.687,53.085,2297.558,2297.558,2297.558
-6.318,-0.179,-0,53028.841,0,271,152.615,104.621,100.828,88.874,63.368,53.751,53.152,2297.564,2297.564,2297.564
-6.324,-0.219,-0,53029.553,0,271,152.604,104.669,100.866,88.912,63.454,53.787,53.179,2297.534,2297.534,2297.534
-6.327,-0.266,-0,53030.24,0,271,152.613,104.735,100.917,88.98,63.557,53.848,53.233,2297.546,2297.546,2297.546
-6.332,-0.313,-0,53030.951,0,271,152.604,104.804,100.962,89.039,63.654,53.911,53.29,2297.553,2297.553,2297.553
-6.344,-0.363,-0,53031.639,0,271,152.597,104.881,101.025,89.097,63.747,53.966,53.348,2297.562,2297.562,2297.562
-6.36,-0.417,-0,53032.354,0,271,152.582,104.939,101.069,89.145,63.817,54,53.381,2297.54,2297.54,2297.54
-6.372,-0.468,-0,53033.049,0,271,152.574,105.026,101.125,89.195,63.904,54.055,53.429,2297.549,2297.549,2297.549
-6.385,-0.519,-0,53033.744,0,271,152.577,105.109,101.187,89.265,63.975,54.111,53.47,2297.564,2297.564,2297.564
-6.393,-0.575,-0,53034.451,0,271,152.566,105.192,101.245,89.307,64.062,54.156,53.511,2297.564,2297.564,2297.564
-6.4,-0.628,-0,53035.174,0,271,152.551,105.281,101.299,89.371,64.13,54.203,53.542,2297.573,2297.573,2297.573
-6.403,-0.686,-0,53035.857,0,271,152.534,105.351,101.357,89.41,64.189,54.225,53.585,2297.541,2297.541,2297.541
-6.401,-0.743,-0,53036.552,0,271,152.507,105.434,101.413,89.468,64.264,54.263,53.606,2297.546,2297.546,2297.546
-6.41,-0.799,-0,53037.241,0,271,152.5,105.528,101.49,89.529,64.325,54.312,53.657,2297.555,2297.555,2297.555
-6.43,-0.856,-0,53037.957,0,271,152.49,105.611,101.552,89.589,64.386,54.338,53.69,2297.553,2297.553,2297.553
-6.444,-0.911,-0,53038.638,0,271,152.483,105.703,101.617,89.632,64.466,54.382,53.73,2297.56,2297.56,2297.56
-6.451,-0.964,-0,53039.338,0,271,152.458,105.794,101.686,89.68,64.526,54.428,53.776,2297.555,2297.555,2297.555
-6.454,-1.017,-0,53040.04,0,271,152.437,105.877,101.759,89.743,64.582,54.458,53.803,2297.546,2297.546,2297.546
-6.449,-1.071,-0,53040.74,0,271,152.433,105.977,101.842,89.82,64.642,54.504,53.848,2297.555,2297.555,2297.555
-6.467,-1.129,-0,53041.452,0,271,152.427,106.078,101.916,89.887,64.701,54.553,53.902,2297.574,2297.574,2297.574
-6.485,-1.193,-0,53042.169,0,271,152.399,106.161,101.981,89.941,64.758,54.586,53.93,2297.554,2297.554,2297.554
-6.494,-1.259,-0,53042.854,0,271,152.377,106.255,102.054,89.997,64.807,54.621,53.971,2297.547,2297.547,2297.547
-6.494,-1.335,-0,53043.556,0,271,152.375,106.363,102.14,90.069,64.873,54.679,54.017,2297.57,2297.57,2297.57
-6.489,-1.411,-0,53044.247,0,271,152.356,106.446,102.207,90.127,64.926,54.715,54.059,2297.558,2297.558,2297.558
-6.508,-1.487,-0,53044.943,0,271,152.339,106.542,102.296,90.186,64.976,54.756,54.092,2297.561,2297.561,2297.561
-6.522,-1.575,-0,53045.639,0,271,152.319,106.646,102.371,90.231,65.027,54.796,54.127,2297.556,2297.556,2297.556
-6.529,-1.643,-0,53046.342,0,271,152.31,106.735,102.453,90.279,65.082,54.836,54.169,2297.551,2297.551,2297.551
-6.528,-1.74,-0,53047.043,0,271,152.286,106.846,102.542,90.35,65.111,54.877,54.208,2297.555,2297.555,2297.555
-6.526,-1.835,-0,53047.744,0,271,152.268,106.941,102.621,90.39,65.151,54.913,54.241,2297.554,2297.554,2297.554
-6.545,-1.928,-0,53048.439,0,271,152.249,107.032,102.704,90.445,65.16,54.941,54.278,2297.546,2297.546,2297.546
-6.56,-2.01,-0,53049.14,0,271,152.251,107.129,102.797,90.514,65.191,54.994,54.325,2297.565,2297.565,2297.565
-6.57,-2.099,-0,53049.84,0,271,152.231,107.217,102.868,90.564,65.187,55.017,54.34,2297.544,2297.544,2297.544
-6.574,-2.177,-0,53050.561,0,271,152.213,107.316,102.972,90.638,65.207,55.059,54.382,2297.561,2297.561,2297.561
-6.574,-2.263,-0,53051.241,0,271,152.201,107.417,103.057,90.723,65.226,55.108,54.421,2297.572,2297.572,2297.572
-6.57,-2.339,-0,53051.966,0,271,152.194,107.508,103.148,90.786,65.233,55.131,54.459,2297.566,2297.566,2297.566
-6.577,-2.405,-0,53052.641,0,271,152.187,107.592,103.232,90.865,65.252,55.167,54.492,2297.565,2297.565,2297.565
-6.593,-2.479,-0,53053.353,0,271,152.171,107.671,103.311,90.927,65.286,55.202,54.526,2297.558,2297.558,2297.558
-6.605,-2.554,-0,53054.06,0,271,152.157,107.757,103.393,91.01,65.3,55.233,54.548,2297.561,2297.561,2297.561
-6.614,-2.625,-0,53054.746,0,271,152.157,107.828,103.483,91.084,65.33,55.265,54.595,2297.562,2297.562,2297.562
-6.623,-2.691,-0,53055.444,0,271,152.143,107.904,103.564,91.165,65.374,55.291,54.615,2297.561,2297.561,2297.561
-6.628,-2.747,-0,53056.141,0,271,152.128,107.977,103.649,91.241,65.413,55.317,54.645,2297.547,2297.547,2297.547
-6.633,-2.803,-0,53056.852,0,271,152.124,108.07,103.735,91.311,65.455,55.354,54.68,2297.562,2297.562,2297.562
-6.636,-2.855,-0,53057.54,0,271,152.115,108.151,103.821,91.381,65.514,55.384,54.709,2297.564,2297.564,2297.564
-6.639,-2.91,-0,53058.242,0,271,152.101,108.237,103.911,91.463,65.549,55.424,54.745,2297.568,2297.568,2297.568
-6.642,-2.966,-0,53058.951,0,271,152.09,108.305,103.986,91.533,65.593,55.446,54.77,2297.561,2297.561,2297.561
-6.644,-3.024,-0,53059.64,0,271,152.07,108.39,104.056,91.607,65.644,55.48,54.796,2297.557,2297.557,2297.557
-6.649,-3.075,-0,53060.343,0,271,152.054,108.489,104.143,91.681,65.691,55.496,54.822,2297.553,2297.553,2297.553
-6.656,-3.132,-0,53061.042,0,271,152.043,108.582,104.232,91.766,65.752,55.539,54.86,2297.565,2297.565,2297.565
-6.663,-3.179,-0,53061.744,0,271,152.029,108.683,104.322,91.844,65.804,55.567,54.901,2297.572,2297.572,2297.572
-6.669,-3.22,-0,53062.441,0,271,152.005,108.766,104.396,91.91,65.836,55.597,54.919,2297.557,2297.557,2297.557
-6.677,-3.269,-0,53063.142,0,271,151.988,108.863,104.476,91.995,65.9,55.628,54.95,2297.564,2297.564,2297.564
-6.684,-3.324,-0,53063.842,0,271,151.975,108.964,104.563,92.055,65.941,55.666,54.986,2297.558,2297.558,2297.558
-6.691,-3.383,-0,53064.569,0,271,151.963,109.054,104.659,92.152,66.008,55.697,55.012,2297.569,2297.569,2297.569
-6.698,-3.437,-0,53065.243,0,271,151.942,109.149,104.736,92.207,66.064,55.725,55.039,2297.563,2297.563,2297.563
-6.704,-3.499,-0,53065.957,0,271,151.924,109.25,104.828,92.285,66.109,55.744,55.072,2297.563,2297.563,2297.563
-6.713,-3.565,-0,53066.654,0,271,151.9,109.342,104.91,92.364,66.167,55.779,55.091,2297.564,2297.564,2297.564
-6.726,-3.624,-0,53067.34,0,271,151.89,109.456,105.002,92.433,66.228,55.807,55.128,2297.566,2297.566,2297.566
-6.736,-3.683,-0,53068.042,0,271,151.866,109.54,105.083,92.501,66.275,55.839,55.152,2297.559,2297.559,2297.559
-6.746,-3.73,-0,53068.745,0,271,151.872,109.652,105.18,92.585,66.32,55.881,55.192,2297.578,2297.578,2297.578
-6.755,-3.781,-0,53069.441,0,271,151.841,109.739,105.262,92.656,66.371,55.905,55.214,2297.562,2297.562,2297.562
-6.765,-3.839,-0,53070.14,0,271,151.842,109.846,105.353,92.728,66.434,55.936,55.25,2297.577,2297.577,2297.577
-6.772,-3.909,-0,53070.851,0,271,151.814,109.938,105.446,92.807,66.481,55.963,55.263,2297.572,2297.572,2297.572
-6.777,-3.978,-0,53071.54,0,271,151.795,110.02,105.534,92.879,66.538,55.99,55.303,2297.564,2297.564,2297.564
-6.776,-4.054,-0,53072.246,0,271,151.771,110.105,105.611,92.942,66.562,56.017,55.308,2297.546,2297.546,2297.546
-6.769,-4.108,-0,53072.962,0,271,151.775,110.226,105.719,93.037,66.628,56.055,55.355,2297.574,2297.574,2297.574
-6.787,-4.157,-0,53073.643,0,271,151.758,110.31,105.803,93.103,66.677,56.086,55.373,2297.57,2297.57,2297.57
-6.802,-4.216,-0,53074.35,0,271,151.751,110.412,105.893,93.184,66.724,56.107,55.407,2297.567,2297.567,2297.567
-6.807,-4.273,-0,53075.051,0,271,151.732,110.505,105.989,93.253,66.77,56.15,55.434,2297.574,2297.574,2297.574
-6.804,-4.343,-0,53075.747,0,271,151.723,110.603,106.079,93.327,66.813,56.162,55.454,2297.568,2297.568,2297.568
-6.798,-4.391,-0,53076.443,0,271,151.7,110.685,106.171,93.409,66.861,56.193,55.484,2297.565,2297.565,2297.565
-6.819,-4.438,-0,53077.144,0,271,151.687,110.782,106.268,93.487,66.904,56.225,55.517,2297.577,2297.577,2297.577
-6.83,-4.488,-0,53077.842,0,271,151.665,110.864,106.355,93.559,66.946,56.246,55.55,2297.566,2297.566,2297.566
-6.829,-4.543,-0,53078.544,0,271,151.642,110.954,106.433,93.621,66.998,56.274,55.57,2297.558,2297.558,2297.558
-6.819,-4.599,-0,53079.241,0,271,151.635,111.049,106.532,93.71,67.053,56.305,55.598,2297.571,2297.571,2297.571
-6.838,-4.645,-0,53079.953,0,271,151.633,111.147,106.632,93.787,67.101,56.344,55.634,2297.581,2297.581,2297.581
-6.85,-4.696,-0,53080.642,0,271,151.6,111.227,106.712,93.852,67.143,56.365,55.653,2297.559,2297.559,2297.559
-6.85,-4.743,-0,53081.342,0,271,151.604,111.319,106.8,93.941,67.187,56.393,55.684,2297.571,2297.571,2297.571
-6.839,-4.799,-0,53082.042,0,271,151.593,111.416,106.896,94.013,67.228,56.437,55.72,2297.572,2297.572,2297.572
-6.862,-4.841,-0,53082.741,0,271,151.572,111.49,106.968,94.073,67.271,56.452,55.729,2297.561,2297.561,2297.561
-6.871,-4.881,-0,53083.448,0,271,151.568,111.594,107.057,94.151,67.321,56.487,55.771,2297.567,2297.567,2297.567
-6.858,-4.924,-0,53084.149,0,271,151.556,111.684,107.158,94.236,67.374,56.526,55.798,2297.576,2297.576,2297.576
-6.868,-4.963,-0,53084.844,0,271,151.551,111.756,107.239,94.302,67.422,56.542,55.825,2297.566,2297.566,2297.566
-6.885,-5.01,-0,53085.546,0,271,151.532,111.848,107.33,94.383,67.467,56.579,55.853,2297.567,2297.567,2297.567
-6.877,-5.029,-0,53086.246,0,271,151.513,111.92,107.409,94.445,67.498,56.602,55.882,2297.553,2297.553,2297.553
-6.876,-5.03,-0,53086.955,0,271,151.52,112.019,107.508,94.538,67.565,56.65,55.92,2297.577,2297.577,2297.577
-6.936,-5.132,-0,53087.642,0,271,151.513,112.105,107.586,94.62,67.624,56.681,55.955,2297.579,2297.579,2297.579
-6.929,-5.07,-0,53088.345,0,271,151.483,112.202,107.672,94.688,67.766,56.715,55.974,2297.576,2297.576,2297.576
-6.906,-5.001,-0,53089.067,0,271,151.428,112.322,107.76,94.775,67.895,56.735,56.003,2297.564,2297.564,2297.564
-6.921,-4.954,-0,53089.746,0,271,151.4,112.454,107.843,94.859,68.005,56.766,56.043,2297.57,2297.57,2297.57
-6.913,-4.896,-0,53090.444,0,271,151.378,112.572,107.934,94.937,68.083,56.799,56.071,2297.568,2297.568,2297.568
-6.893,-4.844,-0,53091.148,0,271,151.363,112.676,108.033,95.023,68.174,56.829,56.1,2297.574,2297.574,2297.574
-6.904,-4.778,-0,53091.846,0,271,151.341,112.795,108.131,95.103,68.235,56.863,56.128,2297.568,2297.568,2297.568
-6.881,-4.716,-0,53092.556,0,271,151.322,112.889,108.211,95.172,68.294,56.891,56.163,2297.57,2297.57,2297.57
-6.885,-4.646,-0,53093.247,0,271,151.325,112.999,108.316,95.248,68.369,56.929,56.19,2297.58,2297.58,2297.58
-6.875,-4.587,-0,53093.959,0,271,151.287,113.091,108.414,95.318,68.406,56.966,56.213,2297.562,2297.562,2297.562
-6.865,-4.521,-0,53094.65,0,271,151.296,113.202,108.525,95.411,68.466,57.012,56.27,2297.6,2297.6,2297.6
-6.864,-4.459,-0,53095.361,0,271,151.259,113.273,108.584,95.463,68.503,57.027,56.285,2297.555,2297.555,2297.555
-6.845,-4.39,-0,53096.047,0,271,151.266,113.384,108.709,95.548,68.565,57.084,56.333,2297.593,2297.593,2297.593
-6.85,-4.322,-0,53096.754,0,271,151.243,113.452,108.775,95.618,68.6,57.11,56.352,2297.567,2297.567,2297.567
-6.821,-4.261,-0,53097.449,0,271,151.226,113.55,108.882,95.693,68.649,57.139,56.379,2297.575,2297.575,2297.575
-6.835,-4.197,-0,53098.146,0,271,151.233,113.637,108.983,95.772,68.68,57.18,56.43,2297.585,2297.585,2297.585
-6.813,-4.127,-0,53098.855,0,271,151.209,113.716,109.067,95.84,68.721,57.211,56.466,2297.568,2297.568,2297.568
-6.817,-4.048,-0,53099.544,0,271,151.21,113.804,109.164,95.934,68.769,57.253,56.505,2297.583,2297.583,2297.583
-6.803,-3.98,-0,53100.252,0,271,151.199,113.876,109.244,95.999,68.819,57.28,56.538,2297.575,2297.575,2297.575
-6.797,-3.911,-0,53100.943,0,271,151.188,113.967,109.333,96.071,68.848,57.313,56.57,2297.571,2297.571,2297.571
-6.794,-3.841,-0,53101.669,0,271,151.172,114.046,109.417,96.16,68.888,57.351,56.594,2297.572,2297.572,2297.572
-6.777,-3.777,-0,53102.355,0,271,151.161,114.105,109.507,96.237,68.921,57.388,56.634,2297.565,2297.565,2297.565
-6.781,-3.725,-0,53103.043,0,271,151.159,114.182,109.588,96.318,68.971,57.426,56.68,2297.574,2297.574,2297.574
-6.762,-3.672,-0,53103.748,0,271,151.148,114.264,109.682,96.393,69.011,57.46,56.709,2297.574,2297.574,2297.574
-6.773,-3.654,-0,53104.443,0,271,151.147,114.346,109.756,96.467,69.052,57.497,56.736,2297.571,2297.571,2297.571
-6.751,-3.605,-0,53105.155,0,271,151.152,114.412,109.851,96.567,69.101,57.535,56.785,2297.588,2297.588,2297.588
-6.766,-3.581,-0,53105.847,0,271,151.126,114.482,109.915,96.634,69.129,57.566,56.805,2297.566,2297.566,2297.566
-6.742,-3.551,-0,53106.552,0,271,151.135,114.554,110.007,96.72,69.174,57.607,56.852,2297.571,2297.571,2297.571
-6.76,-3.518,-0,53107.259,0,271,151.137,114.615,110.093,96.814,69.209,57.636,56.891,2297.576,2297.576,2297.576
-6.737,-3.492,-0,53107.943,0,271,151.13,114.689,110.173,96.886,69.257,57.684,56.928,2297.582,2297.582,2297.582
-6.753,-3.45,-0,53108.646,0,271,151.124,114.745,110.244,96.97,69.302,57.7,56.953,2297.568,2297.568,2297.568
-6.73,-3.41,-0,53109.346,0,271,151.126,114.808,110.328,97.05,69.332,57.747,56.989,2297.573,2297.573,2297.573
-6.746,-3.376,-0,53110.053,0,271,151.127,114.891,110.404,97.144,69.375,57.787,57.023,2297.592,2297.592,2297.592
-6.725,-3.336,-0,53110.766,0,271,151.122,114.936,110.493,97.236,69.416,57.821,57.061,2297.59,2297.59,2297.59
-6.738,-3.28,-0,53111.445,0,271,151.119,115.001,110.552,97.302,69.423,57.852,57.081,2297.571,2297.571,2297.571
-6.716,-3.238,-0,53112.158,0,271,151.113,115.076,110.623,97.393,69.43,57.883,57.125,2297.577,2297.577,2297.577
-6.734,-3.198,-0,53112.855,0,271,151.11,115.125,110.693,97.454,69.428,57.918,57.148,2297.562,2297.562,2297.562
-6.712,-3.154,-0,53113.555,0,271,151.096,115.205,110.769,97.539,69.421,57.953,57.179,2297.571,2297.571,2297.571
-6.732,-3.11,-0,53114.245,0,271,151.093,115.271,110.844,97.616,69.433,57.981,57.212,2297.572,2297.572,2297.572
-6.708,-3.056,-0,53114.946,0,271,151.096,115.349,110.924,97.7,69.442,58.016,57.251,2297.578,2297.578,2297.578
-6.729,-3.004,-0,53115.654,0,271,151.104,115.424,111.006,97.788,69.456,58.05,57.284,2297.587,2297.587,2297.587
-6.705,-2.932,-0,53116.346,0,271,151.092,115.476,111.069,97.87,69.493,58.085,57.318,2297.588,2297.588,2297.588
-6.719,-2.844,-0,53117.064,0,271,151.087,115.551,111.143,97.94,69.539,58.106,57.333,2297.577,2297.577,2297.577
-6.688,-2.737,-0,53117.752,0,271,151.089,115.62,111.213,98.025,69.603,58.147,57.378,2297.589,2297.589,2297.589
-6.698,-2.631,-0,53118.445,0,271,151.081,115.677,111.278,98.105,69.685,58.164,57.393,2297.578,2297.578,2297.578
-6.667,-2.531,-0,53119.145,0,271,151.072,115.742,111.352,98.182,69.771,58.199,57.432,2297.577,2297.577,2297.577
-6.674,-2.421,-0,53119.849,0,271,151.075,115.803,111.409,98.238,69.849,58.232,57.469,2297.589,2297.589,2297.589
-6.639,-2.311,-0,53120.556,0,271,151.071,115.871,111.487,98.303,69.912,58.26,57.499,2297.585,2297.585,2297.585
-6.644,-2.177,-0,53121.255,0,271,151.062,115.909,111.554,98.357,69.968,58.297,57.514,2297.57,2297.57,2297.57
-6.608,-2.06,-0,53121.947,0,271,151.074,115.989,111.625,98.423,70.037,58.334,57.56,2297.586,2297.586,2297.586
-6.616,-1.966,-0,53122.649,0,271,151.071,116.052,111.701,98.487,70.089,58.371,57.602,2297.598,2297.598,2297.598
-6.584,-1.869,-0,53123.347,0,271,151.061,116.084,111.752,98.54,70.115,58.4,57.628,2297.572,2297.572,2297.572
-6.591,-1.779,-0,53124.051,0,271,151.069,116.137,111.829,98.614,70.172,58.445,57.68,2297.59,2297.59,2297.59
-6.559,-1.701,-0,53124.758,0,271,151.066,116.17,111.888,98.679,70.182,58.482,57.708,2297.581,2297.581,2297.581
-6.565,-1.625,-0,53125.446,0,271,151.07,116.235,111.945,98.728,70.172,58.529,57.746,2297.589,2297.589,2297.589
-6.537,-1.557,-0,53126.147,0,271,151.079,116.278,112.012,98.804,70.137,58.563,57.782,2297.586,2297.586,2297.586
-6.542,-1.49,-0,53126.857,0,271,151.08,116.316,112.063,98.864,70.092,58.608,57.839,2297.587,2297.587,2297.587
-6.512,-1.422,-0,53127.548,0,271,151.091,116.359,112.13,98.938,70.059,58.654,57.887,2297.6,2297.6,2297.6
-6.521,-1.364,-0,53128.244,0,271,151.091,116.39,112.176,98.991,70.02,58.694,57.927,2297.584,2297.584,2297.584
-6.49,-1.304,-0,53128.957,0,271,151.104,116.431,112.242,99.075,70.004,58.743,57.986,2297.601,2297.601,2297.601
-6.499,-1.237,-0,53129.661,0,271,151.11,116.472,112.293,99.141,69.984,58.785,58.014,2297.593,2297.593,2297.593
-6.482,-1.175,-0,53130.369,0,271,151.105,116.49,112.341,99.206,69.967,58.818,58.064,2297.578,2297.578,2297.578
-6.474,-1.118,-0,53131.054,0,271,151.111,116.527,112.395,99.286,69.974,58.86,58.109,2297.585,2297.585,2297.585
-6.472,-1.055,-0,53131.746,0,271,151.115,116.554,112.448,99.363,69.996,58.917,58.155,2297.588,2297.588,2297.588
-6.45,-1,-0,53132.477,0,271,151.13,116.594,112.491,99.452,70.024,58.962,58.208,2297.592,2297.592,2297.592
-6.446,-0.949,-0,53133.145,0,271,151.138,116.622,112.545,99.531,70.05,58.998,58.244,2297.591,2297.591,2297.591
-6.447,-0.9,-0,53133.849,0,271,151.14,116.647,112.595,99.61,70.091,59.039,58.279,2297.587,2297.587,2297.587
-6.432,-0.854,-0,53134.545,0,271,151.139,116.661,112.621,99.681,70.123,59.069,58.315,2297.57,2297.57,2297.57
-6.411,-0.806,-0,53135.248,0,271,151.159,116.702,112.683,99.791,70.19,59.117,58.377,2297.593,2297.593,2297.593
-6.42,-0.757,-0,53135.946,0,271,151.161,116.723,112.731,99.868,70.228,59.154,58.416,2297.583,2297.583,2297.583
-6.416,-0.707,-0,53136.655,0,271,151.171,116.749,112.775,99.952,70.293,59.201,58.461,2297.588,2297.588,2297.588
-6.406,-0.665,-0,53137.354,0,271,151.182,116.788,112.812,100.038,70.354,59.245,58.494,2297.589,2297.589,2297.589
-6.387,-0.62,-0,53138.045,0,271,151.191,116.807,112.849,100.103,70.412,59.282,58.546,2297.58,2297.58,2297.58
-6.395,-0.577,-0,53138.751,0,271,151.198,116.812,112.901,100.174,70.48,59.328,58.593,2297.582,2297.582,2297.582
-6.39,-0.54,-0,53139.446,0,271,151.203,116.852,112.941,100.242,70.531,59.381,58.642,2297.588,2297.588,2297.588
-6.384,-0.487,-0,53140.148,0,271,151.212,116.863,112.972,100.281,70.569,59.432,58.689,2297.587,2297.587,2297.587
-6.374,-0.444,-0,53140.867,0,271,151.224,116.886,113.012,100.339,70.627,59.471,58.741,2297.589,2297.589,2297.589
-6.361,-0.408,-0,53141.547,0,271,151.237,116.913,113.062,100.399,70.7,59.544,58.796,2297.604,2297.604,2297.604
-6.345,-0.359,-0,53142.272,0,271,151.238,116.936,113.088,100.437,70.765,59.574,58.834,2297.591,2297.591,2297.591
-6.35,-0.32,-0,53142.967,0,271,151.263,116.956,113.135,100.475,70.829,59.629,58.899,2297.605,2297.605,2297.605
-6.351,-0.284,-0,53143.657,0,271,151.27,116.981,113.167,100.508,70.887,59.674,58.94,2297.603,2297.603,2297.603
-6.347,-0.249,-0,53144.365,0,271,151.271,116.989,113.188,100.53,70.938,59.717,58.979,2297.581,2297.581,2297.581
-6.34,-0.212,-0,53145.046,0,271,151.277,116.997,113.231,100.569,71.03,59.776,59.045,2297.595,2297.595,2297.595
-6.33,-0.177,-0,53145.77,0,271,151.295,117.003,113.247,100.594,71.093,59.83,59.098,2297.581,2297.581,2297.581
-6.319,-0.147,-0,53146.452,0,271,151.302,117.023,113.285,100.629,71.166,59.893,59.168,2297.589,2297.589,2297.589
-6.307,-0.119,-0,53147.148,0,271,151.317,117.043,113.31,100.68,71.257,59.967,59.239,2297.602,2297.602,2297.602
-6.308,-0.095,-0,53147.866,0,271,151.332,117.022,113.341,100.701,71.344,60.025,59.296,2297.587,2297.587,2297.587
-6.314,-0.073,-0,53148.547,0,271,151.345,117.036,113.362,100.747,71.438,60.096,59.371,2297.594,2297.594,2297.594
-6.318,-0.065,-0,53149.249,0,271,151.358,117.041,113.39,100.785,71.544,60.167,59.452,2297.598,2297.598,2297.598
-6.321,-0.059,-0,53149.954,0,271,151.367,117.034,113.413,100.811,71.627,60.228,59.517,2297.585,2297.585,2297.585
-6.321,-0.058,-0,53150.653,0,271,151.393,117.037,113.433,100.85,71.727,60.314,59.601,2297.597,2297.597,2297.597
-6.32,-0.056,-0,53151.356,0,271,151.394,117.038,113.44,100.875,71.799,60.386,59.677,2297.584,2297.584,2297.584
-6.317,-0.053,-0,53152.052,0,271,151.408,117.048,113.462,100.911,71.894,60.466,59.755,2297.592,2297.592,2297.592
-6.311,-0.05,-0,53152.775,0,271,151.433,117.053,113.485,100.931,71.968,60.545,59.826,2297.601,2297.601,2297.601
-6.304,-0.047,-0,53153.457,0,271,151.441,117.06,113.506,100.962,72.039,60.617,59.9,2297.594,2297.594,2297.594
-6.297,-0.046,-0,53154.148,0,271,151.451,117.059,113.507,100.991,72.114,60.689,59.971,2297.602,2297.602,2297.602
-6.298,-0.043,-0,53154.849,0,271,151.452,117.072,113.523,101.019,72.19,60.769,60.047,2297.598,2297.598,2297.598
-6.305,-0.037,-0,53155.548,0,271,151.468,117.07,113.538,101.038,72.255,60.835,60.108,2297.586,2297.586,2297.586
-6.299,-0.034,-0,53156.247,0,271,151.482,117.09,113.554,101.07,72.336,60.92,60.19,2297.608,2297.608,2297.608
-6.296,-0.029,-0,53156.964,0,271,151.482,117.084,113.567,101.079,72.388,60.975,60.254,2297.584,2297.584,2297.584
-6.291,-0.024,-0,53157.656,0,271,151.498,117.086,113.565,101.103,72.461,61.048,60.33,2297.581,2297.581,2297.581
-6.288,-0.021,-0,53158.348,0,271,151.511,117.098,113.593,101.14,72.518,61.13,60.425,2297.594,2297.594,2297.594
-6.282,-0.017,-0,53159.054,0,271,151.531,117.108,113.604,101.166,72.58,61.207,60.496,2297.593,2297.593,2297.593
-6.276,-0.013,-0,53159.749,0,271,151.539,117.113,113.612,101.188,72.618,61.285,60.571,2297.588,2297.588,2297.588
-6.272,-0.008,-0,53160.448,0,271,151.544,117.125,113.63,101.208,72.675,61.371,60.655,2297.603,2297.603,2297.603
-6.267,-0.003,-0,53161.155,0,271,151.563,117.121,113.635,101.228,72.693,61.444,60.729,2297.592,2297.592,2297.592
-6.262,0.002,-0,53161.861,0,271,151.566,117.118,113.647,101.245,72.703,61.515,60.805,2297.591,2297.591,2297.591
-6.245,0.002,-0,53162.549,0,271,151.581,117.117,113.663,101.286,72.699,61.599,60.89,2297.588,2297.588,2297.588
-6.221,0.002,-0,53163.259,0,271,151.604,117.121,113.674,101.338,72.732,61.688,60.977,2297.6,2297.6,2297.6
-6.203,0.002,-0,53163.959,0,271,151.609,117.122,113.694,101.393,72.742,61.775,61.097,2297.602,2297.602,2297.602
-6.19,0.002,-0,53164.654,0,271,151.621,117.119,113.695,101.447,72.768,61.873,61.203,2297.599,2297.599,2297.599
-6.177,0.002,-0,53165.351,0,271,151.637,117.115,113.702,101.493,72.784,61.984,61.324,2297.598,2297.598,2297.598
-6.165,0.002,-0,53166.048,0,271,151.651,117.127,113.717,101.554,72.818,62.093,61.445,2297.603,2297.603,2297.603
-6.152,0.001,-0,53166.749,0,271,151.652,117.125,113.73,101.605,72.85,62.208,61.571,2297.605,2297.605,2297.605
-6.139,0.002,-0,53167.458,0,271,151.67,117.127,113.737,101.657,72.886,62.329,61.694,2297.606,2297.606,2297.606
-6.123,0.003,-0,53168.151,0,271,151.669,117.129,113.748,101.693,72.926,62.442,61.825,2297.603,2297.603,2297.603
-6.109,0.002,-0,53168.851,0,271,151.678,117.128,113.752,101.749,72.97,62.565,61.95,2297.596,2297.596,2297.596
-6.092,0.003,-0,53169.548,0,271,151.691,117.136,113.769,101.805,73.018,62.69,62.074,2297.6,2297.6,2297.6
-6.074,0.002,-0,53170.255,0,271,151.691,117.138,113.765,101.84,73.053,62.8,62.198,2297.588,2297.588,2297.588
-6.06,0.002,-0,53170.966,0,271,151.71,117.137,113.78,101.893,73.11,62.932,62.335,2297.603,2297.603,2297.603
-6.042,0.002,-0,53171.653,0,271,151.735,117.164,113.807,101.944,73.185,63.051,62.467,2297.617,2297.617,2297.617
-6.023,0.002,-0,53172.353,0,271,151.723,117.155,113.817,101.983,73.241,63.169,62.582,2297.606,2297.606,2297.606
-5.998,0.002,-0,53173.052,0,271,151.748,117.159,113.825,102.034,73.304,63.297,62.716,2297.615,2297.615,2297.615
-5.993,0.002,-0,53173.751,0,271,151.754,117.166,113.835,102.069,73.366,63.425,62.852,2297.61,2297.61,2297.61
-6.001,0.002,-0,53174.463,0,271,151.737,117.166,113.839,102.115,73.421,63.544,62.967,2297.597,2297.597,2297.597
-6.005,0.002,-0,53175.174,0,271,151.754,117.175,113.853,102.16,73.497,63.674,63.097,2297.607,2297.607,2297.607
-6.007,0.002,-0,53175.856,0,271,151.772,117.192,113.861,102.207,73.565,63.795,63.223,2297.615,2297.615,2297.615
-6,0.002,-0,53176.149,0,271,151.77,117.189,113.873,102.245,73.639,63.915,63.347,2297.608,2297.608,2297.608
