time,T_Cu1,T_Cu2,T_Inco1,T_Inco2,T_Cu3,T_Cu4
1,149.782107089531,146.268583149765,129.449313056438,44.6903960284831,26.374360052891,24.4467088987709
2,149.771961455383,146.312455842968,129.561965006415,44.727349226918,26.3756697698627,24.4346432635249
3,149.842689346949,146.326652218582,129.526691006893,44.780649701931,26.3626680530101,24.4362674721568
4,149.801574475918,146.226916499096,129.654877393033,44.8096864459386,26.3657421583064,24.4300219288311
5,149.854502406516,146.242533396857,129.694878361241,44.8334784872159,26.3808225771458,24.4437476277814
6,149.794827024132,146.339486278976,129.670835073225,44.883097228173,26.3809074520749,24.4384830994113
7,149.833142450843,146.241317773277,129.738261082325,44.922266513301,26.3775086000171,24.433750503531
8,149.777369040291,146.297996395564,129.767318529497,44.948205728532,26.3918077333175,24.4423407434492
9,149.788830322658,146.292890933045,129.84439339362,44.9796687477533,26.3808819293208,24.427546361124
10,149.733912591345,146.364234403663,129.789757934456,45.0254676228097,26.3961479282093,24.4249810678559
11,149.80221622772,146.279250085417,129.794347856664,45.0437769487804,26.3847258042094,24.4397483507018
12,149.851490789509,146.387174816895,129.938049815862,45.0696701452272,26.3866805353337,24.4412952003723
13,149.787149035922,146.392439939828,129.883589608541,45.0776926697134,26.3951305111126,24.4393159594706
14,149.778989111047,146.362148297275,129.912547045868,45.1099397209137,26.3867061605722,24.4475645889599
15,149.826096885658,146.327355896341,129.990246018795,45.1426411790825,26.3898150553954,24.4407159525096
16,149.720954031034,146.306454954477,129.972000769178,45.1740062639977,26.3828291117048,24.4379548299877
17,149.839166904633,146.393382128388,130.063591478193,45.1989998510817,26.4003984803879,24.4313063757096
18,149.707628003531,146.310574482648,130.09418743725,45.2325833492973,26.3966028810404,24.4260950703907
19,149.783776337034,146.321140344281,130.124222666768,45.2497342072581,26.399951494049,24.4431145519358
20,149.808816518352,146.335907968392,130.073473105307,45.230776987624,26.4049659817447,24.4289230834798
21,149.791909120231,146.38762084409,130.146754287062,45.2878396537381,26.3910101696915,24.431825723849
22,149.778815770216,146.424570055397,130.082530082698,45.2694243631466,26.4086274956874,24.4313014849062
23,149.755123899826,146.455757797749,130.161518491757,45.3225112124222,26.4108290537477,24.4384931976987
24,149.797283942973,146.407355584466,130.188623463029,45.321442327538,26.3958207315969,24.4383475103939
25,149.84401988456,146.345277991637,130.125930467615,45.3204114302692,26.408009569647,24.444518628308
26,149.809424645712,146.387840864284,130.199643679054,45.3271568055348,26.3988082825873,24.4465559375897
27,149.849056993871,146.439443548789,130.261259787639,45.3513564242425,26.397888904107,24.4445043119608
28,149.7219103245,146.464044926999,130.194868076104,45.3878032168051,26.396005190059,24.4490514951042
29,149.783701311828,146.394337725258,130.205077983636,45.367012627553,26.4096051324294,24.429327501449
30,149.723566224231,146.428025601182,130.296836005966,45.3916345594596,26.406982865119,24.4480807727772
31,149.788836254804,146.47798249472,130.264957459368,45.3930457089458,26.4152994731792,24.4259445956078
32,149.81036485805,146.448037041485,130.232624213275,45.4052155968807,26.401327334905,24.430831945839
33,149.729159521455,146.442108577654,130.25441636133,45.4113531109776,26.399575554256,24.4250371744593
34,149.823681128845,146.414520274393,130.320931219431,45.4504032930382,26.4068100918493,24.4416056370646
35,149.76690465817,146.428822018299,130.319222399515,45.4320610038148,26.4085363867033,24.4474361294572
36,149.841791965431,146.487240417516,130.294191255213,45.465284185746,26.4171394153482,24.4391262064971
37,149.753103554293,146.423348460816,130.34675177815,45.4539193826806,26.4006160430801,24.428702330965
38,149.716204645139,146.442996929819,130.368152581359,45.4839627415825,26.3990471702075,24.43737498455
39,149.739967644872,146.431131917006,130.320530856361,45.4850134819055,26.4145221784387,24.4390091206636
40,149.719471913759,146.478811027598,130.346046464077,45.482913156445,26.3993934777116,24.4295225931003
41,149.849606273474,146.464273054569,130.347619675713,45.5150085006878,26.4026146836676,24.4329207102935
42,149.709502572333,146.478373455141,130.409731630585,45.5214204404334,26.4175667220496,24.4427167322778
43,149.724247238181,146.456503224044,130.333271114615,45.533520903669,26.41330388323,24.4386390164211
44,149.708908465099,146.444533445677,130.439804959435,45.4972539534134,26.4143816895261,24.4283728422022
45,149.739481072595,146.457677073276,130.36703829886,45.532420395519,26.4216661308852,24.4343248876921
46,149.708761102526,146.395923528735,125.321090970194,50.0136906006398,26.4259859533737,24.4347300298371
47,149.803414363041,146.377024790121,123.279658691115,52.2539725484917,26.4671653923964,24.4392343410992
48,149.784595614134,146.323247194672,121.890146616373,53.7484736174747,26.5571187215887,24.4253008362746
49,149.743878294862,146.135187788415,120.799822415225,54.8974474603722,26.6559277677689,24.4392553002385
50,149.736109074212,145.962150359741,120.080848516659,55.7753387733193,26.7675793434402,24.448120701027
51,149.720677559926,145.806078174255,119.407219111525,56.4769579189349,26.8456887798862,24.4274876182128
52,149.762313223012,145.651950775631,119.031751307386,57.0204731334949,26.9062369624413,24.4431195426752
53,149.7082159098,145.522728002489,118.653202348399,57.4626936937017,26.9470723418813,24.4490788683807
54,149.797452171086,145.38218363613,118.314881953408,57.8090236805027,26.9713626716673,24.4400379371742
55,149.778875184812,145.29479136354,118.098629551573,58.0951969456536,27.0017445376742,24.4428074390113
56,149.753264626529,145.062834695039,117.943382058057,58.3212857575907,27.0290438747845,24.43238460685
57,149.818713640348,145.009635961388,117.688813373909,58.4642149891223,27.0444013479253,24.4362913585588
58,149.832949364839,144.93943263695,117.635059151633,58.6356765168237,27.0782948216573,24.4260165140364
59,149.746411761239,144.830911054632,117.538392009469,58.7394886397069,27.0750161311234,24.4344496013362
60,149.784182682402,144.732963296567,117.444900550002,58.8320011647105,27.0978802687122,24.433858708213
61,149.774063092343,144.810814059334,117.301583449706,58.863696509368,27.1097352593746,24.432005400088
62,149.758228645039,144.723738701513,117.266078401789,58.9119717730922,27.1099185808545,24.4452336171041
63,149.832918243975,144.594997023872,117.16349845816,58.9876570338515,27.109768458686,24.4360790010785
64,149.85442084843,144.555562329525,117.152819941001,59.0273171502422,27.1255383732316,24.4449816117159
65,149.801016648365,144.601620890788,117.089722742844,59.019284789565,27.1148047313447,24.4445701220824
66,149.734238248795,144.524376406222,117.090649032065,59.0390113829049,27.1176294868166,24.4318897455365
67,149.725499525733,144.45366730261,117.073143745247,59.084368542751,27.1320008816201,24.4265235296724
68,149.79404227965,144.478726788718,117.070573729341,59.1087742320494,27.125974093731,24.4261890669124
69,149.756327343718,144.419473880571,117.002067834797,59.1174357622144,27.1206376678999,24.4407538646903
70,149.747274929104,144.496395856469,116.992605073022,59.08053567812,27.1341350849966,24.4354229382372
71,149.789582838775,144.499580669306,117.017973203299,59.122227305208,27.1195599977389,24.4474540824085
72,149.73412450763,144.351778056186,116.99639596039,59.1345173681508,27.1403267326623,24.4352488207975
73,149.808820753616,144.432889574681,116.938374889837,59.1085902929895,27.121967247543,24.4286672568947
74,149.715400246743,144.426218492799,116.964484372062,59.085714443087,27.1184802264032,24.4383157803011
75,149.712155550876,144.355237233776,116.851656568397,59.0945783902773,27.1183429583282,24.4482430829058
76,149.750024741419,144.432085446517,116.926781756855,59.1216602557562,27.1370135771289,24.4413396753297
77,149.718655480259,144.345204064607,116.859827420178,59.0784384742459,27.1382937100372,24.4346822347459
78,149.842132816742,144.299972111085,116.836530065864,59.0983104825467,27.1361716842589,24.4312905622608
79,149.834037865264,144.303713199101,116.895438943921,59.1020466808112,27.136556111329,24.4460136027061
80,149.766401744091,144.400372273867,116.830936014564,59.1231591080163,27.1418646602242,24.4484422005803
81,149.732429263001,144.383207911376,116.800992687922,59.0757466867421,27.1284833804718,24.4342407946389
82,149.771614820204,144.389456395875,116.776948018429,59.0667584115345,27.1369005587514,24.4264978033204
83,149.769479693736,144.362670351547,116.877202590869,59.0944692165691,27.1269786004577,24.4293553429237
84,149.816361495692,144.388459892226,116.83822037306,59.0591660643621,27.1407427046938,24.4392094890872
85,149.768018025041,144.271179099832,116.852632588347,59.1072710365852,27.1153440504179,24.4294629244968
86,149.849818091762,144.322032093042,116.85565259214,59.0604063950492,27.1413755123092,24.4321020076056
87,149.843844726341,144.297062430945,116.819859777216,59.0781179936217,27.1301901477254,24.4363574013802
88,149.849759120681,144.328280656407,116.842088502327,59.0871991436656,27.124018580421,24.4334902347321
89,149.758947153622,144.384095285409,116.76031723176,59.0847530652323,27.1294810989203,24.4327699416203
90,149.750583604522,144.295509019181,116.828713595191,59.0615042904246,27.1224062011102,24.4363136631971
91,149.84005208763,144.339888851639,116.828324704103,59.0745103904211,27.118466074354,24.4307131717092
92,149.73855159271,144.255551122746,116.752178131546,59.0807073901684,27.1318376273265,24.4255095996465
93,149.726678455368,144.272812850882,116.721983221592,59.0770780655795,27.1321791644815,24.4412771351057
94,149.785124356303,144.369662453064,116.79898504749,59.03389182517,27.134914358042,24.4287858877749
95,149.842866385664,144.276121571363,116.716298344273,59.0509574017329,27.1228879585707,24.4448823637204
96,149.767426508544,144.366833490526,116.78788956114,59.0625213584613,27.1201037132542,24.4350302930027
97,149.73941116103,144.294766694169,116.752252941605,59.025368937671,27.1225016025632,24.4330005956788
98,149.718857895691,144.342002735203,116.77304672826,59.0557174660146,27.1219279383648,24.443466166921
99,149.847005952469,144.251718320111,116.714426086273,59.0375906366028,27.1378189865749,24.4434745967154
100,149.79747770735,144.349522032923,116.75396568362,59.0419187990133,27.1331093380791,24.4291646728096
101,149.763670799186,144.314856780883,116.763497731105,59.0209659735966,27.1204755637358,24.4277544187524
102,149.806786689384,144.378345882107,116.689299210912,59.0087772120664,27.128868624755,24.4291667368164
103,149.825875512871,144.283254909789,116.740207849617,59.0196201769525,27.1330377765888,24.4405010278065
104,149.757070792686,144.295224034114,116.786553123753,59.0544709390878,27.1350793148976,24.4458630550956
105,149.810945802854,144.256697706557,116.69500031092,59.0265762434053,27.1364759959609,24.4375678700781
106,149.737619324779,144.379226309757,116.731410390703,59.0132420589973,27.1281906770942,24.4289598923045
107,149.850854012588,144.301807995285,116.754969618986,59.0409350376432,27.1140007477894,24.4426734307675
108,149.813821841665,144.251075222559,116.71105424005,59.0401483074875,27.1179175787991,24.4474917311145
109,149.732082962023,144.342041288821,116.785734570536,58.9946222345101,27.1352641122918,24.4302792422347
110,149.773463549172,144.311320264994,116.754616328795,59.0440543364707,27.1230127600532,24.4465898349045
111,149.801996008458,144.285132256095,116.696703926016,59.0381035715872,27.1295496818953,24.4301116972972
112,149.846542048943,144.346295509515,116.735890962928,59.0090937562467,27.1327540106038,24.4457324222137
113,149.786446618614,144.357905090769,116.772424981036,59.0284161393898,27.1183629635635,24.4462983409362
114,149.801018136796,144.273441111963,116.734009251665,59.0054888876826,27.1265035083327,24.4379002355312
115,149.809169811613,144.31374217821,116.755568659455,59.041940575031,27.1177571726241,24.4367498685634
116,149.845526601678,144.299135554599,116.771157789805,59.0028903437792,27.1117470093066,24.4470628770246
117,149.729972094542,144.258785774878,116.764083874591,58.9954192382592,27.1320198977313,24.4264427037172
118,149.767905092261,144.322560882114,116.680656610474,59.0286280578046,27.1120478423237,24.4375522018357
119,149.75391837303,144.371055119633,116.686615613181,59.0121093687805,27.121934480534,24.4403357473844
120,149.81113181696,144.250922160316,116.681726445236,59.0218223892422,27.1181315963565,24.4431549847025
121,149.840650154214,144.365247556028,116.66651942971,59.0396375797698,27.1167985652226,24.4305657044789
122,149.780647618147,144.314546944665,116.663537598786,59.0005086093869,27.1290139595175,24.4253625955993
123,149.827920499617,144.296583948876,116.731104291395,58.9859908862565,27.1357314817654,24.4282905209493
124,149.756012809601,144.256678647193,116.731961272638,59.0275925745528,27.1114121124284,24.4440534848795
125,149.789528844973,144.270285915927,116.767373773242,59.0019706828045,27.1311626362146,24.4490599282295
126,149.765364623438,144.299029897917,116.745310815864,59.0144387990469,27.1325566725678,24.4344856591075
127,149.841571324294,144.311244510116,116.694586856176,58.990303191222,27.1354204810771,24.4496514934517
128,149.808464985355,144.28537161144,116.716684635716,58.9836011030197,27.1371796602957,24.4329756353988
129,149.831306515454,144.345742544331,116.688662954464,58.9877186628199,27.11429011865,24.4282448246115
130,149.723560300364,144.361325219855,116.743358250703,59.0270145236862,27.1249422809706,24.4344346394572
131,149.748931073387,144.339887606955,116.671413035255,58.9956553875127,27.1330250181462,24.4388816945198
132,149.822192398059,144.292427228966,116.744106119348,59.0002016465099,27.1280559379293,24.4406616843763
133,149.739455462614,144.320918633206,116.751149718815,59.0156079523717,27.1365125014414,24.4383559583294
134,149.71215629243,144.326169174919,116.74331486951,59.0251240262832,27.1363064874792,24.4326906343177
135,149.772529757865,144.251842156014,116.695607656305,59.0218247523434,27.1368147912255,24.4287989667918
136,149.847576529765,144.305370346334,119.830512181633,56.2252692314903,27.1095699000159,24.4286312045469
137,149.746360317625,144.317333946931,121.742079941578,54.209478336643,27.0890455771588,24.4282395680472
138,149.79250879818,144.446428616298,123.089270495925,52.7682260142031,27.018893875067,24.4425608766158
139,149.76097992994,144.618503284843,124.287839721744,51.5642861672035,26.9336457372105,24.4364374103586
140,149.711072767548,144.675976671059,125.176492744549,50.6144790344024,26.855980687095,24.42764757829
141,149.782109852043,144.755330731046,125.874960394249,49.8287204972794,26.8045313968596,24.4423377700143
142,149.831099209341,145.020854270667,126.590149453642,49.1535243883321,26.737525610199,24.4293154521438
143,149.745894336282,145.15140852451,127.017820854468,48.5759724118056,26.6980181410274,24.4449075007175
144,149.7139297242,145.193866561353,127.477625500901,48.1336368785712,26.6565328636991,24.4376647013268
145,149.744017713819,145.296868850153,127.869980253752,47.6933919076341,26.6054806842726,24.4385267577513
146,149.806156794898,145.482820273349,128.17067294319,47.3869632333865,26.5743240726058,24.4300119176931
147,149.756458426872,145.543624318149,128.442423091669,47.0771964031121,26.5452094692853,24.4444305205717
148,149.805971410339,145.643719515237,128.746520571132,46.8523930156075,26.5296430054092,24.4379780395248
149,149.708997591844,145.746249994647,128.885788046309,46.6704850849037,26.5070234158097,24.4390913827957
150,149.814757151706,145.736828839462,129.109032981989,46.4795523242738,26.4969855713121,24.4353668176753
151,149.765714795024,145.920720319117,129.236228415207,46.323994828612,26.4836066942219,24.4428447064547
152,149.712072762153,145.994302526738,129.394264028561,46.2261002136834,26.4683920976652,24.4266442564861
153,149.767949283579,145.927693861449,129.573620003245,46.1117399185042,26.4561001241586,24.4396873466635
154,149.814493118724,146.088757694297,129.587373378434,46.0197817931576,26.4559574286965,24.4463652328187
155,149.845247435421,146.144387355286,129.65231635597,45.9737961694059,26.4518423303238,24.4360358252213
156,149.854649334692,146.0545839308,129.851153577535,45.9032373720635,26.4416864230971,24.4411302334682
157,149.854560104128,146.166943290714,129.894340909621,45.8381721726068,26.446530922396,24.4324026266717
158,149.841492887152,146.219010593436,129.937235900123,45.7913652990984,26.4363973081323,24.4400017974806
159,149.836902454646,146.210216348068,129.995220533282,45.7597254906127,26.4329709342742,24.4317883564551
160,149.827191119037,146.275827964881,129.991743646565,45.7262438900612,26.4395598814817,24.4448048572117
161,149.790293800927,146.316574401371,130.152756281617,45.7093647488861,26.4378539168953,24.4447200266551
162,149.769877795332,146.310733730372,130.110563428864,45.7166203815374,26.434272615665,24.4486679712916
163,149.726115349193,146.338295106605,130.18120730535,45.6797229548593,26.4336209118529,24.4359242528401
164,149.805240084667,146.303741901721,130.183537430705,45.6519524309706,26.424760861611,24.4362378690231
165,149.836641710013,146.401547004035,130.162580648279,45.6483478049931,26.4250297848095,24.4398112271641
166,149.748236738434,146.354857213814,130.258371918119,45.6488286376455,26.4260507599497,24.4458813444936
167,149.833071563812,146.397286140891,130.277163855951,45.6350504450213,26.4113855274086,24.4255958100306
168,149.717660259844,146.437992305033,130.264299959852,45.6311603156681,26.4145802557877,24.4294975522472
169,149.763865784463,146.365346414886,130.257269491759,45.6373723113443,26.4236815332816,24.4484056586906
170,149.747272388279,146.393416229417,130.37784043255,45.6111571710881,26.4151473252088,24.4485138521757
171,149.729985150022,146.423915174441,130.290514411847,45.6246411534943,26.4268237221067,24.4361404084869
172,149.801696910192,146.414896407752,130.339463095187,45.5951825435259,26.4135207334742,24.4450866124857
173,149.75450319564,146.369486538107,130.412946352963,45.5888879917355,26.4073622591004,24.4480377787246
174,149.850913751084,146.471190212573,130.449177224144,45.6004777601125,26.4138804157503,24.4416337307315
175,149.78184807159,146.371982356138,130.409741543836,45.6214682304538,26.4205126674058,24.4341241056978
176,149.817838250713,146.434904654725,130.444332549469,45.6010979572638,26.4311632985599,24.4349581909813
177,149.708960323538,146.381535402603,130.446679872779,45.6281821910825,26.4238039301952,24.4357863967516
178,149.797849951482,146.522999107787,130.444849052425,45.6117221385868,26.4245103303207,24.4417820287244
179,149.793514671422,146.459894079456,130.454067884729,45.6000557471158,26.4203518524605,24.4364425569254
180,149.82815379634,146.519791839952,130.496505113934,45.627598117208,26.4196798162258,24.44864740291
