time,T_Cu1,T_Cu2,T_Inco1,T_Inco2,T_Cu3,T_Cu4
1,150.057757902831,146.447732179545,128.890073463747,44.6224915682958,25.9862363836659,25.0026594810305
2,149.943050190677,146.430111331211,128.930952506731,44.6536243237091,25.9900239136947,24.9936703031246
3,150.004798903826,146.454642117918,129.021534417438,44.6894650554972,26.0057519184515,24.9875459081535
4,149.950548932247,146.545718396619,129.026403826755,44.7613087729809,25.9947460367477,25.0066548013916
5,150.069838218143,146.459929759808,129.043611228904,44.7677944202197,25.9989667590776,24.9981357726168
6,150.066768880354,146.589883284422,129.074244513684,44.8147934591023,26.0119930813105,25.0122390943069
7,149.998749496344,146.515249133353,129.064898273007,44.8458359413004,26.0086537271707,24.9892563119643
8,149.950088824601,146.544178735457,129.128203070095,44.9018632842414,26.0098808438387,24.990612695182
9,150.031633233121,146.586147473336,129.19229300176,44.9296172208125,26.0147217317164,25.0117103704963
10,150.038515597296,146.633172818866,129.212148139297,44.9238137109973,26.0173753601883,25.0094305809291
11,149.996980699584,146.54829628713,129.218174169792,44.9786476932141,26.0063104619268,24.9935092155767
12,150.050476233148,146.654182496131,129.241836043422,44.9977542731095,25.9999070994578,25.0003980100196
13,150.050561993171,146.633422776711,129.259875178452,45.0069415860983,26.0249892361004,24.9894693169608
14,150.010548804322,146.538221742485,129.390262722845,45.0499668608919,26.0052215041587,25.0033900174647
15,150.042462658031,146.557908307055,129.351528840439,45.0729415411277,26.0265840354282,25.002905158888
16,149.996362127747,146.565421537419,129.430855652483,45.1170165664186,26.0303672889548,25.0044864062646
17,150.041649609895,146.557639153025,129.420344049641,45.1090685629135,26.0292442084895,25.0084900658071
18,150.059399293595,146.681835521556,129.424332160838,45.1636221180874,26.0255047573699,25.0067171233209
19,150.068463106089,146.56061232149,129.441962464423,45.1625087951995,26.0236195812975,24.9888660107788
20,149.944695257725,146.691809759898,129.464719579892,45.1955757720424,26.022018037598,24.9895496775786
21,150.018962176171,146.580909020203,129.458727446453,45.1857931784649,26.0199341187333,25.0010754292447
22,150.037438159874,146.619308377976,129.571003794306,45.2025903707428,26.0146634226268,24.9955529925649
23,149.953631832206,146.605670252806,129.525657784855,45.2507124771173,26.0219864009319,24.9936095849921
24,149.991563497319,146.657957459555,129.510788586559,45.2594220392812,26.0363646755165,24.9880581613369
25,149.968799659072,146.663669745562,129.564565697049,45.2754367567141,26.0173149762978,24.991765675183
26,149.990403209076,146.627687028813,129.648775722006,45.2741105894271,26.0196891233612,25.0112738175643
27,150.026991971314,146.700244610735,129.571980109578,45.3023066782926,26.0243433099843,24.9959595547517
28,149.962949289516,146.592212845974,129.607025478328,45.3016787800786,26.0392012634158,24.9999468096268
29,150.055821267049,146.632581363568,129.649674133179,45.340095254047,26.0328362480633,24.9967550297989
30,150.005430495146,146.733179737231,129.664104877595,45.3318501900934,26.0274479180639,25.0040307162475
31,150.061858124304,146.722365749469,129.709933770171,45.3381203027676,26.0400870189096,24.9991421604029
32,149.994887196921,146.605571373757,129.626955267414,45.3331094018208,26.0432836870453,25.0098181986275
33,149.980970251456,146.746528976141,129.739988884349,45.3787461654215,26.0359246382236,24.9939887830671
34,150.029023337791,146.665822385147,129.762562139219,45.3802385680496,26.0362246306089,25.0045072479553
35,150.038537470899,146.68547811088,129.75089723272,45.3766541054185,26.0407303396169,25.0007737310387
36,150.061267867023,146.719563120095,129.677896964449,45.4008968645847,26.031417166573,24.9886551549109
37,149.934345126143,146.695624894898,129.688567900614,45.3902992168686,26.0477024140081,25.0044548861957
38,150.042518544031,146.760837660148,129.720400510539,45.39281392784,26.0268430071562,24.9949580116049
39,149.950180496364,146.697029217206,129.739191696082,45.4080536371212,26.0449373202569,24.9901335355993
40,150.049927383166,146.714667291129,129.783911505776,45.4069217287168,26.033300868048,24.9991879430276
41,149.944418994913,146.671832503599,129.816701147775,45.453792098784,26.0281262257448,25.0045573649897
42,149.998807178164,146.768334074406,129.815567346913,45.4529262548751,26.0398643497728,25.0069995539544
43,150.050905489366,146.755906042944,129.812595514258,45.4439917870059,26.0428952587408,25.0081906344453
44,150.011785403125,146.643202369965,129.791067890105,45.4463780835611,26.0422927136677,24.99820179417
45,149.966344549298,146.720099967594,129.78655870466,45.4666358394606,26.0462665403891,25.0001077110152
46,149.979351423795,146.755424554391,124.734196884724,49.9496557061029,26.0356207560431,25.0033555464244
47,150.005151238512,146.644592692993,122.663147454425,52.1813124974141,26.1002949800549,25.0056675781892
48,150.065731038958,146.534942231073,121.2217722334,53.6849601872519,26.1961259516814,24.997824029624
49,149.967496857718,146.371878778561,120.298776057561,54.8233667861839,26.3013017794908,24.9964079026956
50,150.02097114903,146.115554002558,119.46166182505,55.7486605200773,26.3845595878808,24.995538703167
51,149.930661349751,146.028764505457,118.806975453121,56.4007837099986,26.4617987339135,24.9990610244018
52,150.038579674815,145.914895559899,118.366663960805,56.9410303215943,26.5142799234668,25.0041011892582
53,149.953110418024,145.689987503439,118.018699060644,57.3771739406385,26.5693529600473,25.0036499551316
54,150.001444364527,145.583026390958,117.731763306863,57.7371615889799,26.6213981358305,24.9960972011656
55,150.01380542754,145.42671157949,117.516333466277,58.0382716773592,26.6294067345323,25.0022345794924
56,149.960859662723,145.399198682559,117.312651831774,58.2089134713237,26.6590650759123,25.0086672260124
57,149.997872389985,145.252393196439,117.157172583572,58.3880133209927,26.6700297721908,24.9919485372813
58,150.063092981489,145.248873465785,117.020889382881,58.5289931396061,26.7066462866382,24.9949138319773
59,149.979379973138,145.123809070569,116.881543505264,58.6836342388134,26.7166719865963,24.9886452542468
60,149.934530928968,145.020370340756,116.850651365162,58.7738638830635,26.7283638498893,25.0074994586012
61,150.015977079737,144.941251038635,116.746425689764,58.8407199997925,26.7253923304917,25.0074023827143
62,149.951115402495,144.871055452177,116.677199997324,58.8964366592766,26.742758083181,24.9973927391439
63,150.01968948894,144.899839520827,116.582451009641,58.8968978625226,26.7442582724042,24.9954983523856
64,149.978522682601,144.813823245799,116.619262599538,58.9331584954512,26.7541192677862,25.0122971554872
65,150.028660777892,144.825559962919,116.498349361388,58.9671722498164,26.7498826974166,25.0012728383247
66,149.933254780521,144.716034383469,116.533697058539,59.0168600377064,26.7528488484117,24.9878644649979
67,149.974031687946,144.813857557363,116.418300968299,59.037532907086,26.7374364100792,25.0089794199167
68,150.016922433923,144.686106411129,116.473480028938,59.029904624894,26.7616754146283,25.0023452335667
69,150.072423520396,144.74458406368,116.400224828094,59.0176452191347,26.744762932347,25.0090342679231
70,149.993199206618,144.639430074287,116.39036412432,59.01259486111,26.7476937156725,25.0069262452172
71,149.962999180563,144.675447518143,116.322108236364,59.022843381554,26.7461219554898,24.9901225659931
72,149.930583352597,144.700009527315,116.332124720268,59.0569027133195,26.7561976554697,24.9973549044325
73,150.009715498918,144.657510714625,116.367916800349,59.0539873680361,26.7559722453469,25.0118996554801
74,149.931856406204,144.661408289866,116.373595372573,59.0446491172489,26.7610698039565,25.0002622459747
75,150.06566805272,144.69849765111,116.339383121874,59.0616265211153,26.7634373818151,24.9973367445021
76,149.993088014344,144.586760861249,116.255844877555,59.0378306565532,26.7493347440434,25.0013816686488
77,150.055448909212,144.635103745425,116.267445118168,59.0269296348803,26.766975393487,25.0118858990084
78,150.064055953634,144.645458522834,116.320073167817,59.0397669750915,26.7512004209167,24.998697220928
79,150.027228281472,144.654969768705,116.22251848666,59.0397598439376,26.7470672116503,25.0091019533198
80,149.978586497791,144.623474223584,116.295619261816,58.9997383022369,26.7483462885887,24.9910731811566
81,150.045246690087,144.66189251715,116.243481185239,58.9974342237174,26.7458118665039,24.9898919365451
82,150.011438732445,144.518067747469,116.287526373743,58.9949963510581,26.75729623173,24.9961932444723
83,150.027039569298,144.525491103716,116.235299759113,58.9919566809421,26.7589289418578,24.9893188147003
84,150.012364080005,144.592668920614,116.226744158132,58.9888300164712,26.748230551524,25.001110989015
85,150.061359271126,144.556367028588,116.256695856382,59.0380159438234,26.7571745572978,25.0116348944174
86,150.059754983877,144.592637419764,116.173608131603,58.9825087943376,26.7508465975167,24.9945293243919
87,149.993450244085,144.520425963904,116.179121513833,59.0010526829581,26.7602614199312,24.9895033955221
88,149.952325241242,144.584310917514,116.159858465108,59.0272793019855,26.7498015334017,24.9911450377239
89,149.974176832566,144.623708872536,116.227811654575,58.9976398652967,26.7534290466398,24.9915761405392
90,149.928568404905,144.515295024844,116.203317395489,58.9769103611445,26.7464487330686,25.0009644483794
91,149.926075579724,144.547321396412,116.200959367849,59.0203834915989,26.751639594982,24.9992240301276
92,150.045529773912,144.5061033339,116.208491299368,59.0157895449474,26.7567493732118,24.9941328584608
93,149.961382330887,144.51826296256,116.133418368845,58.9954890549883,26.7423907570398,25.0043634685778
94,150.043885287847,144.579152896114,116.229194957191,58.9576174187256,26.7437798550705,24.9906136132208
95,150.044849962618,144.623367572848,116.12709970913,58.9630267532477,26.7436360566723,24.9937941424614
96,149.955754423433,144.595063548311,116.214191421884,58.9507890850381,26.7418629130772,25.0022292432317
97,149.99875621595,144.488122144873,116.115635854453,58.9755753993818,26.7574837994128,24.9962774532078
98,150.052507021335,144.552008466197,116.205145321621,58.9995541761248,26.7540012468145,25.0005693464814
99,150.018851710721,144.565547011344,116.171207551955,58.9754550519351,26.7606407059568,24.9958792677852
100,149.957217324887,144.536975629545,116.196893503289,58.9652875380454,26.7496585263861,24.9880883781345
101,150.070916025661,144.487746643957,116.179160616757,58.9729497431578,26.7541933217362,24.9975419909547
102,150.005532782504,144.580613643039,116.205364929753,58.9482755280686,26.7459940645504,25.0001170870974
103,150.050196092124,144.580751979606,116.114274048674,58.9735471704596,26.754844523575,24.9907397344895
104,150.047333053902,144.53696965839,116.098546524143,58.9513397107082,26.7629445157392,25.0028242349642
105,150.008224231352,144.544523145058,116.097738440673,58.9680726288816,26.7537178929213,25.011586395682
106,149.989279214689,144.558262244193,116.19784374992,58.9501682057056,26.7646855557656,24.9897414283694
107,149.968845834777,144.488262305042,116.196684053201,58.9367972009804,26.7387253777087,24.9952165524178
108,150.045397991158,144.513771642241,116.19130559383,58.9314540867675,26.7504872610719,25.0007303464148
109,150.073314680259,144.541502633746,116.161346575975,58.9687711833468,26.7515604889148,24.998685376733
110,150.001257933463,144.500171574031,116.09625458048,58.9733934443934,26.7571111109822,25.0109990726754
111,149.953619901265,144.622010345613,116.154124023674,58.9445619385233,26.756410295989,25.0055276082362
112,150.006174128385,144.6014340105,116.124997943535,58.9293223532339,26.7644250179393,25.0059470708102
113,149.962304237246,144.612681907222,116.158221596837,58.9251473964326,26.7449969787436,25.0034782996258
114,149.983731862118,144.604350768952,116.10152974746,58.972467065795,26.7524891217398,24.9883828623699
115,149.955989493093,144.534999859078,116.190029930434,58.9328116770401,26.7392708041842,25.0035403866049
116,150.04286600836,144.532198688893,116.085215824645,58.9633429037847,26.7443646954217,24.995464766051
117,149.995975884766,144.48117907459,116.167538065493,58.9460238567391,26.7519829379102,24.9900275436955
118,149.995947888778,144.589219313361,116.151316975303,58.9634985271581,26.7505846375612,24.9895245540721
119,150.032728809367,144.527925535832,116.116750179813,58.9340241454117,26.7456362875586,25.0100536339291
120,149.944200737712,144.505444505058,116.173611523435,58.9451329967881,26.7412198563098,24.9938183923006
121,150.06762038734,144.576273545067,116.113764444807,58.9620875508518,26.7465612137824,24.999872693951
122,150.035225989533,144.507097266743,116.120483660145,58.9581324836365,26.7598168366408,24.9972028256355
123,150.017795709016,144.492394602585,116.169357466023,58.9641281107556,26.7541879968191,24.9940906582052
124,150.009244497004,144.612353456839,116.17021969475,58.9454060083472,26.7438832727356,24.9940779051311
125,149.959164394646,144.599584799343,116.091003295744,58.9591796308822,26.7500703263085,25.0049881857302
126,150.057760254887,144.600545351034,116.15875175078,58.9677870303912,26.7638057985286,24.9889182861717
127,150.002104786215,144.493895386367,116.146118109054,58.9553061867695,26.7566474016406,25.0072179131275
128,149.987796160109,144.508748744725,116.137363883904,58.9145695047358,26.7379640345871,24.9948075592163
129,150.041295674762,144.597514064672,116.111891333564,58.9217298271368,26.7519432869323,25.0084859405431
130,150.029582066036,144.591973728745,116.081428375692,58.9541230046876,26.7542199686922,24.9996158571199
131,150.073541306099,144.515208749032,116.069463982397,58.9162035627629,26.7472269370716,24.9933369630959
132,150.013936576146,144.520135851122,116.09221363582,58.9669925142278,26.7439134478545,24.9930133824447
133,149.948450128567,144.530070201941,116.083412486261,58.954681144254,26.7520038174517,24.9953571282274
134,149.94461854374,144.535457582302,116.093195144512,58.9674005821661,26.7572394298654,25.0123856841159
135,149.950553546876,144.484416286481,116.173757969783,58.9272106296306,26.7396116424404,24.9922282916647
136,149.934902944185,144.612021301739,119.239055726376,56.1779420460768,26.7450030863932,25.008762274209
137,149.981291775199,144.628156262902,121.164805636626,54.1756289404216,26.7167174984548,25.0085976199233
138,150.033953831096,144.698513872301,122.515186451934,52.688222158308,26.6593149750775,25.0007079127331
139,149.983365545355,144.864525951892,123.688394624875,51.5192255893464,26.5719945144073,25.0041217832821
140,149.930402401585,144.874484573534,124.498461884186,50.5613751180945,26.495449912363,24.9967404092636
141,149.925848134111,145.066789026489,125.262973215581,49.7669258472759,26.4108695535187,24.9954359381344
142,150.023424192225,145.204556350672,125.95517476176,49.0868454441723,26.3625678506952,25.0077580978668
143,150.037898762901,145.277581175288,126.514675373494,48.5074404549226,26.3026510553756,24.9900655824668
144,149.93514210443,145.476880015803,126.89456171455,48.0565931126129,26.2743262533034,24.9928190730669
145,149.975890676199,145.559754831005,127.321433960418,47.6558231091274,26.2409320653344,24.9986605546975
146,149.999608786076,145.710402735076,127.659964344093,47.2957012121126,26.1939033747211,24.9971637792871
147,149.971773581598,145.811847251146,127.833338734616,47.0256088337676,26.1841507210244,25.0068661961522
148,150.025802794418,145.847126395829,128.10747666013,46.770838793347,26.1619306450923,24.9993557783152
149,150.046258724472,146.009196395259,128.392492103227,46.5696502917259,26.1270230753013,25.0074197804836
150,150.026535760224,146.07730181842,128.520136238271,46.425399638133,26.1353646018868,24.9881214868331
151,150.064608481205,146.178870948431,128.713604965145,46.2557369521124,26.1122535851768,25.0124785015267
152,150.020837645597,146.187408238621,128.850547158098,46.1415745502672,26.0930005840873,24.9945763357786
153,150.010936816864,146.208490783086,128.953842008001,46.0701765095556,26.0935655935902,25.0066956229599
154,150.073601607797,146.228528938894,129.087756517304,45.9729674960397,26.0890782947606,24.9883765928303
155,149.933182751042,146.395547188019,129.148332444034,45.9046358612718,26.0715985214684,25.0092589865579
156,149.937759118584,146.39775690175,129.148890389906,45.8570575100221,26.0706249959064,25.0060736239838
157,150.06918759547,146.443965344647,129.250117655197,45.7985437312261,26.0751271853838,24.9902323261217
158,149.985814739066,146.391208436337,129.302330311017,45.7529485281081,26.0749899922467,25.0091654184011
159,150.027791985251,146.430494647943,129.354226890085,45.7188618040443,26.0579613704064,25.0080381392531
160,149.985906109046,146.554673926911,129.422950473023,45.6644540708434,26.0551334282271,24.9875947943591
161,150.074248740587,146.553780268989,129.463206859218,45.6452858462417,26.0600342566434,25.0040065820841
162,150.050683826627,146.596011415643,129.498289452277,45.6175781764021,26.0656243531162,25.0033091232665
163,149.961898843451,146.526384227475,129.574553071199,45.5971046216655,26.0630648487481,24.9927620372102
164,149.98747150402,146.629286538417,129.58034647305,45.5854880224641,26.0473743941158,24.9983736662333
165,149.980496551695,146.64132651316,129.604694398657,45.5914700137012,26.0513055724071,25.0108277350279
166,150.043770169035,146.662693795726,129.603792326359,45.5700005465659,26.056544350284,24.9989320681969
167,149.929816300686,146.554024752308,129.732126085939,45.5674507155908,26.0583070255849,24.9902507150841
168,150.044471433915,146.594055383523,129.656343481493,45.5444080324907,26.0583308676909,25.0044972830602
169,149.930108403007,146.692389881319,129.744013920043,45.5576868615824,26.0444780870335,25.011793306144
170,149.927769796338,146.715854078773,129.675005276639,45.5615904535857,26.0385730687408,24.9983844328713
171,149.992117623529,146.603394824875,129.805945255535,45.5251770048949,26.0381318401035,24.9934489730783
172,150.050627391084,146.635392358637,129.769288628858,45.5649362797233,26.0327069342644,25.0096855194151
173,150.044399744592,146.605310576849,129.83913415119,45.5463951582468,26.0580247752393,25.0113192797961
174,150.065530345421,146.683624386977,129.731373540001,45.5612295470995,26.0562047743234,24.9972913731307
175,149.955196838681,146.672721056352,129.830332288608,45.5550248365527,26.0523106210356,25.0065832010294
176,150.05440208802,146.642198434065,129.850575944607,45.5175455216697,26.0526866033258,24.990001318765
177,149.963370679975,146.647555378457,129.843123799766,45.5360260958793,26.046297840089,24.9930965530402
178,149.933952212284,146.634547099565,129.838151415332,45.5307240384152,26.0504164068853,24.9900619374816
179,150.070301992791,146.625398924827,129.841161528484,45.5235579334685,26.0334971727295,24.9880355249057
180,149.934825829432,146.655267634642,129.833399538225,45.5569878135227,26.0334687218374,25.000423206817
