time,T_Cu1,T_Cu2,T_Inco1,T_Inco2,T_Cu3,T_Cu4
1,150.703856259558,145.925273337399,128.273543305423,44.3384039272689,26.2526797325222,24.5471696567609
2,150.619913436711,146.006740141501,128.250027895977,44.3540976978963,26.2433393185788,24.559337109976
3,150.659043339055,146.07191474228,128.389918964527,44.4252415527553,26.2587513210842,24.5564116458205
4,150.55711499511,146.086742953898,128.384569827729,44.4422581617863,26.2502788984241,24.5574074890913
5,150.577524685108,146.005160910338,128.45167864554,44.4815442227305,26.2536302066404,24.5497116828586
6,150.689574498625,145.992079705857,128.524422034448,44.531626081671,26.2589506060656,24.5628694770548
7,150.56160011599,145.981496531513,128.460128083507,44.5381140936776,26.2533854186602,24.5506188021578
8,150.559042719221,146.036519454566,128.560278013584,44.6037903799548,26.257588380676,24.5491428039955
9,150.640810344477,146.075676907455,128.519218951754,44.6314386334687,26.2595749083467,24.5659530388941
10,150.605704295632,146.127213624986,128.562147606777,44.6720362898847,26.2649181839817,24.5448445921134
11,150.58753878587,146.111763741154,128.699199926666,44.6617365089658,26.2678687041722,24.545073459913
12,150.690242328939,146.153884955617,128.683278970635,44.7171998470701,26.2812932427375,24.5551147962504
13,150.657106847011,146.137597978845,128.724773653996,44.7450390700579,26.2803524970314,24.545807145279
14,150.610390892898,146.057858624589,128.69966402466,44.7754396057612,26.2676209410341,24.56864961518
15,150.614811346257,146.180598216929,128.77589358232,44.7860929977956,26.2864160486685,24.5598874561744
16,150.585389211215,146.096167298182,128.731094373047,44.8218890521172,26.2816522067034,24.5605731566549
17,150.590298549853,146.138432683689,128.828590919279,44.8078587827238,26.286631568144,24.5523626058741
18,150.687297767675,146.163249058861,128.790894984489,44.8606912171135,26.2789774846043,24.5560524511547
19,150.692830129135,146.188783784604,128.870236073415,44.8768267188446,26.2679128742623,24.5445710001683
20,150.671891000123,146.114845161961,128.936798064937,44.9047803924565,26.2926477911809,24.5491656582172
21,150.590931038985,146.138498829522,128.917921607493,44.898361592771,26.2862340778343,24.5656273228885
22,150.642183116123,146.099506102035,128.893438827288,44.9241708671161,26.2714715022852,24.5458534571952
23,150.584922024354,146.147662576397,128.92812688081,44.9378106861798,26.2962327525013,24.551933668586
24,150.573703836039,146.150240825352,128.889568813663,44.9412135547474,26.2793614113205,24.5648305228949
25,150.657794068982,146.105924610217,128.97086956506,44.9865572965509,26.2973080537519,24.5594616649386
26,150.691254522459,146.184720788994,129.04728247089,44.9647388518628,26.2779539319871,24.5670299639156
27,150.667284681263,146.225876416187,129.028126232124,45.0001445356974,26.2742817397691,24.5662677155294
28,150.678080006433,146.160454280995,129.000424781875,45.0001507535074,26.2979067555473,24.550297780424
29,150.58841179865,146.126775225739,129.039504176723,45.0431336989539,26.2979276214906,24.5681200022494
30,150.61265561645,146.147311574994,129.050564375752,45.0387642936032,26.2852580978099,24.5554723720721
31,150.61744693859,146.115611247396,129.054810486703,45.0301974663542,26.2797423856472,24.5663789081732
32,150.695011520127,146.11862765602,129.02001932786,45.0755754935556,26.2941862365414,24.5557862144177
33,150.570476898171,146.116392684188,129.050501070171,45.0491354619205,26.2888811298904,24.558795488608
34,150.634337061599,146.195786031291,129.088871490361,45.0636661630903,26.3032129876669,24.544456929878
35,150.647822419377,146.200079560961,129.052880799831,45.076669664765,26.3025465239912,24.5623758393402
36,150.596694933774,146.164506429765,129.097331691079,45.1112403171902,26.2962809770015,24.5545474633628
37,150.584308065973,146.232737031138,129.131242777908,45.1009283758247,26.3039564228254,24.5471308917034
38,150.615901707395,146.222636759273,129.168560117652,45.0941960442903,26.2866202595153,24.5590713649731
39,150.6090343567,146.264097370133,129.133446761927,45.1388947357686,26.2883761375363,24.5442821510638
40,150.578928879718,146.199346884698,129.168304437664,45.1251502900935,26.2822106550739,24.5676513240551
41,150.688672493254,146.206039060838,129.187155663809,45.1517632636241,26.2848907969323,24.5614502555397
42,150.620715125782,146.247589065436,129.120235387188,45.1628686355059,26.2984629371303,24.5509599065049
43,150.655190173711,146.217302655764,129.184387208295,45.1602923808307,26.2911370782303,24.5630083878605
44,150.586207681681,146.24758024216,129.210933243089,45.160684269646,26.3039121361705,24.5606232526928
45,150.625315605324,146.271675086008,129.172380161016,45.1828340488845,26.3008082512916,24.551257707722
46,150.562130747015,146.166062698774,124.101815895324,49.6569575462557,26.2934582004815,24.5575553172688
47,150.629033398439,146.15497926409,122.031779457978,51.8918271055454,26.3449304756718,24.5456703563784
48,150.595101849945,145.998561475999,120.622611942146,53.3832401116991,26.4368990496411,24.5611006364454
49,150.657269816947,145.860241155968,119.670243555969,54.5337558681673,26.5510641106406,24.5672370321475
50,150.666843013676,145.634331210431,118.845823645156,55.4099036979147,26.6314609581482,24.5558309215001
51,150.613389876116,145.542277584762,118.192374929746,56.1524014510981,26.7261333332186,24.5533852087626
52,150.638467727639,145.293180002419,117.751179662909,56.6685847233603,26.7655142203197,24.5670998028072
53,150.664480512904,145.181926984285,117.433739039366,57.1224381211527,26.8361774201933,24.5444542804811
54,150.646386932481,145.152248286572,117.056996571068,57.4634091317165,26.8586138001578,24.567395834623
55,150.641828120448,145.013265860456,116.883378721003,57.7414350920316,26.9033323904944,24.5615003930889
56,150.565234259871,144.873225643514,116.703491353615,57.9672110557012,26.9091497985873,24.5646958801957
57,150.610780617502,144.711088198253,116.545643149423,58.1052542060673,26.9459050847113,24.5656083768368
58,150.559682114131,144.646025804957,116.347642854849,58.2369120115051,26.9473230906512,24.5469293768327
59,150.615565134233,144.544258937778,116.342050897601,58.3389924902368,26.9811991387304,24.5617899396813
60,150.653337387623,144.616850280393,116.191389849531,58.4566297897623,26.9781616305608,24.5579566153563
61,150.640929752507,144.539255708028,116.132968440007,58.5235497543534,26.9864750471431,24.5571806493363
62,150.7010371065,144.432051249553,116.015869857606,58.5846993380244,26.9855061083467,24.5520082483302
63,150.620889571508,144.466124652261,116.006436219227,58.6255925590527,26.993258150064,24.5482003275838
64,150.671319216817,144.398246119509,115.921087393408,58.6511527646928,27.0007301764232,24.5521581490234
65,150.640062434662,144.319365850212,115.898252939236,58.660951289239,27.0039029424722,24.5609416195488
66,150.557808638515,144.237177601434,115.841694222241,58.7171473690188,27.0050971621074,24.5572637244585
67,150.631484703672,144.222385222488,115.834779837927,58.7457779019841,26.9985935046888,24.5593599660978
68,150.615776492568,144.288609236552,115.843836486523,58.707946104839,27.0017203531056,24.5631728280133
69,150.587619231837,144.194692954189,115.801577739729,58.7568733586231,27.0143827204395,24.5482615178408
70,150.58921277099,144.236747622505,115.811628088024,58.7659375327596,27.0142222321444,24.5565239969253
71,150.620426138302,144.137179174256,115.765625345284,58.7218745229342,27.0035460572807,24.5632821553554
72,150.692627745412,144.205968943947,115.687842995289,58.748028578283,27.0223655915743,24.551685241457
73,150.602499305907,144.095681970834,115.692177160711,58.7641703515854,27.0136080501915,24.5651365949239
74,150.597293851322,144.180460420879,115.753642813075,58.7635256062422,27.0257847978698,24.5611601450104
75,150.609210521962,144.085217574706,115.737366885456,58.7671882343786,27.007476542701,24.5523764840634
76,150.629541302248,144.201513220585,115.736134771457,58.7486104475996,27.0252841907471,24.5576215462236
77,150.676672312923,144.137520046995,115.646798869464,58.7478209144363,27.0161402076307,24.5651103777024
78,150.589866408061,144.084121935456,115.71303126654,58.7323687854555,27.0206037084602,24.5502393766791
79,150.557983261191,144.101745549652,115.659473115205,58.7413317125185,27.0014342727982,24.5446520559741
80,150.599811882841,144.168605523285,115.65453923377,58.7067648111723,27.0154312215194,24.559351920923
81,150.599353006205,144.102836001365,115.639941066953,58.7455666348831,27.0235445398508,24.557634780476
82,150.678532867254,144.034507072682,115.654691407433,58.7477772078162,27.0129509121427,24.5498236915526
83,150.575102986692,144.116813643422,115.625391556698,58.7443512613963,27.0133959486088,24.5671634798798
84,150.67683073163,144.083117027322,115.591278168926,58.6933856547636,27.0203262575489,24.5675648351138
85,150.683806924022,144.036448636966,115.561197144141,58.7417249375315,27.0163029689302,24.556380692914
86,150.637584944636,144.124545446476,115.541761986648,58.690016398729,27.0109781712174,24.5616056505324
87,150.557423150949,144.086829156276,115.546801464309,58.7312102877304,27.0133127766754,24.5570795957711
88,150.630816892865,144.02051877232,115.568316769161,58.7084866115249,27.0180954576349,24.5512957932136
89,150.661690440761,144.135987480706,115.520290828522,58.675410629719,27.0117929724436,24.5444012166989
90,150.659305866873,144.129493753786,115.626259940584,58.6789373877897,27.0010843503355,24.5514886974597
91,150.688662010174,144.010467200281,115.546677191764,58.7032890489114,27.0048497427326,24.5608270672404
92,150.659821416363,144.09334528228,115.616619409961,58.7079665895578,27.0222500552911,24.5480422638078
93,150.695237227865,144.127987951612,115.505100857543,58.6647805592375,27.01310995148,24.5498043947079
94,150.556277586817,144.048433267022,115.544254625764,58.6703092721112,27.0116079812743,24.5661055052748
95,150.677604731349,144.093385053896,115.526982331175,58.6710636474015,27.0221030225462,24.5593081435926
96,150.559783818906,144.061631436735,115.533545977017,58.697073622981,27.0037194534674,24.5603352998016
97,150.632067718929,144.059550868212,115.579164594884,58.6980100302378,27.0211347816811,24.5458945265617
98,150.652643218838,143.996504454111,115.537445225225,58.6850914536574,27.011507613084,24.549628595748
99,150.667762760162,144.117728574385,115.489673806517,58.6996873247217,27.016235254175,24.5636648115175
100,150.596643217024,144.127996788803,115.486088799896,58.6729588669999,27.014656964464,24.5598918906938
101,150.645101329789,144.060918846849,115.539815036576,58.7022843377978,26.9999691327599,24.5459303651533
102,150.687960780651,144.073414372678,115.565003092789,58.6577671057739,27.0221620537035,24.560595418953
103,150.651128786824,144.13393599828,115.545242936036,58.6814282465333,27.0073693972818,24.5571564404763
104,150.672553173809,144.048265504878,115.580187900733,58.6742432604223,26.9979490921082,24.5678531955381
105,150.628314857094,144.021088351174,115.560812959838,58.6539664978664,26.9987007467209,24.5446862213444
106,150.615162731621,144.114064372522,115.555968963314,58.6524792620711,27.0217307567686,24.5623829005552
107,150.68625968545,144.087943005928,115.504535261153,58.6749282644134,27.0108923182356,24.5541279010834
108,150.660871109813,144.012693232068,115.525722016996,58.6811168202897,27.0084947908462,24.5613461119514
109,150.678617411688,143.988804039567,115.538616031299,58.6365241058289,27.0127277329979,24.5459921312092
110,150.556244233222,144.011559132755,115.521637032646,58.6526146892451,27.0012362774182,24.5631160936557
111,150.568977242126,144.016595844,115.537859895143,58.6772419409623,27.0139181831804,24.5454330193512
112,150.636136308695,144.116758742954,115.486606123028,58.6851414631773,27.0018362664824,24.5602252065527
113,150.683076287888,144.088622014222,115.572700172845,58.6862195436276,27.0121489274428,24.5566843272013
114,150.594297060869,144.004892335002,115.467480972457,58.6517725714423,27.0208239043664,24.5574171989493
115,150.670975759804,144.047009849453,115.504403165305,58.6513178502163,27.014515229561,24.5626212427508
116,150.650331783159,144.08090003253,115.569933711035,58.6448828126877,27.0209685753986,24.5510291659395
117,150.663402634042,144.031645566261,115.51095296051,58.6509283211388,27.0153667073555,24.5501158458221
118,150.688840812641,144.071176308848,115.524796368773,58.6687532366346,27.0089777252404,24.5631635323963
119,150.669841721465,144.015051669069,115.454231946121,58.6671923290665,27.0068377981172,24.5681673155909
120,150.585670696552,144.011810393134,115.541414563505,58.6804644408784,27.0119197974075,24.548320113587
121,150.561139294414,144.014323509648,115.537558072197,58.6332965051857,27.0030189280037,24.5536298018652
122,150.577678204316,144.087146592035,115.476001928197,58.6428488626768,27.0066260775769,24.5465850140995
123,150.662390705401,144.020392553914,115.496259614773,58.6619191448306,27.0125250735071,24.567529014326
124,150.573940196666,144.022737974243,115.48000503008,58.6292445192494,27.0166910846728,24.5642378512228
125,150.587762009331,144.053196252051,115.458075309389,58.6381920082054,27.0031965087591,24.5624200877868
126,150.622677587006,144.015317050894,115.473965754848,58.6662993141265,27.0122084946814,24.5640327897476
127,150.624432798579,144.034553228744,115.504214402958,58.6310654807765,27.0081233135198,24.5585041951233
128,150.5681116095,144.075346128813,115.50725434979,58.6370855980453,26.9987881808975,24.5532072082734
129,150.630653117542,144.091421331559,115.544392081902,58.6445547538576,27.0027118156445,24.5481982960282
130,150.566120035536,144.054114144862,115.494513167992,58.6377077903937,26.997338237267,24.5663242192104
131,150.579622375164,144.072073925441,115.492835567376,58.6209143990863,27.017793498033,24.5667149218356
132,150.666800176652,144.028910120309,115.556381695836,58.6460142463457,27.0126446766457,24.563129508088
133,150.604828759831,144.026367139826,115.484307506119,58.6320774998142,27.0165814033745,24.5532097577283
134,150.600401773958,144.003049983946,115.460588323485,58.6490678794052,27.019750709834,24.5565705766059
135,150.677475453697,144.104519975024,115.525492471906,58.6169468248584,27.0112937674843,24.5606320917221
136,150.701951012589,144.024354538329,118.659143818043,55.8773857022059,27.0049678595719,24.5513891241497
137,150.699989172042,144.152904474491,120.532609598582,53.8608005765214,26.9756776014685,24.5477413833543
138,150.641137021073,144.12815667672,121.928826683117,52.4068252717241,26.9201255033334,24.5518682826538
139,150.589666119448,144.319812625093,122.974217539626,51.2185349483628,26.8302076214809,24.5528509870658
140,150.598458438559,144.404302312437,123.902806923469,50.2535410754741,26.7584538500542,24.5476534161509
141,150.655708320565,144.573292393404,124.727438234181,49.4570303029049,26.6796570337287,24.5495709178188
142,150.640704476049,144.713200645304,125.3332606621,48.7901355982053,26.6076845980189,24.5580604967563
143,150.584599008152,144.773614410245,125.883076867886,48.204794746918,26.5630554097707,24.5454445480658
144,150.69837343035,144.954380430346,126.334177083729,47.7310543730933,26.5284868876021,24.5545987703022
145,150.605066904342,145.039918068196,126.693413244332,47.3370835648535,26.480859203237,24.5619544586501
146,150.577093286578,145.251030008058,126.939165840916,46.9958717217206,26.4604934647653,24.5661467804541
147,150.603901153492,145.318901999043,127.308852892978,46.7128693552429,26.4273068858284,24.5592019405638
148,150.571608172268,145.327626482711,127.461690901882,46.4795426604534,26.4099543534137,24.555789255767
149,150.670430842187,145.447843292203,127.724036119561,46.3022182032015,26.3864171577796,24.5645504706588
150,150.673528048686,145.517086648221,127.904041264822,46.1266433699367,26.379646532544,24.5522180773592
151,150.642703987943,145.586446049733,127.988471858046,45.9832580264199,26.3745439395191,24.5535746904922
152,150.566522413922,145.687594887276,128.243345651495,45.8825277892764,26.3651182439106,24.5476153475034
153,150.583578969196,145.779036641678,128.321874483134,45.7671466242776,26.3602702973071,24.5605047642497
154,150.670954441062,145.782821732015,128.43406308654,45.6854052829769,26.3482338596855,24.5448022539163
155,150.607652386376,145.876143451941,128.494926195481,45.5998276554136,26.3307625047384,24.5500071132263
156,150.680485838508,145.86327364775,128.613096142021,45.5310120230995,26.339655919361,24.5686345075845
157,150.574726759404,145.947599860854,128.65555687474,45.5113231523094,26.3258512314061,24.5677404906784
158,150.659365861871,145.925185667607,128.71179764163,45.462088925417,26.3152836327809,24.568691550933
159,150.583195364987,146.041979201589,128.843873212325,45.4239854785906,26.3094682404344,24.5458390537186
160,150.614164705048,146.039656721098,128.829515854764,45.3615727497655,26.303535325978,24.5490463912016
161,150.605485769426,145.956725449099,128.827130069357,45.3746348934544,26.3045208299833,24.5547501036096
162,150.693047584309,146.08609059407,128.963496139299,45.3418267446075,26.3222643355095,24.5575918652972
163,150.680404062096,146.128370225487,128.932783644733,45.337351315592,26.2993561179116,24.5557468833016
164,150.64907227871,146.062991858086,128.9618391471,45.3041824040972,26.3168998506628,24.5598126894585
165,150.684467268255,146.037938119301,128.998806732514,45.2809955867812,26.2979893600201,24.5567289395699
166,150.587087109535,146.166697716254,129.088738267801,45.2610330620315,26.3153821625593,24.5639593808062
167,150.564378533519,146.067567542925,129.068338294147,45.2679647510555,26.3078917071026,24.5619237526441
168,150.65634375095,146.145419514154,129.023834216612,45.2588198927602,26.2967995335568,24.5584000764657
169,150.634911699318,146.209034850783,129.071877513476,45.2755519782976,26.3118841197764,24.5480924240293
170,150.632246055828,146.160247225911,129.150804311591,45.2772960730688,26.3111798792288,24.5598050385836
171,150.593001471051,146.09930624142,129.128637051091,45.2316454117371,26.2928040789031,24.56731078767
172,150.682567808943,146.163518304196,129.120622209701,45.2429738477528,26.2944931950279,24.568744882725
173,150.678123829944,146.206662739651,129.124133833933,45.2704021617972,26.3055009497287,24.5622442939806
174,150.557129502314,146.149400253613,129.139082991685,45.242570173906,26.298090810259,24.5488539154288
175,150.625850171325,146.247667268596,129.186134946333,45.2402520239163,26.2964506904926,24.5656682477005
176,150.696261456248,146.188356332892,129.135894757587,45.2273301991127,26.3099482110623,24.5473914519903
177,150.623436752194,146.159159939356,129.188862646414,45.2494040805847,26.3053825264348,24.5627517448477
178,150.68213951577,146.157654050518,129.194917896816,45.2294827404668,26.3071592211324,24.5453619156808
179,150.634976529501,146.256971770517,129.191722151091,45.2404645086415,26.3074237227725,24.5604074405706
180,150.619758862957,146.244198397012,129.197219185347,45.2666420360956,26.313530185409,24.5456533825764
