time,T_Cu1,T_Cu2,T_Inco1,T_Inco2,T_Cu3,T_Cu4
1,150.667966785446,146.679913313057,128.37708292082,44.0519458937605,26.1010682357374,24.6639191302092
2,150.611193978496,146.631928333552,128.474404799531,44.0746626733952,26.0930893108599,24.6636574961399
3,150.699482654767,146.702192006395,128.464375113033,44.1188092702973,26.0865004330988,24.6732124480155
4,150.705529309017,146.758724430154,128.560350819301,44.1569033335924,26.1054684684986,24.6635436799438
5,150.737824147974,146.671822082983,128.618059593917,44.1969524501349,26.1078047480136,24.651495101594
6,150.698992348988,146.674872702318,128.668482755046,44.2219346485235,26.0956651954668,24.6531651648564
7,150.70349730062,146.669908317391,128.628603574368,44.2544218210589,26.0980530975914,24.6515524391817
8,150.728040104199,146.766241102875,128.752330930571,44.3171768531172,26.1133368297426,24.6526562719311
9,150.67016682113,146.680145273139,128.717331220762,44.3489264104308,26.1061565465248,24.665789213484
10,150.668753365016,146.727783968321,128.805397049154,44.3651601894147,26.0964698716796,24.6649964238573
11,150.720897190845,146.835209055136,128.839082169878,44.3830421667046,26.1170512520681,24.6583109806041
12,150.723696648162,146.811571906092,128.8906891051,44.4208687963392,26.1095320961943,24.6530719184653
13,150.628546978206,146.741911971098,128.827092099632,44.4501316642424,26.1072633173535,24.6587380645196
14,150.603832543975,146.812588807622,128.958065419701,44.48527226105,26.110135155503,24.6689995084725
15,150.608503806802,146.738915305717,128.923675176635,44.472734791402,26.1124181164417,24.6589949368085
16,150.621421899772,146.816881420263,128.950938170379,44.5158749849293,26.1249005675855,24.6678780714358
17,150.625694373361,146.85577347441,128.965483175705,44.5326523020755,26.1065179019226,24.6563803546035
18,150.693858279927,146.867377602812,129.018320786345,44.5619653303296,26.125652349872,24.6650002420768
19,150.604408843886,146.791615370617,129.006703313108,44.57920570526,26.130630542462,24.6711280231717
20,150.670831402515,146.8167031961,129.036909643751,44.5831454875171,26.1164845689785,24.6542411773801
21,150.701747978283,146.849678369006,129.054810635116,44.5957959728569,26.1272160663192,24.6610090065098
22,150.617199908102,146.857723152933,129.110445455302,44.6088458191053,26.1171843346827,24.6518247832974
23,150.635391151327,146.826291732418,129.133238687718,44.6276215805041,26.1283182871749,24.6523093353128
24,150.64334365305,146.816171189716,129.193233417178,44.6553594513448,26.1150243490481,24.6506001507457
25,150.625895006872,146.807717282065,129.203810730056,44.6911513787464,26.1391282424726,24.6509825291985
26,150.648537481135,146.781483124796,129.142839403647,44.6854952573691,26.130698612039,24.6646739484112
27,150.720148077576,146.839042559457,129.137734044548,44.712159896986,26.1256279442016,24.6592834434669
28,150.64492661761,146.801505735161,129.246526672881,44.7422596903364,26.117217420697,24.664964836462
29,150.7163254212,146.838904143264,129.178698573407,44.7392339909146,26.139492282704,24.6704140183807
30,150.682897187313,146.918517339329,129.226022612282,44.7463657010526,26.1335938589433,24.668089470135
31,150.683185320972,146.861431227942,129.286542128665,44.7439222790068,26.1406359329108,24.6734041017168
32,150.709578655724,146.923320568998,129.191174433272,44.7779263893007,26.1323527208867,24.6685385254393
33,150.716025286101,146.80540343805,129.224540664056,44.7951927012735,26.120044291366,24.6723896744007
34,150.735108628422,146.940138989538,129.257613017104,44.8039019693383,26.1443609065067,24.6674788984916
35,150.620706636181,146.811071124107,129.287770802421,44.8015638036571,26.1316942308391,24.6553405884999
36,150.719093085185,146.845197339175,129.339657489828,44.813338836537,26.1406121291898,24.6669813514285
37,150.628393568861,146.916700923739,129.260959537268,44.8339035715294,26.125997420989,24.666337909702
38,150.604327720105,146.891995201863,129.367367167043,44.820385049288,26.1437849388066,24.6683330680832
39,150.619089641599,146.874012121889,129.307047726294,44.8218556221915,26.1467160310498,24.6676805214541
40,150.620041915672,146.851348165717,129.361021654908,44.8450237099623,26.1437407987744,24.6569596859828
41,150.619228206683,146.829010111096,129.335407957425,44.8370275559771,26.143631360775,24.6617608682423
42,150.740270531682,146.854528437118,129.317947785914,44.8588307448495,26.1348810896308,24.6683267562229
43,150.640966071001,146.837393232485,129.338333668276,44.8393769340757,26.1430017550842,24.6633204824631
44,150.741383451126,146.861090664867,129.382532942924,44.8887773096229,26.1398262707501,24.6728463526891
45,150.695704137948,146.83223468774,129.415000051632,44.8590400700103,26.1406886598886,24.6532894019219
46,150.73086118586,146.936715141351,124.336425110666,49.3900044618608,26.1391468051508,24.6716809716896
47,150.655042548457,146.887713158766,122.166704165525,51.6128965601262,26.1972946106637,24.6678055798775
48,150.635411848476,146.641746937774,120.789210241231,53.1276134707916,26.2789356981235,24.6561544751042
49,150.628079298445,146.552756770213,119.855875668636,54.2251828656164,26.3776701808211,24.6646853528779
50,150.681828952467,146.289784314537,119.042279639162,55.1120433162764,26.4838641954338,24.6605707923911
51,150.638249030985,146.212762931281,118.363304135272,55.8560635419368,26.5593240310308,24.6522360754443
52,150.645855103899,146.067721673917,117.946148023571,56.3575845556441,26.6206977310891,24.6627347108766
53,150.602313855508,145.833764319865,117.620783212283,56.8058871777604,26.6734199291996,24.6732378273916
54,150.688104776802,145.699038300578,117.266295494516,57.1614265352913,26.7184801281373,24.6600536065555
55,150.744365309363,145.601644632259,117.019753251644,57.4187016171698,26.7497561752113,24.6637741925577
56,150.727458713856,145.600499309357,116.822893232729,57.6533693746718,26.7731121570898,24.6517743504896
57,150.60117260729,145.420690242758,116.664287797129,57.8403862038564,26.7845240174808,24.6539964015988
58,150.695085393599,145.373678297577,116.55816999453,57.9631497593139,26.8085173330025,24.6530741968891
59,150.653875233004,145.297729779832,116.477870972076,58.0970517718973,26.799138107252,24.6499220299945
60,150.617090505019,145.23842180073,116.351599456815,58.1384454617082,26.8148432648104,24.6558182109112
61,150.681104251686,145.1463210338,116.318597278187,58.2238241223124,26.8144547375416,24.6547534340595
62,150.662444770214,145.106865464079,116.276573517011,58.2709516120451,26.8340219827462,24.6579637115314
63,150.677546337339,145.062084596969,116.140570049719,58.3332667070525,26.8442384317097,24.6523586617863
64,150.732899994183,145.105151195898,116.166544592705,58.3344439650414,26.8332619606337,24.6739649592444
65,150.622390948969,144.936406289471,116.116242351159,58.3627894468538,26.8428996333414,24.6618381156803
66,150.665183041127,144.955119658058,116.060092916803,58.398738002314,26.8365614128608,24.6586962519304
67,150.608837383964,144.98564698095,116.081779337169,58.4012268214609,26.8439624682758,24.6552464132607
68,150.657136071269,144.933754863415,115.956210349055,58.4172022424108,26.8582168020444,24.6581189049737
69,150.708336982984,144.872070993931,115.989581541646,58.4375920490433,26.8528693932378,24.6589765328413
70,150.614249447069,144.939774408461,115.924438080046,58.4239343679388,26.8599630111494,24.6721576133033
71,150.700060122344,144.806958948339,115.880638727039,58.4672575413267,26.8571438826344,24.661386917578
72,150.644441645883,144.825739308216,115.925884286342,58.4653491621907,26.8644283822102,24.6642297694308
73,150.689765977334,144.895652798228,115.939601959763,58.438497529079,26.842494193174,24.649120305901
74,150.622759361198,144.851658402722,115.891074345362,58.4315418227863,26.8457949465551,24.6636933134207
75,150.66543812873,144.846050415497,115.90994723147,58.4506741359836,26.8523591538293,24.6684366548749
76,150.601883907806,144.807177592094,115.823210824792,58.4521215805278,26.861066166746,24.6654296739068
77,150.634335004747,144.75161098317,115.859757575234,58.4343446749635,26.8651566716123,24.6622079616513
78,150.63953351076,144.862092917221,115.79680609616,58.47091384187,26.8419015626784,24.6696444233481
79,150.676689347537,144.846343838396,115.800118031792,58.4517856462962,26.8447980559774,24.6730609385465
80,150.632244295944,144.776744132176,115.759234973888,58.4145461518188,26.8523428653553,24.6568435057298
81,150.651898031362,144.829565084358,115.829935433012,58.4628358711006,26.8613091404277,24.6689272207489
82,150.712154126397,144.7516880846,115.850978873987,58.4329571465282,26.8547245464518,24.6561294892625
83,150.662024480705,144.754107278337,115.819849060164,58.4060867271161,26.8607078211148,24.6493724662003
84,150.60834444696,144.812531094145,115.813735951586,58.4053710273031,26.8448850490318,24.6513538381718
85,150.658485783932,144.708965547759,115.782252468657,58.4544833225852,26.8581563736453,24.657218169834
86,150.671154153805,144.82950751862,115.745930354611,58.4432031583235,26.8565227377046,24.6566392523648
87,150.723779670199,144.68967169905,115.735905304581,58.4249715350657,26.8399669546555,24.6494506476384
88,150.645528098398,144.729954279276,115.735386011871,58.3869349150416,26.8594020194327,24.6530552795304
89,150.723250083625,144.69224899347,115.809034045502,58.4011415133619,26.8659474002128,24.6600998308971
90,150.684833527221,144.747429146271,115.719249880866,58.4063452734686,26.8426639927355,24.6681693450505
91,150.608138805258,144.795950308353,115.750489783051,58.3818067640177,26.8487060426066,24.6660314926908
92,150.638983689843,144.812315269549,115.707766308238,58.4067397822512,26.8440004157968,24.6668635125125
93,150.688347095408,144.755958109549,115.730514611693,58.3894869962933,26.8578358174496,24.6604946162623
94,150.671941605043,144.793841470254,115.692986361287,58.3941581022944,26.8433222441467,24.6719818044965
95,150.629779155275,144.757778558623,115.716693065226,58.3991043199378,26.8648112209225,24.6737236798036
96,150.635833462065,144.783917949696,115.762048657745,58.3669865837415,26.8387171128301,24.6723151221975
97,150.717010584612,144.675721017068,115.761276236823,58.3636148797052,26.8391853261881,24.6605381779964
98,150.692578050601,144.74240235798,115.769014303483,58.3757508273588,26.8595029283896,24.6716231485509
99,150.621600882669,144.708827432042,115.724138275283,58.3866442650646,26.860856865458,24.6586613856542
100,150.707401365753,144.716376173031,115.753866388229,58.3869894966246,26.8528800523213,24.664075508119
101,150.660207527025,144.810924142095,115.738796507758,58.3661773504941,26.8577875660318,24.6630080695298
102,150.669339367866,144.70066230275,115.659312566998,58.4039256428202,26.8513989904337,24.6701460882023
103,150.706073863703,144.745096296124,115.669157732471,58.3970606896918,26.8530679158945,24.6561202181811
104,150.660163144636,144.701886199495,115.677341517981,58.3729379565172,26.8423944466758,24.6655830567541
105,150.602139372813,144.750736602464,115.677041555333,58.4030683371904,26.8506631817489,24.6640565487252
106,150.611177628965,144.812533761457,115.666420972204,58.3777798549224,26.8384653881525,24.6654116679798
107,150.68864178897,144.686840638174,115.672299945619,58.3561046997804,26.8385167865075,24.6567484464772
108,150.666881790769,144.805344338536,115.67544317753,58.3887446513534,26.8459004683516,24.657291189488
109,150.7389746531,144.684842877235,115.752510219619,58.3663026055791,26.8537326296275,24.6537050275333
110,150.614215566096,144.693476269595,115.680876738202,58.3532439812627,26.860642338838,24.6515171794921
111,150.656294380275,144.759651569146,115.67384795318,58.3937062094035,26.8547245524001,24.656164193163
112,150.681881392332,144.684391703711,115.685063408607,58.3447245702222,26.8549754017703,24.6578707498537
113,150.61673331883,144.677306688002,115.672042397795,58.3655228899557,26.8551925549073,24.6623941367639
114,150.735651047889,144.760549858012,115.723804314382,58.3916482635956,26.8579172376165,24.6737709187631
115,150.694973112518,144.66894339411,115.676608034157,58.3716701951118,26.8541362503471,24.6497045463849
116,150.735793309251,144.807132114425,115.648368229553,58.3688341848451,26.8503197555636,24.6667383947025
117,150.694564503652,144.742441794401,115.704625629796,58.359480041056,26.8452346642811,24.6716290197519
118,150.602115804258,144.718291240678,115.673378480673,58.3650926782352,26.8613025961179,24.6706458288399
119,150.647453230743,144.766197270898,115.67342883354,58.3840335296452,26.8428609342583,24.6519793273864
120,150.616762173478,144.800785174181,115.638469795292,58.3518128632477,26.8498999707976,24.6728819743413
121,150.694401032384,144.718905967378,115.730496234447,58.3424794045386,26.8559885266817,24.6600226140856
122,150.609087979912,144.763628946794,115.682288441133,58.3533530526675,26.8429455266299,24.670894099749
123,150.701080801033,144.750330662389,115.63748568378,58.3439432132306,26.8587303138072,24.6706238853859
124,150.671597425716,144.775206468001,115.732951386076,58.3534798454468,26.850472299422,24.6578788586927
125,150.645813433117,144.748544139126,115.660007606601,58.36375250192,26.8603909023785,24.6647787554986
126,150.677431510068,144.717231631963,115.698042962384,58.3577960866348,26.8453954388877,24.6706138255626
127,150.706035800206,144.785683329315,115.703105861032,58.3485468058914,26.8610056557268,24.6495248876748
128,150.722023210223,144.695229056123,115.648996218031,58.3768803113501,26.8607751164452,24.6509206006866
129,150.647352813729,144.777681031339,115.736792581425,58.3426956851834,26.8516538440249,24.6584179549944
130,150.646676889912,144.806469053495,115.702122979686,58.3481877304642,26.8386306040085,24.6527299359007
131,150.651728093393,144.702931164504,115.687343258679,58.3547628095781,26.8456997415133,24.6498525167047
132,150.699927296692,144.764854206741,115.725012495061,58.3275511538065,26.8432431177774,24.6685563369996
133,150.729142307207,144.758150411986,115.688432851263,58.3372215466972,26.8429620407835,24.657181221218
134,150.714248450866,144.721954507352,115.625894167323,58.3302643371123,26.8418846489645,24.6694370025545
135,150.731357199224,144.733932653139,115.679139388516,58.3288158191607,26.8358418781652,24.6533405705677
136,150.730666887335,144.799332311305,118.82381033177,55.6005869157336,26.8565029316458,24.6659030376278
137,150.625900123186,144.838753250169,120.741066318728,53.5473353851772,26.8143208891868,24.6708901063323
138,150.727515160062,144.897251239095,122.115342000399,52.1247023981449,26.7506071837349,24.6679289811213
139,150.743919819172,144.966064724026,123.153108841995,50.9365670190452,26.6633183516754,24.6547407371767
140,150.715512611098,145.048402231158,124.147152313512,49.9522575354764,26.6035973646819,24.6579736847942
141,150.731233865323,145.263579920903,124.864411439451,49.1676805991838,26.534081997999,24.6580791966641
142,150.610093584183,145.396388725453,125.517757528609,48.5002173281474,26.4739684422972,24.6556861720941
143,150.69700039512,145.497090876083,126.056465628593,47.9108988910328,26.4155523501092,24.657432663369
144,150.648596051292,145.698271099344,126.508320877398,47.4794528759232,26.3744942427788,24.6511741105346
145,150.6960335996,145.778428247625,126.787984542083,47.0649638109219,26.3283396384632,24.6602890856121
146,150.731944217368,145.887588705267,127.206639158535,46.7202970531436,26.3031450083427,24.6603666950055
147,150.656027214056,145.940650273983,127.456666882117,46.4567812033945,26.2712756132164,24.6497259820551
148,150.714992196367,146.001046247708,127.632527244831,46.190685453806,26.2616156886067,24.6649276411285
149,150.625194561525,146.117658499169,127.861540972555,46.0164306871817,26.2452502009123,24.6504865639864
150,150.677940265267,146.186108299618,128.025689139546,45.8244477752066,26.2119586497642,24.653229997163
151,150.694099904129,146.272260023537,128.23738233006,45.7103573413674,26.2029375303092,24.6661170878722
152,150.707068615598,146.408989002787,128.370968364638,45.5579933768601,26.1917880671832,24.6628642771262
153,150.645940978529,146.365510819107,128.429851947824,45.489534441735,26.1937439522415,24.6491509901534
154,150.639534629142,146.41660662356,128.653686466447,45.3835246660718,26.1887874068809,24.6562022231277
155,150.737382088826,146.514241195702,128.651240114594,45.3139280569304,26.1852317249219,24.658415383431
156,150.692236702291,146.569719627965,128.741408149546,45.2728446255244,26.1585720090889,24.6526624201462
157,150.61395782173,146.542394834841,128.811926892981,45.2114370968178,26.158800197643,24.6508634346988
158,150.694136143039,146.645321952954,128.842700489917,45.1474207095491,26.1619237962268,24.6605186662177
159,150.628785766161,146.705907367182,128.962607082182,45.0994884708711,26.1563273310742,24.6582599537967
160,150.716526266237,146.723799012981,128.978194671035,45.0684338110926,26.1526140947946,24.6696140322723
161,150.72965663854,146.672057573155,129.043223207211,45.0780256571698,26.1431165469561,24.6624384857136
162,150.650018804502,146.700980369726,129.153432319772,45.0383823934836,26.1593617565485,24.6694379963857
163,150.620293662627,146.701021953494,129.185938048955,45.019305500687,26.1483981466098,24.6605096149769
164,150.714801636477,146.757044972523,129.114901181478,45.0108425936527,26.1541170699566,24.6493509396716
165,150.647773622755,146.754813527319,129.204954543581,45.0154136474394,26.14977165759,24.6491246744406
166,150.637838489384,146.761795207671,129.20093485588,44.9831666832442,26.1358097699212,24.653155763909
167,150.629992754445,146.869784696059,129.271054448535,44.983965008725,26.1416915850529,24.6581485652845
168,150.610333040581,146.802879662327,129.266830080732,44.9540634048178,26.158177108605,24.6669553562233
169,150.682768172996,146.809857053678,129.251849786716,44.9596904121525,26.1567546317498,24.6529856852315
170,150.660553306203,146.850071591453,129.299238466308,44.9467457385375,26.1418992839049,24.65596938108
171,150.71249893285,146.78116860346,129.361934848854,44.9480143318417,26.147783969577,24.6651235555042
172,150.673059088094,146.808390139987,129.359052029419,44.9516368875647,26.1460609677766,24.6561801980413
173,150.657699481135,146.890855613735,129.303745169549,44.9448829249601,26.1528144511693,24.6570483666291
174,150.609192839261,146.874859520251,129.31001207666,44.9411572978336,26.1559487350378,24.6528855141865
175,150.632035286351,146.82506072941,129.348337049542,44.9594456923119,26.1328374686982,24.6586916728292
176,150.681562567397,146.924086446108,129.421898423153,44.9666542141146,26.1539011872773,24.6713934226625
177,150.661578254567,146.866718661298,129.407737774193,44.9397179847118,26.1453534623859,24.6711942660103
178,150.735126043635,146.888258807928,129.409301164893,44.9713024347308,26.1357239752112,24.6588404275055
179,150.608424993276,146.88921158656,129.352756102087,44.9649431386408,26.136408554074,24.6658865378658
180,150.666507949843,146.841995560803,129.351537455686,44.9560961194981,26.1490190243516,24.6553054491769
