time,T_Cu1,T_Cu2,T_Inco1,T_Inco2,T_Cu3,T_Cu4
1,150.782913931952,145.008674474344,127.695364457211,43.724927332306,25.7389050855802,25.4170423676904
2,153.722379907563,146.75550672534,130.134224265337,45.3185468348312,25.957365113471,25.1484667975131
3,147.20849675569,144.126246710459,131.392624610218,44.8419586253518,26.2010233219178,24.5885905277427
4,147.73496199658,146.755662125457,125.803795393083,43.6269874171519,26.236175825729,24.4876065356207
5,152.908239874358,144.420137794825,128.594864497806,44.8560090402842,25.9181051126442,24.6809759908287
6,146.701261853551,147.889332721292,128.050553858648,44.1727401974976,25.3822359949959,24.4873912289352
7,146.874522021476,145.72767810337,130.973029021218,45.0461432106983,25.8877430907713,24.5963421205767
8,150.643748400867,144.574144725542,130.915758076764,44.7996735536728,26.4482703982267,24.6040600514408
9,146.534405177452,147.114267447356,130.22321182831,45.3396624726943,26.5489589219362,24.7451405742645
10,147.026497497784,143.865461753275,128.5262224896,44.3737405572455,26.1133372901736,25.1604092694781
11,149.243692110184,145.001966208857,127.570985401535,45.958298579572,26.4553785892542,25.3296542753542
12,150.282833826971,143.481068226315,126.855455559562,45.42295817484,25.8262526103064,25.0159530036623
13,147.869120953214,145.781387297334,127.445149035878,45.9973576364487,26.471348965821,25.2309090138987
14,149.142507921348,149.314452542084,130.142261399499,44.8681413665464,26.5243853341454,24.7603323296127
15,153.103354724509,147.424000141144,129.975733244755,45.7844039513191,26.1838675693773,24.7402703711453
16,148.965998735721,145.634059087661,132.422166472558,44.9644476893199,25.8872922835198,24.8545256588437
17,150.312790186943,147.680472667524,129.523695017372,45.7135603571256,25.6957764905287,24.7588513957039
18,147.621207334134,147.479964674261,132.305827201962,44.0334219253249,26.6666764519726,24.8905003979331
19,148.81127159072,145.436851103962,127.731047310085,46.279888307212,26.2007645728221,24.9383743344141
20,152.63456850658,144.179621032446,129.876594665778,44.2210834071875,26.3543281109885,24.6640700826826
21,153.482483667182,149.898815807153,126.820063336297,44.4525116771334,26.5185584214151,25.5228500236734
22,150.275076565601,146.713800158211,131.634914835223,45.2486162767515,25.9775054124697,25.401072993597
23,152.907128513677,149.971745136737,127.449128400801,45.8642218592955,25.7329351113254,25.5645214625326
24,151.872833384282,146.428377607504,129.980598079549,44.9294072194173,25.9935195167088,25.4118372816753
25,147.298057348307,149.827229607582,131.617051819278,44.7963417598311,25.4164465746852,24.6696727861928
26,146.284478169892,148.79572605272,132.51153188646,44.4907578047391,25.6757747666607,25.1283948936671
27,152.184409224619,146.618166222228,130.586514121365,46.2100499601281,26.0824097854829,25.0507356082532
28,150.104950621872,143.097182166359,127.678391050895,44.7907880166369,25.8999359938271,25.3492685887247
29,147.982764240264,144.761640690433,126.939229674001,44.9597733631866,26.3639105475066,25.47130456932
30,151.527201342719,146.214258083495,128.794280515429,44.3099268932398,26.4642006818127,24.8347555084425
31,151.130605016753,149.518037449198,132.812191625504,44.6719410443827,26.1108843640973,25.395966010071
32,152.761191683581,149.706011633134,128.258787642174,45.4062762843658,26.118976857705,25.2627579251939
33,148.858340871474,147.585118135901,127.928494019721,44.7671992848123,26.1622546016443,25.2457402307133
34,148.729847411998,146.455000746554,127.34545874883,45.581871799058,26.1205324766274,24.6709269006378
35,148.453268796661,149.06061693753,132.322593753135,46.0929428726698,26.0062792503916,24.5445232245823
36,146.350019793589,145.678182341953,129.279079488672,45.1340722188914,25.8285634356756,24.7439685670749
37,148.347618349247,147.910869006424,130.133443786143,46.0427192945376,26.4420959459551,24.5334004732541
38,152.683679509676,145.577248842368,126.596061766606,45.8970948655882,26.4248514541005,24.8562063976602
39,147.383266697073,143.932485790203,129.608875498421,46.5517614452671,25.7537884321401,25.5807473110104
40,150.393721227617,146.447698749874,131.930969654527,44.3350397104685,25.663050098764,24.6582529316994
41,146.707462905897,143.322297895299,126.902840881881,45.7933953676756,25.713335601124,24.7280862047207
42,152.596633626666,147.040274687841,128.614399999358,45.5135807292223,25.6655166904447,25.282141526954
43,153.470937464951,150.093963221109,129.045795467627,46.4843886321101,26.1087366393993,24.5565032084974
44,148.508242115479,144.387371872279,131.265588666674,45.895742898061,26.0728436702677,25.431770017377
45,147.999095249577,143.343131698459,132.833044547248,45.3840464495291,25.7856163573724,25.3313797558657
46,153.263233169227,146.302261721561,127.660650028615,49.4612100877122,26.479144152581,25.3882904032669
47,152.566103423568,145.867188149149,123.427234214283,51.999083480949,25.5446650643368,25.4994886066643
48,152.098428377021,149.939982099725,123.407137512505,53.4223773053811,26.0592568400351,25.4826086041239
49,150.056996864314,147.574723463444,118.978395920437,53.74907959708,26.8178218179386,24.3945217663899
50,150.618311410152,147.852408867506,118.731490370059,55.6607848689165,26.8776914037762,25.0697863295596
51,150.64846884095,143.159104262131,117.255073610875,57.1962417557869,26.0957675195962,25.3482626703643
52,149.403959956056,145.819325179764,121.249349728847,56.8890756791718,26.1682115058004,24.4740965123305
53,152.498158344704,148.81375694667,115.106498619501,56.8816456616124,27.1447679512175,24.6776563897832
54,147.414312366053,146.837377091579,118.857999541608,57.4196969105398,26.8085172732099,24.944281163457
55,147.070123134516,144.909248287422,116.774393092107,58.6174005838117,26.3466345440656,24.956492698899
56,150.174236356884,144.044063026807,118.548134123514,59.393563511799,26.1539797052802,25.4864441281819
57,150.396145401664,148.838192845152,114.958364183962,59.1544865145781,26.9611897426487,24.711789257701
58,147.477880169228,147.028838690066,114.540268640292,57.4808086047054,26.8003069040919,24.5310693145862
59,147.370306718465,143.841858498469,117.305184470909,57.5350766263355,26.2133109254696,24.6705015291655
60,146.701911601755,144.158243948928,119.126889041892,57.5562423061213,26.2726132341158,24.6962219201711
61,149.493885875129,145.479498625103,117.391518031617,58.1451526824176,27.0246612109694,24.4744224365139
62,149.923914742253,146.616198544439,118.466559852433,57.5446564047365,26.103030687218,25.2126348565058
63,146.289427152109,144.235132604304,113.909027666873,57.9270672775445,26.4263662466627,25.0310594216538
64,148.210774108868,145.671158338054,117.270342939111,60.3304615722864,27.3601969288934,25.2298646614769
65,148.819351185917,148.231098902342,115.73076902605,58.0234657249696,26.1103038470758,24.9893465873665
66,146.350913825234,147.361371775531,114.408306900678,58.8790719140027,27.1440784036997,24.7280355399617
67,151.506195360407,143.923326398964,114.306773119798,59.6694809118307,27.1305955974887,25.03015138104
68,152.619273611735,143.091293426837,113.741392490033,58.9982104940693,26.2131488439407,25.5310225099832
69,149.404309083693,147.132656472486,115.846401101381,59.2122719823495,27.0398613627635,25.3162102786646
70,152.332418499879,144.638513643305,119.149050063607,59.7906580038744,26.1473235989631,24.9960632705871
71,153.674369880701,144.46717537121,118.644575637458,60.4222294929278,26.1689856619787,25.4904384229652
72,149.49891754702,142.09881659313,116.9377717338,58.7212497046187,27.1420273084017,25.5208012290791
73,153.466299637473,141.761702612768,115.741663340629,59.4913875212664,27.124079991625,24.94381149219
74,149.514323952759,143.216857476732,113.524992315238,57.7200089822552,27.4077101794051,24.7828861651931
75,147.805814339965,148.128498913781,117.893129488219,60.2018972609271,27.3513390605739,24.7959873056243
76,147.768205763924,141.570106686039,117.42921492933,60.1861189383333,27.0674283971637,24.6957133829102
77,151.919763102482,142.899302996767,113.611512276273,60.4900812357954,27.3684496951961,24.6687021757181
78,153.332345668803,143.618104580905,117.635684100762,58.6916778499012,26.2605429828549,24.8249543316864
79,152.703595746631,145.64038832037,118.074063618204,58.5688427760978,26.9808408939162,24.7292556688256
80,149.300296106757,141.680391130686,113.724960434812,59.6426102825233,26.5951886148059,25.6070711929144
81,153.385405120043,141.15771822602,116.168253977797,59.3637528575956,26.8076761056089,24.9901521649499
82,149.769333131471,143.228479632967,119.106517969921,60.0542152932424,27.3402971288166,25.2384719388025
83,151.554585939265,147.869818655353,115.589451325152,60.3251649494507,27.2821331830873,24.5679941477312
84,149.929935538375,147.512840715374,117.395716442986,60.4426360434635,26.3867056121991,24.9291242073944
85,148.992421396934,146.230953358493,114.559596345729,60.1985026307598,26.2031225838393,24.5756796395226
86,150.85339058103,145.702813858504,116.207631638187,57.6246057155836,26.3739231221255,24.8767804364166
87,151.150862526044,145.414812732571,113.623230927901,57.7847548183129,26.9962826259426,25.1208983313196
88,147.854860292505,142.502335631386,113.500987131218,58.5883595647512,26.6641993974076,25.4309714554432
89,150.440321678008,146.072145972769,116.132663725298,57.8455739379135,26.7343281462917,25.5111883267179
90,153.422292729449,142.309720971935,114.998262181492,58.6973443991507,27.048617502712,24.5551936628906
91,152.878144387065,147.413556647072,113.657635455674,59.6925766930597,26.5093138796452,25.0753657078842
92,153.534977669473,141.371413002179,117.344450910269,60.0888392504985,27.2035586835468,24.8603416503695
93,150.988546586434,143.284962552806,115.106707643941,58.4719943653546,27.1807196148731,24.7532209545893
94,149.294371647184,147.117980818373,117.817633501627,60.1745695781159,26.4898017104051,25.311606329985
95,149.57849172839,141.826338472437,114.316299090325,59.4174024559871,27.1730957765228,25.594262922633
96,146.301027989616,146.3679638317,113.404845818214,58.7341135891581,26.1190630593271,24.8206260617852
97,148.761241316522,144.362085725365,117.770126079131,59.9472028493438,27.2039790839123,25.0072927130722
98,152.021596273746,143.131541139377,115.65592878955,60.4163261040971,26.7382425172648,25.369326174284
99,151.095801166189,145.2974700714,116.046481723768,58.6141033623559,26.2209882730166,25.2348526131218
100,149.610167774644,142.47832959199,114.686098786329,58.9257974323023,26.8578536465681,24.7030583535941
101,153.302045444783,145.971572661931,115.415479355776,59.3111839320949,26.2865390235835,25.1579840361535
102,153.589437026176,143.081421564265,118.129533526197,58.6936766557561,27.3133005289294,24.7328128279736
103,149.941356552485,142.327421660498,118.359204505331,59.3303866282063,27.0555883783765,24.5385208432575
104,149.562666339822,143.276419163806,114.650135611802,59.2769422524037,26.2780757374525,25.3247845338713
105,152.232422470807,147.686220963853,117.289052259501,59.8601207378258,26.3609072594717,25.1764533435514
106,147.15370333259,145.764992104989,114.799631421075,59.2264961048411,26.7410936071131,25.0201263235469
107,152.455208668504,146.370064096966,115.798823678068,58.2876769619607,26.4733390586411,25.2462121643401
108,151.847155542832,147.969789852765,113.79650497578,58.8514721899225,26.9690381399474,24.92819106457
109,150.651166697337,144.031150418235,114.973027937924,58.755533576105,26.2188049022232,24.5950354688435
110,148.52240184163,143.125324193115,118.832832634436,58.5385681754632,27.1123758302861,25.567197142379
111,150.638156486239,147.114511673947,115.653188203594,60.1654333726654,26.4765623186556,24.4018270340234
112,150.561567720744,143.807146278465,118.58725262727,58.5001804945594,26.2982061511723,25.0909964194823
113,147.798534139257,146.24472129902,116.869345842307,59.0624193706031,26.4253872387991,25.619203400304
114,146.678280573335,145.570252977583,117.308563903698,58.0821531762956,27.3805898755818,24.5847188287227
115,147.971502641008,147.189985642862,116.449225895487,58.94264731754,26.3552915275501,25.0065832124577
116,153.667628528338,143.76002757821,115.444618501289,57.9555896221549,27.2930993895091,24.886713782237
117,152.297915981381,148.117703777503,115.862164976569,59.0123486123589,26.2979719409948,25.5477419374242
118,146.57241458352,143.211036350187,118.494753448048,59.5785535915637,26.7125264889692,24.9894661921023
119,150.317985682529,141.227296156823,117.168022213815,58.3478274439794,27.33581470134,25.2533716640814
120,148.235213141289,143.43481517246,113.906033920856,59.2173342610227,26.2636250126676,24.829602226713
121,150.068370473626,146.93493175215,115.37219339584,59.9579833016473,27.1323054775002,24.8121652108528
122,150.615833953745,146.875324322018,118.145333707089,60.1268959990717,26.9703438460289,25.5455818665735
123,146.591878932018,143.303299483132,114.818626554417,59.7670898311285,27.0599078223367,25.280607470366
124,152.818603792724,147.559806436921,115.764790623975,58.11312328692,26.3170138289072,25.4111772582257
125,149.879627923594,145.482372726543,115.06838763428,59.334993349479,26.574739383888,24.9854983369486
126,147.706579680912,141.453513391144,113.95037312085,59.5680176258725,27.0291139033628,25.0845803701167
127,153.610010980026,145.839564687978,116.936802324386,57.4769254465496,26.6344919130257,25.2865251408336
128,153.019744057266,143.531598053654,117.259325289738,59.2456324897976,26.4103699434276,25.2088458789482
129,150.958583977676,142.04343373794,118.620051621434,60.2430414259185,27.2617745763784,24.6864913631577
130,149.017197830332,141.292592970735,117.745596552472,57.7227982579946,27.0110147184052,24.7501325777401
131,153.212683589097,146.816690449454,115.077365671147,58.1304656814745,26.9913401298283,24.9752411038692
132,152.988824746911,147.347555113122,116.741834469944,60.1813804879555,26.1231362431445,25.5720780232557
133,146.640413288108,141.020570520977,114.037680220641,58.0568093751955,26.9466663029096,25.1830176004436
134,146.910819425642,142.738713274852,113.251186163404,58.3591015979016,26.1569235857546,25.2257420231847
135,148.039648473854,141.319626059516,115.660289435067,59.466334644521,27.0686139935342,25.5530475523194
136,148.757892894517,143.476291117724,121.576709304785,55.3648617452887,27.3951858004827,25.6225036230393
137,152.657165146369,143.67374551743,119.067467232752,54.0442790324923,26.9874823922437,24.8972436624665
138,146.36306782289,146.124455415787,121.384966969059,52.7375244182792,26.9761406169121,25.3322007866896
139,148.188477893984,144.371912699769,126.502665092909,51.3320458247179,26.6749790563577,24.933950948537
140,151.65942289809,147.674861960573,127.473281050526,50.5335914991886,27.0864043182558,25.2175571478623
141,146.913776490401,142.913425816604,127.53321641647,48.9765824909718,25.8873517222843,24.4931358456737
142,152.715038681002,142.339882660348,128.403655250179,48.1112198992915,26.910091938899,25.2318729869473
143,147.499938903981,143.407450156917,125.445007986639,49.5857448579239,26.2991751843248,24.7307253990113
144,149.6367613582,146.259463745411,129.287715750137,47.1504784924323,26.0506332985291,24.667990728063
145,148.378322517887,146.270620219756,125.81908062766,47.2486856203122,26.7039597963692,24.6990536832451
146,150.358016590087,145.937570815371,129.460071692475,48.0288777376586,25.5831051526025,25.5867615407357
147,153.535795998942,146.891417652409,128.265918678612,46.18139106843,25.8051086438219,25.3572269244333
148,147.365946182084,147.762794118463,125.32137093165,46.8908364240973,26.1371413457012,25.2576141266361
149,152.76238614161,144.543973504398,129.0313710437,47.4465755413465,26.6603792694784,25.6029045932601
150,149.913154066555,144.535001834266,130.176162832913,47.4444382527035,26.415795485207,25.2389922887308
151,150.681796531371,146.242905676744,131.610444069975,46.1788414409222,26.5940012719385,24.6304856450209
152,146.275415456175,147.780943713915,126.031173658568,45.6085245252991,25.9793395936195,25.0171837104776
153,149.891671254947,149.236003576594,127.103088722439,45.3268211795024,25.5631538795264,24.9646609678572
154,151.735856110066,144.990952120754,130.627383482685,46.4231103945969,25.4704288363164,24.9616047981606
155,150.277285899178,144.314192341215,130.226935847755,45.0334864439878,26.0960851944415,25.5602245355542
156,153.64884546193,143.558200292147,129.637234323495,45.036701593995,26.0732161418089,25.1168786008524
157,150.011639769787,145.117779418395,127.003103165072,46.2469852370774,26.4423835355125,24.5754663636473
158,146.622930731496,143.075021907024,132.377917865674,45.5152723375618,26.4762742404332,25.5826954520955
159,147.07846943051,145.221840882083,132.583559987131,45.132101273105,26.3607692122822,25.1309842144972
160,149.786004343533,143.628986994362,128.176982528426,45.2050972902096,26.4111019767819,25.3439126158975
161,147.488414379241,147.142378611041,126.605432621888,45.7243733053872,25.8376073442791,25.1054882713034
162,149.666399936928,149.369954650735,132.522866520174,44.8603286070346,26.1680720447559,25.2419704390443
163,150.876533473212,149.481103046722,129.108249968283,44.5135578840255,26.4501918931886,25.4103701741216
164,147.11237376642,146.837287108713,127.7609335665,44.4582820310625,25.6109648295553,24.6488052416187
165,146.869280922934,148.463480648082,128.41312812571,45.5842562359101,26.1743706854102,24.6875580442465
166,146.392574228325,145.99659295939,132.475580265214,46.5243528939006,26.6311759236786,25.1170159309883
167,146.904193641255,143.130846915629,132.748278664413,46.5805308205765,25.9643965460676,24.5857310563788
168,149.355940615856,144.432356319463,127.040931332975,45.2012017329369,25.7362853824917,25.2031769908353
169,149.565187537367,144.635910976502,132.742639414748,45.6491018067074,26.6121068606955,25.2892734233995
170,152.671614592932,147.075943685507,130.469484384794,45.205809655799,25.6274502232199,24.5524353534608
171,148.053998183749,143.556635531753,131.709860189986,45.5522816356617,26.6872717403722,24.9009783730748
172,152.57513228258,146.076695781136,132.616145871983,44.6081105312071,26.3346551674766,24.6414530801817
173,149.061303971262,147.2404181927,127.044535770226,45.0334292451152,26.0838241057008,24.7270872565779
174,146.392605420089,149.177838284396,132.716192150861,45.262917946706,25.7593736286249,25.2315704568564
175,151.845867434882,147.960708865766,128.130989559999,46.1868593684588,25.5573732775877,25.3284167692818
176,147.483290224253,148.968754274752,127.979014516745,44.7323057535479,25.5665634475746,24.8187275789208
177,146.39963527565,143.579961934535,127.288474063419,45.2943432664386,26.3660169670881,25.1221292911285
178,150.640065536686,147.215823471715,130.085111015767,46.513831710023,25.8385697963331,24.5900562133313
179,152.243228863696,143.807440766468,128.238630387118,44.9675282635388,25.8770946155888,24.6853650911019
180,151.362029891715,148.281794819853,132.023697309251,46.0680057669793,25.9266805022891,24.4407632896109
