time,T_Cu1,T_Cu2,T_Inco1,T_Inco2,T_Cu3,T_Cu4
1,150.187997471854,146.276107494031,128.93173120265,45.026469480098,26.0770947711101,24.7005167156867
2,150.176487818254,146.267719718261,129.044302056073,45.1041348296634,26.0731338586783,24.6938077923684
3,150.192771249205,146.222938018447,128.992657616336,45.1141429983745,26.0895334961672,24.7035458086069
4,150.125425266575,146.337993465726,129.042159967278,45.1462371561097,26.0780019759883,24.694947514642
5,150.174262093765,146.293121612334,129.077094712977,45.2105278514026,26.0949110641847,24.7087680747728
6,150.073375389185,146.348006998456,129.221310057495,45.2200739692418,26.0833385894963,24.7079300141707
7,150.206653157395,146.285480315462,129.232519711468,45.2533734618676,26.0950557550929,24.7076509340692
8,150.165963678136,146.360141313748,129.198961718634,45.3145540861628,26.0900298141868,24.7084456918113
9,150.101889635719,146.339402564076,129.293121600516,45.31475387803,26.1016869572802,24.7064556866033
10,150.173228932567,146.384108839603,129.268745938665,45.3516290720872,26.0877149118995,24.7123159116551
11,150.134677825351,146.31842813533,129.330218108457,45.3855137061632,26.0910627689596,24.7023154957307
12,150.193591305341,146.429326035166,129.424071207497,45.4146670960629,26.0930222346732,24.6985829381778
13,150.111267965688,146.329386120798,129.406731980502,45.4587327561611,26.0989058064214,24.7141062264224
14,150.147038558918,146.326686584777,129.378272541238,45.4772802769592,26.1015253894362,24.6931621160072
15,150.099762571626,146.43008706083,129.467063339625,45.4985713827265,26.0982916389516,24.6952538145056
16,150.083058327395,146.455376627435,129.434734101975,45.5241533000726,26.1111752214238,24.6939127622615
17,150.098526792975,146.366193112476,129.445752350275,45.5200931793157,26.1199637062731,24.7102286296224
18,150.11743600585,146.422766159375,129.48577683737,45.5565564304376,26.1075221444428,24.691722672337
19,150.16609834289,146.351520541274,129.548272198709,45.5851171761414,26.1183844829983,24.7023035874256
20,150.068737992925,146.384230199809,129.587492058795,45.5836509821695,26.119364326892,24.7049989623704
21,150.166195163731,146.47389003373,129.580709414095,45.6099307081931,26.1255685881128,24.6991640123138
22,150.10200771839,146.454531907531,129.568378187344,45.6416554446247,26.1062077800952,24.7072524807596
23,150.191373465328,146.429934179428,129.587354862849,45.631705317686,26.110240343183,24.7114611866157
24,150.144802206167,146.414824128459,129.691674965459,45.6487013381935,26.1224568789376,24.7125544696908
25,150.131959872649,146.397652875074,129.632170499014,45.6794705354895,26.1232085067423,24.7138258965616
26,150.085784957084,146.403619069206,129.641500599506,45.6843496968669,26.1293888870731,24.7125396785825
27,150.101253348394,146.485748014056,129.74059367111,45.7045179631216,26.1200202062402,24.690201931148
28,150.121631936927,146.435053644513,129.654499562286,45.7160579894108,26.1218075797235,24.6910868130638
29,150.207576042827,146.500828850059,129.739169615563,45.7303398959363,26.1162185996699,24.7118108124162
30,150.140798648576,146.460252278675,129.708717074485,45.7549214959358,26.1163717137667,24.7011485225248
31,150.08101764435,146.401252585279,129.721275581938,45.7643588777877,26.1237297311198,24.7011020212957
32,150.200119269125,146.396085945911,129.798207738133,45.7867821608875,26.1224458491211,24.6983034735043
33,150.131376164345,146.529383253144,129.774137200674,45.7783230728175,26.1220100906491,24.7135303356377
34,150.198587480792,146.484400553767,129.797512611185,45.8055609389995,26.1270488702636,24.7078595395407
35,150.10667010473,146.542171822709,129.834116576244,45.8106334893347,26.1115434239684,24.7135111835144
36,150.180213391014,146.468950728385,129.811811189051,45.8152220782752,26.1160352919066,24.7033124064918
37,150.071271104919,146.545391029107,129.787247414624,45.8375437727637,26.1357903877461,24.6905835825274
38,150.094841635691,146.487296739217,129.780986408314,45.8265748709011,26.127283891426,24.7105482850125
39,150.179366672755,146.439523715563,129.843581204061,45.8413332039606,26.1129797965051,24.6972259094273
40,150.167406588827,146.424531003619,129.804974665844,45.857768446098,26.1206776743598,24.7117229996361
41,150.199067473519,146.428351066077,129.905517718426,45.8546672481845,26.1146418509525,24.7115437782889
42,150.154217475828,146.519826309422,129.807554177738,45.8818406817021,26.134570093195,24.703804317196
43,150.144568584168,146.432990788441,129.897098238129,45.8485652023463,26.1327943041177,24.7014694704388
44,150.175852727608,146.44177778438,129.920998063606,45.8638018147512,26.1286146274141,24.7112891188206
45,150.194473932161,146.474036070206,129.868260823467,45.8734584754807,26.1302883504661,24.698732966785
46,150.196951107768,146.463689066711,124.813601233646,50.3898261939919,26.1252038004717,24.6960000329401
47,150.191259783645,146.412260720587,122.71218783291,52.6129176630753,26.1792653746209,24.6913119531895
48,150.165371707902,146.224598942116,121.403869035941,54.1128444059394,26.2777777748853,24.6934124704389
49,150.124027234425,146.074129144282,120.33864436075,55.2426376528836,26.3892179717734,24.7044918423795
50,150.070063359772,145.977586181162,119.56807369894,56.1160812766649,26.4759934868343,24.7126477438281
51,150.098649226852,145.837538160343,118.919522043419,56.8111839975805,26.547142117691,24.7093176672808
52,150.064978943876,145.624152961644,118.415703507614,57.4037878626971,26.6182513656511,24.7076420858253
53,150.120140056133,145.472770232268,118.085220400061,57.7944276368625,26.6573064941395,24.7005987844193
54,150.198953511131,145.428986016335,117.832454138069,58.1897204771568,26.690592490223,24.7139849218444
55,150.108424410778,145.286047070853,117.576729346546,58.4223486172249,26.7336277407207,24.7089282390858
56,150.192984551707,145.134009269875,117.35940538968,58.6637709691882,26.7644235377361,24.6991885949519
57,150.084960968139,145.00741475605,117.210634629034,58.8318668589303,26.7679734865895,24.7038038615375
58,150.109371956155,144.90372650639,117.043597149945,58.9805222386977,26.7797053733632,24.6955742440893
59,150.125621670117,144.958678973956,117.001579736025,59.069653797419,26.7920432844123,24.6964371278111
60,150.09441142137,144.816852196678,116.855817423027,59.1809345459605,26.7957890984541,24.70841984396
61,150.178003296249,144.784219058793,116.836668856538,59.2355975298823,26.8292835127154,24.6979271385401
62,150.099266924748,144.721128374443,116.70888242395,59.3060817353842,26.8306325852243,24.7005986406138
63,150.195806255015,144.731596094362,116.709550530045,59.3259387815758,26.8291387753719,24.7087495572587
64,150.107516537457,144.58930072875,116.683295151207,59.3933712597921,26.8283600774937,24.6988657338216
65,150.091486759117,144.54133633969,116.619858776711,59.4187251710483,26.8384978802596,24.701199971174
66,150.171502989191,144.505646464295,116.596133138442,59.4187880157541,26.850061894725,24.6908868847859
67,150.206406621343,144.47774512106,116.534549170269,59.4327174952361,26.8444908058453,24.7082388692533
68,150.198105120518,144.54631985348,116.488870792032,59.4242823764033,26.8296316114138,24.7055729044232
69,150.167972733342,144.495836073922,116.545354681894,59.4581772748933,26.8400164938272,24.6931833754667
70,150.184905874564,144.543173506946,116.521222490583,59.4711134010959,26.8474683996164,24.6954249060613
71,150.192848770112,144.452752125225,116.473262155868,59.48364972754,26.8385033803818,24.6977479397143
72,150.19611703932,144.505197745966,116.454405001785,59.4619789799753,26.8547396882911,24.690812305717
73,150.097452761255,144.469806029135,116.428314538237,59.4791836770789,26.8473390821635,24.6950748852913
74,150.156856396437,144.492623113409,116.347938834346,59.4451119248729,26.8555794197728,24.6917242527226
75,150.099476404757,144.416246601686,116.385319590702,59.4344740859998,26.8421617908383,24.6900423142223
76,150.129287084585,144.401239630517,116.410066029795,59.4389647059132,26.8388583445111,24.7059492442339
77,150.180302903492,144.404990048395,116.323591687374,59.4797046838036,26.8545977187866,24.7101073565183
78,150.170259466557,144.400177395656,116.384359101925,59.4731638418097,26.8312207795553,24.6998969596249
79,150.099580076749,144.386290402199,116.302111569984,59.434112286041,26.834624872588,24.696606904237
80,150.17355990994,144.451846343891,116.32402117026,59.4298443357384,26.8562052087717,24.6971342168768
81,150.199056846231,144.432373202725,116.29491336547,59.4561728157369,26.8495148564503,24.7078796160539
82,150.189219937736,144.348603953411,116.292066889744,59.436376089027,26.8384387750783,24.6948921251966
83,150.208604999237,144.404851567518,116.352306020282,59.4644249054139,26.8522234875857,24.7045405189557
84,150.084313989809,144.420925257398,116.240945866886,59.4337543469116,26.8515032965426,24.6962253194079
85,150.191421865707,144.338844536812,116.314591545434,59.425851944469,26.8540307182274,24.7134361779225
86,150.177192833826,144.314322909226,116.268530541891,59.4098465360713,26.8467152274563,24.7041524286675
87,150.176924298924,144.30035744321,116.287440086954,59.4151103635665,26.8461499802761,24.7120287352605
88,150.131797783905,144.395152765058,116.252114237885,59.4179133181997,26.8323135693952,24.7148554114437
89,150.120497669094,144.362226494968,116.309281447548,59.39680436426,26.853546787617,24.7136948308678
90,150.078999368378,144.348796430524,116.303441266321,59.4433694807558,26.845474630652,24.7019979150742
91,150.131205837475,144.396074538462,116.263400624557,59.4084511430517,26.8354965658968,24.6931633639893
92,150.084972043853,144.31163043069,116.200650595264,59.4270254898613,26.8538853232204,24.6916424076225
93,150.106923798393,144.322930141787,116.253737448052,59.4250454756949,26.8295055550484,24.6997051299963
94,150.119947689902,144.383106204406,116.283998385695,59.3877931232228,26.8286696988325,24.7039946502649
95,150.201567038149,144.342678273055,116.250504360357,59.4093946283456,26.8303117435175,24.713099238604
96,150.091905248683,144.333675204797,116.206989566367,59.3843275624654,26.8416622101172,24.7133962195183
97,150.161142646917,144.31052138566,116.216074869927,59.3741024331512,26.8511734037601,24.710658806438
98,150.122019370039,144.357239662635,116.183242574357,59.3885580575281,26.8382904301636,24.6946280611094
99,150.091907971262,144.389241608558,116.216450230077,59.3664199042527,26.8424181804107,24.6998662103192
100,150.067645368974,144.27890611831,116.200554477395,59.3668786140767,26.8432796335675,24.7128580616592
101,150.18315840785,144.292398874971,116.198439723444,59.3897100283537,26.8291672511024,24.7033927652926
102,150.109883864886,144.341265743719,116.220832464444,59.3691283523554,26.8375201518256,24.7013250479526
103,150.174926419954,144.3985089853,116.174879587009,59.3564538551633,26.8364364556961,24.6971784213197
104,150.15148020736,144.314282181026,116.169232888835,59.4118919067636,26.8333866391873,24.705607860419
105,150.107349365235,144.309380707384,116.254877806526,59.3956200271218,26.8296312625405,24.6945828201422
106,150.185210552436,144.277351265305,116.16625207593,59.4081473647714,26.8296533555393,24.7132171561931
107,150.196761942494,144.276277918269,116.19122657337,59.4049247377459,26.8337103815144,24.7078878486315
108,150.151322481917,144.350803008232,116.246578760668,59.375309720766,26.8336059214061,24.7108477022286
109,150.185163339032,144.38767211677,116.206652502073,59.4044678487133,26.8514426391035,24.7024505730402
110,150.146154231536,144.316522721251,116.257979989646,59.3953402246809,26.8313072827633,24.7141189301179
111,150.185071166896,144.316315738446,116.214929762977,59.3621518350974,26.8398309568338,24.7111213629846
112,150.068638153344,144.27161865622,116.199601175301,59.3989713483669,26.8301380773803,24.6928859468939
113,150.190157880417,144.321868302179,116.194944708436,59.3485568638856,26.8507564664809,24.7134429897472
114,150.080057944883,144.390234470471,116.154864590947,59.3478172405316,26.8509310741822,24.707247616596
115,150.085561205505,144.268385314698,116.229661809361,59.3400438119508,26.8296686973532,24.6977163027652
116,150.172090239845,144.289248290843,116.229127883506,59.357021266328,26.8492723769226,24.7115548717943
117,150.093181170232,144.384343177778,116.230683286341,59.3601078279964,26.8262370003214,24.7137499703444
118,150.173586334465,144.265859454722,116.223807434591,59.3446785487674,26.8451738411343,24.7070845386962
119,150.192960749278,144.331250073487,116.173181618924,59.3788298921896,26.849316474725,24.7041183855542
120,150.094240912291,144.383799316017,116.143321171968,59.3926271050344,26.836135390595,24.6937878602106
121,150.172199032714,144.393531794496,116.182109928466,59.3545421635064,26.8323227427808,24.7146937645694
122,150.154880062411,144.336514963751,116.244841289623,59.3814445509806,26.828681110035,24.7104141044839
123,150.13983089314,144.384290438234,116.226440230526,59.3739460618243,26.8483084108829,24.7128440074107
124,150.206785356449,144.344949258101,116.173664868251,59.3402871604915,26.843268722503,24.7071376555304
125,150.090551598343,144.374621442195,116.160361070762,59.375987401978,26.8464467336078,24.697614277746
126,150.092995721724,144.307809950954,116.157338568829,59.3848554564868,26.8351516921628,24.708333443454
127,150.161753169822,144.278027155517,116.146707982223,59.3324077108022,26.8304569901675,24.6969437667977
128,150.173750832458,144.362751087933,116.188170748169,59.3379575348044,26.8257765042513,24.7054194760866
129,150.11904024327,144.369452152124,116.168516037269,59.3533736791998,26.8277769052912,24.6974098109792
130,150.209297020878,144.319498822593,116.164081074586,59.3850716679384,26.8342679236507,24.7029953947451
131,150.068166755075,144.31211766382,116.153162601494,59.3896783326545,26.8334790776785,24.7085116025756
132,150.112122039351,144.2697790895,116.19043791032,59.3405061098968,26.8389612285832,24.7086390351239
133,150.160528967084,144.316015286334,116.220010965711,59.3403090273323,26.8357317708984,24.7001249940349
134,150.068787617791,144.314770382654,116.180517725051,59.3359058845271,26.8504438138465,24.6940617185049
135,150.083228368264,144.302736706997,116.152865526939,59.3652691595744,26.8296204326387,24.6905985321632
136,150.09869597077,144.394062723442,119.25601709565,56.5802689104153,26.8430186335082,24.6926854721524
137,150.191788985423,144.396135555671,121.273139794854,54.565929924758,26.7964922072518,24.7133384836525
138,150.200056807563,144.452530355471,122.600054377214,53.0976690331075,26.7461993702398,24.7054272443917
139,150.064026207592,144.600627730259,123.683374398874,51.9266519559909,26.6594212060152,24.7058706081899
140,150.099812299774,144.729318820253,124.677942829243,50.9977396064364,26.5792633219092,24.6902056867842
141,150.154344520617,144.921005109043,125.420465721174,50.1812443968685,26.5071330062476,24.6954101499248
142,150.210562103431,145.025124469213,126.038803260672,49.5078955525452,26.4478872794092,24.6920635886182
143,150.209781744595,145.149701547875,126.535112431248,48.945008812704,26.397641700101,24.6940751285894
144,150.155764261705,145.298089363189,126.968848121633,48.4475146479712,26.3516974423367,24.6923335970649
145,150.205132761362,145.28881492156,127.405730338016,48.070219457584,26.334622849874,24.6933918405099
146,150.118949179599,145.479694434751,127.641861511707,47.7464951496576,26.2963017654472,24.6918334123698
147,150.09701987239,145.638930905483,128.014137057311,47.4310929564185,26.2668933280197,24.6967596912562
148,150.148112559494,145.667747228228,128.239757856447,47.2151431648397,26.2375507024869,24.6910401756123
149,150.146897256876,145.683694316892,128.429018802673,47.025783429187,26.2171880502759,24.7086405105629
150,150.105050444193,145.834045422572,128.580490156062,46.8273559848926,26.2225960352026,24.7136593363788
151,150.193714933273,145.85480396625,128.790660759501,46.7004759975239,26.1961752532236,24.695572521424
152,150.189730556754,145.949115279991,128.939478733691,46.5757483891991,26.1878529275331,24.7050526422282
153,150.160081872752,145.956274998679,128.936793711682,46.4906490852454,26.1686967920362,24.7009408390742
154,150.171435345649,146.011859897394,129.144228233295,46.3689683511811,26.1816085465139,24.6943775217242
155,150.102896103532,146.156861398645,129.215609617029,46.3285051324744,26.160306467429,24.6949108575543
156,150.081183720306,146.118473715345,129.270225958968,46.2592636842306,26.1714013346503,24.6947665288913
157,150.085512977805,146.19170869233,129.35888628338,46.2023512624385,26.1446356069304,24.7132857993559
158,150.163070955439,146.228604844215,129.452125335521,46.1752827118604,26.1552979899962,24.702302103027
159,150.113367654234,146.184919338111,129.487834002617,46.1215232696628,26.1507089403179,24.7099466183426
160,150.15553785338,146.337429804615,129.558938006974,46.0892872230754,26.1507039823894,24.6946584858483
161,150.179183908577,146.300458706497,129.509668675527,46.077569911308,26.1397391557766,24.6957331208617
162,150.172825508104,146.398216528349,129.592796501923,46.0441157054766,26.1300568554818,24.7112837173154
163,150.173327599825,146.357386392097,129.632934562001,46.0164742725075,26.1348993448853,24.7023956847446
164,150.071870163092,146.419360059748,129.696912300308,45.9960161933355,26.1503571598596,24.7146819748775
165,150.096942657776,146.342081673419,129.72212589049,45.99256142796,26.1457982843095,24.6943441734341
166,150.132826986489,146.337758375102,129.780748703285,46.0123161023403,26.1326395425586,24.713791084573
167,150.197728754222,146.355120007408,129.768733390583,46.0077410597471,26.1424362978718,24.699596885291
168,150.144521161648,146.352747334928,129.79039514655,45.978349512771,26.1373562573774,24.7012293419563
169,150.071455610844,146.383327722752,129.843458721834,45.9575294108429,26.122457238368,24.6990357906556
170,150.182058965322,146.490209348767,129.846417724998,45.9700041481244,26.1326822592703,24.693650183279
171,150.179112432664,146.483927173132,129.859872488187,45.9886616917267,26.1220074480494,24.7104544808879
172,150.139238247399,146.514712662747,129.791708985145,45.9756570438948,26.1413799055892,24.6945812952324
173,150.066747836026,146.39631707085,129.816049992268,45.9831160059382,26.1462739776813,24.7108628277976
174,150.209214195216,146.40050132886,129.816345793543,45.9802355140696,26.1385210930868,24.7001958990571
175,150.099240328961,146.538794461475,129.921131642554,45.9479059206485,26.1407240065224,24.7005747782033
176,150.19803683189,146.476636980885,129.87115546379,45.9412274785423,26.1358930292193,24.7033698625449
177,150.130142633534,146.519860778911,129.889443952192,45.9554331938335,26.1276632823274,24.7007964448994
178,150.072304155183,146.453537221138,129.848213852308,45.943011580999,26.1396442460912,24.6900990406684
179,150.077773935221,146.428897011461,129.849332840158,45.9718966068834,26.1382588114713,24.7066549932684
180,150.118159789521,146.485804066788,129.97769563146,45.9540718501931,26.1317090642912,24.6964582060869
