1000
433.145308853451
718.427055213534
834.118397788651
903.327441341244
937.171408854051
953.380629159866
960.54029352847
976.543445791406
986.472406269074
974.651704298171
978.412389135779
985.292659639038
980.756968614499
984.947163185529
981.474239553221
979.544405704604
980.791131596868
984.880809095513
985.039697398473
988.424935897016
987.483254166696
982.403495418545
988.607271206549
984.487452702152
977.233660299572
988.456912992451
990.054320694113
979.768910588419
981.590948207626
989.473037850825
988.61834904878
983.689511684868
981.230537501883
987.699661449678
983.514078716215
981.139833345355
987.97396511478
986.724386874372
987.360520123177
982.611943917748
989.112641900413
978.555971660262
983.382322297918
2170.44124316557
3903.51666412771
4391.40833545866
4624.56908818665
4707.44988815056
4769.95973934879
4768.76590887977
4758.52726357981
4805.82003875289
4818.90027626724
4798.77674514687
4830.60710838535
4830.27071731124
4802.06115029611
4808.44936058162
4832.90622441457
4823.33485760439
4853.98471876024
4857.65011673513
4830.53346234102
4808.02051721577
4809.08204387526
4811.89926332373
4834.56237928023
4817.19539715434
4793.11229995897
4803.88200545469
4818.68388578082
4787.39420888332
4831.11066751812
4831.77404138378
4810.48176891702
4837.96440984514
4807.84420466585
4829.51985523957
4844.50417775284
4836.38508319571
4794.77965379155
4774.63595071118
4805.24082442288
4787.51991180796
4803.06124233939
4814.04485048403
4849.10799064296
4817.71823429918
4789.48326122883
4848.6960769068
4884.84136318105
4809.31259636432
4826.76180639654
4829.79329093747
4803.67695884656
4814.56530313901
4841.6701165346
4830.30058512658
4797.10512596865
4828.52494207238
4828.13346283423
4802.29412033849
4838.91067291675
4830.42076049741
4811.03339302793
4840.0944116357
4784.56557718049
4794.59107891092
4859.8604571642
4828.15471493113
4790.83098142988
4802.28951455573
4819.67691559295
4792.37875395156
4779.40473663511
4852.62454892909
4871.512273629
4856.51409686458
4872.16745058319
4854.76334473172
4793.18243698488
4798.52894421124
4788.73409144202
4794.0778120264
4828.17789478287
4818.04653687848
4823.48266153209
4824.41768023504
4839.59254395768
4813.59710682965
4793.79392677916
4813.22466588408
4844.69963513978
2485.64489841814
1332.23397525303
1113.57094961422
1030.84150056956
1001.34811433394
1001.91674958602
987.145016224096
988.658016660312
993.708583672798
984.510092935743
986.573293604088
986.550757545107
978.942851971513
986.616903184418
983.930704867645
981.53470809488
983.591403803852
976.154656754415
983.147076833561
993.360946918762
979.416030696439
975.2790551924
981.395636876032
983.258927154064
988.470710134988
978.856198916827
985.615082134069
986.108209255651
983.812191438606
990.949115586516
985.829121122368
981.815670398852
986.825335525444
992.013755977732
978.989971618246
986.166746291459
986.523061544218
975.505150038013
973.771964080753
983.50714277678
982.244327844792
982.818109986954
983.846154985028
981.74915640898
980.353543258845
