3000
1138.21914667074
1664.31766158783
1924.55685214578
2083.70965052533
2168.23360387904
2233.60054084252
2299.08727522354
2338.52380715903
2365.88482848101
2380.92503511078
2409.97227732718
2400.7469577735
2387.08535223482
2436.26580253739
2431.11889760703
2443.46257470458
2463.09315656458
2445.1689134599
2433.05120710744
2454.13614099452
2479.19644347208
2463.05988256919
2432.52146146949
2473.80432734368
2491.2073246679
2461.95849965995
2450.15998606096
2468.56703198125
2479.44872289761
2465.92934387386
2477.79518410896
2497.03267853
2500.27034116215
2511.93297008502
2530.79515086064
2515.97292692126
2515.01980043813
2528.09227746576
2553.7209826736
2560.24579565951
2539.95201344661
2518.70484301248
2545.93107959577
2552.12317043587
2573.21074657866
2608.15566236044
2636.20901459477
2630.1365295971
2656.0213269954
2709.53568336063
2736.54101282744
2788.91832772605
2846.46589615685
2871.88684204665
2944.22826420268
3004.158079195
3050.20318821696
3129.06110724401
3219.54140153471
3280.99512746081
3344.84199704323
3415.8031114792
3467.02160197183
3476.08269813757
3495.10886237243
3515.89826172713
3481.27899037415
3462.61766378512
3415.87577802768
3380.27436098185
3383.24347420898
3331.91996130078
3283.37061837953
3231.61189076832
3155.41518319634
3117.5788771265
3092.9870886117
3069.25094246908
3046.73676214037
3006.27289845628
2951.03698708035
2942.83890651404
2920.25929197642
2904.57522572942
2912.02875101369
2903.44667303311
2857.01650656497
2842.83222127639
2862.0588582281
2850.41301927129
2855.33940266357
2867.1329715325
2859.78466046444
2856.13584484264
2856.72118621625
2850.62536726232
2862.1893224593
2879.23487894254
2875.98493130721
2883.40838846456
2896.65632597387
2893.71664285212
2916.063446248
2925.19794669351
2915.80585598869
2910.67338383002
2894.91995262882
2886.76938153562
2884.58568380078
2863.65430355259
2853.04941025127
2839.11751845899
2840.87605410084
2857.91606489084
2851.98038809639
2848.84369840258
2842.74088416717
2838.79135728515
2819.15067685208
2811.47654276818
2832.96136505021
2833.26760521582
2809.60855999273
2802.49689553246
2801.0206480912
2786.62062666218
2794.94160142398
2791.6249008792
2780.8301958533
2780.90833443073
2781.50770061296
2792.15337338405
2982.25679500732
3266.31982607677
3441.98666961497
3506.44639522164
3536.66654145233
3574.97503698735
3603.73131924683
3620.32284488004
3638.08812533016
3638.81622815863
3646.19642558516
3646.6455289733
3653.44583185367
3635.97733864461
3618.20796825932
3620.15144996026
3614.41610295712
3594.5224381863
3602.9210697215
3614.5722294697
3590.67576248088
3608.43354558682
3612.90760823713
3606.33658857987
3596.52812216928
3616.20566003754
3618.05817396205
3623.78846718334
3645.9459044261
3651.43337512449
3666.43973166171
3673.13441413487
3663.47416932013
3665.44986412228
3670.41579696272
3666.97577477352
3686.31941134926
3724.66807713455
3731.30559978504
3731.02264028109
3753.10158150212
3764.31913515818
3753.28329418377
3704.51061010824
3671.24846369424
3655.92228073979
3669.47808184247
3648.0553422418
3618.50691919514
3605.6937129325
3589.58993235716
3555.31069293265
3520.33193383107
3474.64641144164
3378.96206706397
3282.53767101677
3182.60479083661
3084.84809721513
3001.69010720377
2913.37717705399
2824.21104575347
2756.98821231109
2690.10474436759
2640.80824713699
2594.493392941
2535.83729901134
2482.35745917809
2438.4750765613
2371.65763395853
2329.30446859279
2284.71021833583
2230.63400210497
2197.01027575454
2169.64670706877
2144.02001518382
2122.67369452649
2115.83265538294
2106.0966626459
2102.40764838162
2102.23867776589
2098.73732391104
2103.93451695362
2102.36702102512
2103.28998519866
2107.15461931267
2111.80109998453
2113.3977033104
2114.37631697311
2127.24306242549
2134.74093427086
2130.97432401477
2127.0866754157
2129.48648152812
2137.3032540133
2129.86360937065
2133.56325712079
2130.05670434206
2136.41943045166
2129.12518619068
2122.78110447751
2134.54270608366
2130.2647987911
2133.3161726206
2125.67757379923
2124.74216878928
2124.30109736332
2117.30304565452
2120.51849855309
2124.15084821007
2113.69992059414
2106.45038497002
2101.02181254569
2099.7523956908
2102.08942643951
2090.4411268895
2090.46161501252
2091.39705236477
2086.06869053824
2086.44860354245
2080.94727006873
2081.89079549249
2080.21678831389
2079.89102250519
2082.67468718508
2071.29774935238
2059.96254770171
2064.34193693723
2064.25357053833
2075.25362858571
2064.19948407111
2066.50713857281
2065.98511588984
2055.78324383988
2060.05302559471
2058.52058768497
2055.8963594234
2055.98559869423
2052.21021928251
2051.1848308963
2050.92940857847
2060.84626453619
2060.45631157044
2045.46891587461
2054.28730452734
2058.93715827579
2049.24601450415
2050.59514357409
2054.29643850258
2055.85406017344
2062.69387182801
2067.10550575358
2067.51825268034
2076.28755687574
2097.38946741126
2096.79623330607
2108.82752702318
2112.21781425845
2106.56376289867
2116.87741562844
2128.24433878724
2117.17426381439
2135.47552744257
2133.51559938352
2132.73611597477
2144.72358216143
2135.0271093573
2145.67154790327
2150.84649228015
2158.31085574421
2164.40822862216
2185.8463285315
2204.02923871738
2222.6103079314
2242.08659320202
2266.08920870116
2283.39199116841
2312.00135756233
2332.99602585911
2369.59686950965
2399.70998005007
2420.14974637431
2447.69667447113
2469.91879798069
2487.72391987527
2513.8076861521
2536.83204748374
2561.0694872472
2593.77578374365
2617.95592902313
2644.49152984203
2676.08975667211
2689.42700399396
2692.620701196
2698.94920419681
2705.45660567853
2698.96589905245
2683.68525629573
2673.73231133597
2662.93532871082
2644.92943585707
2629.35423939579
2617.35503005157
2589.73452567336
2574.54502557223
2572.15608632763
2554.50567288463
2550.53317946556
2561.01100648858
2549.71830944613
2538.06357014344
2532.28553116836
2524.30096004904
2522.08536804584
2521.59347769274
2519.81877608661
2527.29785637296
2527.90295328691
2521.83376985421
2510.32017873482
2510.73110302664
2515.03731221518
2531.34770813387
2542.75159027374
2538.96810407375
2552.67910261768
2557.7163266244
2552.39971970275
2556.86660590565
2563.25226171099
2566.5974914802
2575.22315113578
2575.37850668952
2592.56550491023
2603.60840190991
2596.85128177605
2589.97974990918
2584.59220127378
2578.22386616004
2580.22671242508
2578.91762190183
2587.81557083393
2585.23237845563
2578.54882378812
2569.06961683351
2566.33776544547
2573.22784590434
2567.58497272921
2562.39019449349
2557.34184917509
2546.55933802092
2532.21723700769
2536.11872926457
2536.54912954585
2536.47778552624
2531.67072215345
2525.35767900589
2513.78728893679
2521.48613149334
2659.39523554946
2950.67457857815
3195.40267856681
3329.40856210718
3384.28974273021
3411.98695197494
3447.14860859153
3459.96866605863
3449.02387081513
3431.83839840641
3412.06187166074
3423.93977358379
3396.95349376895
3378.12291874223
3344.03637080918
3298.97764943626
3257.23662275332
3217.42618242911
3183.75835962797
3159.36428445012
3139.81589183403
3120.51728257061
3086.27631048254
3064.03046212597
3049.92471958152
3039.81788519793
3041.95690958937
3059.37171218225
3055.68672752707
3056.60341319406
3068.32492641218
3056.74602091686
3041.37128536513
3035.08045303534
3012.25530689075
3020.67477178637
3033.93392925622
3041.855894569
3055.66937925934
3072.32659641555
3117.33317871613
3157.90375131761
3188.17064141748
3213.14379201498
3212.88012266086
3190.5494877957
3162.39089920046
3139.0614977823
3100.51628329284
3091.30941416125
3077.30659117648
3031.18370046775
2980.27074559363
2939.53994124557
2873.49656282595
2791.56841241008
2710.76141898368
2637.02321634209
2577.96013967977
2527.33385622113
2466.03622796831
2407.37603512483
2356.7739340475
2303.34349961067
2243.07488200665
2187.05908198269
2148.17616131322
2115.50157465109
2080.23650410219
2035.32510449769
1995.31462906593
1969.32059184018
1943.38573253973
1920.17201912788
1905.89299305603
1896.64072695842
1888.95008944287
1887.94279486877
1885.94230110744
1881.3664466909
1878.84242977527
1882.40832076353
1888.11887905795
1891.80326189119
1899.98232802513
1897.76217236241
1901.72706419384
1915.09817778052
1923.5722334309
1922.9670603059
1924.46061373395
1938.14120523498
1938.67106823069
1929.55251815844
1933.83883419674
1933.94202723331
1936.74863142032
1935.45007685763
1938.0286659454
1938.34525914815
1951.59343203788
1943.69842339473
1939.90106986497
1940.9925172711
1935.28351536709
1949.194149606
1940.25892840148
1943.58403549666
1943.64021467888
1940.52808069294
1933.27561534523
1933.0264409712
1929.10741214339
1929.98409729527
1925.26017500792
1926.68957317554
1925.11926068488
1919.82974688254
1917.05526247248
1913.03010952057
1917.205747047
1914.14228130475
1910.18564159758
1911.70023551834
1911.4285343426
1914.51391186489
