1000
497.07113845298
779.168008202248
890.52713211532
924.422721010952
951.376802672247
967.084168271499
970.300499076583
974.492248174007
968.926125330915
971.35027109115
981.425613086341
975.611322663501
977.243760969924
986.897231813658
984.072567675999
978.707163324859
975.567091719628
974.639518513067
971.494462191381
976.802686039225
972.276994283269
979.631965909217
977.336388639768
970.189429743234
973.127107460862
971.134618815999
983.274934541474
980.762177563924
982.421079374162
980.848935881059
976.30672769106
978.929848376077
975.302815721876
975.093365460792
974.357446140608
975.478346371405
979.413971673308
983.122029126066
982.565921820191
978.2856822644
975.946950932688
971.225967403105
978.022155756044
2189.70297478398
3986.1241144048
4496.03309805264
4696.93780370711
4779.43319422629
4831.21367135367
4891.26593436993
4874.48736738934
4883.35401171425
4932.79347914572
4870.850098653
4856.22421292803
4900.87826292608
4931.36223182401
4896.89624215787
4920.56559658978
4936.64563555444
4939.80661383178
4907.90634564984
4906.92135960015
4876.77431796687
4859.34804458984
4871.14529722616
4926.91089418045
4917.42782423425
4914.77555552108
4914.35215740471
4869.74564298063
4909.45785652258
4935.04993683457
4883.1281132389
4907.23772868651
4888.8645754786
4845.52004416796
4872.77417815995
4895.52664655651
4882.41399686082
4878.43711181146
4909.22862612381
4919.40246789318
4932.49083068078
4927.74688814918
4891.81501525725
4857.53042731385
4866.13310133786
4920.91237477044
4919.95723100954
4913.7133134803
4937.11884151034
4894.85077157629
4888.4438392066
4869.33348295566
4885.43635980768
4866.67612002001
4900.94674469921
4889.23519120086
4849.65212399852
4903.79257318102
4920.58435884568
4943.5323929444
4930.10038900302
4899.21561959886
4902.49206870147
4874.22943085342
4890.66263974687
4921.35912689264
4901.06290409079
4934.91193671979
4957.598114199
4904.92494340421
4883.17587254103
4936.89331728673
4888.68953658594
4893.196025554
4956.77029572271
4919.78857326346
4874.63117890972
4910.23880305822
4936.50487266805
4924.93675809938
4936.6489616943
4892.97771509705
4887.21632366952
4943.78097144575
4918.03095367492
4867.05110798339
4895.08540115309
4906.25132167238
4855.18349959502
4869.19301816618
2502.16318005916
1331.01679969692
1090.71560447747
1019.29599886688
996.02903522006
984.564874646063
980.74192496837
978.922614792998
979.840493787011
974.021776289162
975.406565488912
980.128046746435
980.540531435895
968.955407365753
977.104357386422
983.642152529713
974.848724943541
979.365395699096
981.531853688042
974.864055948939
970.423973456484
970.982309094677
974.561871949322
973.075290374397
974.044257249237
974.723515546295
976.611578318154
985.416084614282
982.219314998661
976.802308694335
971.241946276448
976.768398596042
975.48963988818
972.882342581937
970.054587992378
980.601931060006
980.080244034338
975.867979663623
968.153626550239
967.119819748204
972.34836372715
980.289031095486
978.366429224692
970.199158071518
977.848935925486
