1000
1872.67703029302
2153.81330793984
2307.7403820651
2383.843754504
2337.19749263196
2382.67898227149
2333.98340260023
2363.65690853162
2407.00416245607
2311.09043790395
2197.00396966748
2208.88384558304
2209.61037735565
2135.8034270953
2180.81622389333
2177.72820457864
2076.13046980494
2059.95647602155
2027.99234037518
2020.91696845238
2004.16576370488
1962.15112966428
1941.15718901332
1988.56895793847
1955.85229351689
1964.55138440731
1983.92112241143
1993.12081103884
1977.63192426301
1914.21358919655
1916.64582810102
1937.5777185708
1953.65384917497
2008.8085318298
1995.38357664624
1964.39070269128
1954.52526162036
1988.55103669076
1984.86644972859
2030.92186794504
2036.70739421696
2021.39092462343
2049.88824794588
2063.09449915088
2120.10683610225
2148.19967935647
2175.19119547887
2157.83555317439
2232.37079736459
2249.6803482906
2238.82333065128
2270.03389340872
2298.52293613968
2292.21275542355
2328.32609789394
2348.63176310889
2383.79324253224
2414.6623759518
2442.91390268167
2473.5405641696
2465.52223293789
2501.6442386598
2543.49269290007
2531.77742020902
2564.12938833088
2609.32285734375
2606.01150881606
2646.45552107824
2685.275542097
2719.68204033763
2730.639121685
2732.30695396539
2769.4726871968
2774.84589648933
2797.671068565
2832.13399660532
2823.84134066835
2809.82516950953
2860.63379707782
2865.13591089459
2844.4280019165
2859.48379932558
2842.03268086731
2851.44657370555
2840.67413231737
2860.21273153727
2854.09602204606
2829.56156209411
2874.0828940847
2872.37473731313
2843.06789214039
2842.42393578956
2861.71874457848
2851.5111220565
2872.48814955094
2892.98463554569
2901.99033168275
2876.72404081991
2872.31116192109
2884.78526750214
2890.32284936747
2891.56971658448
2884.18966088381
2892.92663435174
2891.87301343692
2905.01794328703
2904.97646385334
2888.25485218233
2914.73153557667
2918.02084368946
2919.90559175553
2924.39535349452
2910.85113678821
2925.98842024128
2923.17349757695
2925.17459590889
2940.12536369506
2954.83434672514
2924.58209080818
2922.08173539051
2931.63675736122
2944.80641373443
2940.04041967678
2937.92701770057
2943.88480750599
2933.45914487117
2931.44174336455
2929.33035728783
2933.94386889011
2923.67204210137
2943.86697787333
2948.04320190286
2939.91316141289
2933.59316151686
2937.16480133266
2946.06050054569
2957.90939915628
2970.5096009295
2961.91392421521
2962.1069574915
2968.4245994489
2973.33106142922
2969.86824511777
2966.21969835888
2975.70540700602
2972.73175552213
2974.61887923136
2974.38757736462
2979.46670971424
2974.61892946748
2974.98482320007
2981.16818338125
2976.90003703964
2963.81698419486
2964.95596210882
2959.78602013454
2949.79303502773
2950.88764661142
2960.95196680602
2953.88620801368
2944.02081264555
2940.87472235647
2939.89024148336
2931.1496594422
2927.14973018228
2926.1338575306
2923.73375431197
2922.25375460349
2923.79161752492
2918.49142108893
2916.27685586183
2918.11957860948
2909.9073369831
2899.94887116177
2899.23490390473
2901.72145796344
2898.43214099667
2888.41977828391
2885.94068104073
2883.15929046418
2885.67402862413
2884.23307944707
2882.07848605389
2868.43786449245
2867.35459461991
2861.09804515819
2868.55824216813
2857.79342827826
2851.80870489499
2858.76719315882
2852.11672780008
2840.83929799366
2833.56454154948
2836.87345406895
2830.10319828654
2821.80096219242
2820.2793985665
2804.6618556968
2803.53986431781
2793.23658612079
2781.82097855685
2763.62295450906
2744.4104333505
2740.48495944525
2719.74991953701
2706.72488102415
2704.34030354643
2693.11156575215
2682.41388780856
2674.63543263242
2662.58719356146
2657.65935814851
2639.80787062369
2626.57115954727
2614.99509186541
2609.09370440946
2589.7878191523
2569.81892512345
2556.73837056897
2539.62904171509
2528.21735941413
2507.51606806019
2485.32930901802
2462.05050371905
2442.12907924846
2420.75169082233
2404.78372412933
2379.0628847229
2360.06757602924
2329.85539921327
2300.45776493826
2290.54793240898
2275.02555949203
2258.8943584738
2236.8204284616
2222.22623682182
2211.6972656125
2200.91719695204
2190.60382174926
2175.33835628795
2166.91931233453
2153.32868257148
2132.00851701782
2130.74272315048
2121.25778684043
2108.41050269091
2095.74047801529
2094.68610007323
2081.84255026587
2064.74534867425
2056.20399660318
2036.98199237574
2023.68420310232
2012.4526790507
2002.41288992545
1994.77445065096
1986.36393292995
1981.91901862492
1981.10263722651
1972.73677039602
1960.6173718535
1958.9325880957
1951.0335092482
1947.04634111405
1944.44726464976
1933.15217727213
1924.80543610602
1931.91088456368
1928.92216972425
1922.47752799052
1917.27319354646
1918.61065147192
1918.09253513221
1923.50909053747
1933.11222333823
1943.92040412284
1947.12738785085
1961.435816516
1972.5062220934
1977.56616547747
1986.06953361634
2004.02577826929
2013.47276219541
2032.43037585582
2061.9289287913
2072.01256274112
2086.52789523163
2110.29472331484
2133.83880704619
2147.46446132622
2157.62023239985
2173.42198511848
2175.90983151006
2196.81362203378
2227.2585986115
2251.51953413353
2270.94689960283
2302.9870655278
2336.49221413039
2364.58171926527
2400.40778771809
2436.86203165752
2468.4326935713
2508.22579316943
2549.17523834106
2583.1727876288
2625.16038151877
2675.17901704246
2705.09040257311
2727.27101437153
2756.87053352542
2782.22358092258
2803.33875016864
2803.22129336669
2815.72858267439
2840.14947336994
2842.68819656023
2841.86446437335
2853.49006201012
2862.63613266359
2869.1319815453
2855.43016484309
2867.01355273087
2874.65972322615
2871.46587803839
2873.99646908492
2870.68548406567
2871.31830148436
2876.77057355076
2876.05556190127
2876.15535560549
2870.47327282332
2860.17242550605
2871.14181509346
2881.65354094108
2864.50760112299
2863.86758681567
2877.51744927446
2871.38756460512
2866.89119994777
2863.44653634795
2874.55341435804
2868.67463323789
2865.06028482671
2875.61085247622
2869.81914090748
2877.24830193293
2877.92654172584
2865.50526590963
2864.15730976947
2867.21129689799
2867.20267038722
2853.08334233626
2851.87476609702
2867.32265994082
2860.8790487662
2864.6587960321
2868.98088479839
2873.47650992771
2862.94151399873
2864.92773320629
2861.85113801107
2855.92811725552
2858.8689872082
2861.23912006173
2861.41554891026
2858.56216307902
2848.12908964679
2851.18645197797
2849.83739377928
2851.31424759924
2851.28689670558
2847.83153692951
2846.05691757432
2842.6223464588
2837.31090952697
2836.06940258274
2837.84062941684
2839.9764966363
2843.89468115927
2839.56791854625
2825.72931048045
2831.08931532306
2843.14659908812
2840.90739520618
2836.67762087409
2838.60210683097
2832.26139175558
2833.01184438457
2832.75167594817
2833.14058180829
2834.40018628637
2834.91896482755
2831.00622102773
2816.37698931252
2823.82769895284
2827.86384372224
2829.38113782351
2829.80236524775
2824.58299206294
2828.30484548285
2822.51075175507
2819.44709923827
2830.85074409377
2816.38057042377
2810.91125271481
2809.75228087386
2813.22256539382
2818.68312921887
2818.32227395577
2828.79432201904
2832.32051469488
2833.08483582769
2835.23506113706
2836.20203931338
2837.16248944606
2843.46309866933
2842.13099841112
2831.00968888739
2831.05856656124
2843.09964046461
2841.26041349494
2835.49977829181
2839.17986287598
2850.49239203964
2845.54690251591
2839.12220702118
2839.7237841566
2838.78808419918
2844.69303226581
2844.04148681436
2835.56163942782
2826.48464281895
2831.55518575539
2831.42081776595
2822.54519468946
2834.67103634746
2836.8938124315
2828.46484385795
2830.64200399001
2839.20644269475
2840.94970474929
2839.12509246021
2842.12021960149
2840.29483266908
2847.14949453716
2850.42713776676
2842.81491351399
2843.42979863375
2854.55020639222
2856.97700868799
2849.11855214474
2842.10517016204
2838.20114603013
2850.59135882775
2845.51387920224
2840.8376710463
2837.68669062142
2834.85980558467
2843.86816219433
2840.40006797745
2824.15189520994
2826.13174171196
2829.4392887501
2826.30650018291
2824.85982855381
2813.73914442832
2802.79424449761
2784.41464021732
2773.54809609527
2772.59809173462
2763.28007557113
2744.8507703718
2732.73961785567
2714.799123618
2702.56767321856
2695.24409724589
2683.82787217606
2674.29681513826
2671.19662763807
2668.61023743951
2662.09319419017
2659.49587278621
2650.94783891043
2653.17978812837
2644.01295722034
2640.24615016629
2630.8787678248
2625.95381169614
2617.30343750721
2604.82632894629
2606.36661759023
2596.74882694409
2584.13087746974
2577.62750406713
2568.27151757781
2550.48746657107
2531.24696394611
2520.02449088555
2494.4171354483
2469.53966687376
2439.02452274444
2417.06805592586
2402.65364484423
2379.59105351692
2359.37483206478
2343.66179905093
2335.64368247974
2322.30544223411
2297.79700323374
2290.32717159769
2278.0953971265
2268.15739878395
2259.78181830691
2243.06811187439
2233.28720810532
2219.55899378544
2205.48815422584
2199.22592407209
2187.14348663919
2170.85735703121
2159.10440616283
2140.55674727575
2121.71640987397
2094.98066728606
2087.51097566396
2078.2025542419
2064.27287865767
2052.0030225473
2041.24760671065
2033.56744672956
2030.66064586393
2018.7362395921
2013.8576819256
2005.90807555768
1994.6624492326
1994.50255590428
1990.48270608664
1980.84169382712
1976.87402723713
1971.75803068583
1969.74729190975
1964.60353596465
1968.6250198883
1978.22381323344
1984.74313207697
2000.12323063233
2019.48165946235
2030.79592418886
2054.51407608764
2064.95218297021
2072.09378960994
2088.19784078429
2110.754543182
2132.66057298517
2157.99769094564
2186.45938594605
2211.25549589028
2220.03419839121
2232.33852139585
2257.78094350786
2252.53792876084
2262.4344575447
2271.91613847283
2275.59326436055
2302.28477115222
2326.73372728299
2353.12023027671
2380.63661224312
2410.50649491577
2449.20797496726
2484.62631506499
2525.01218143342
2581.92358436868
2624.1040968415
2659.51635614302
2693.99477252311
2734.03677221711
2773.01938094829
2799.83530152488
2818.62110659101
2831.27184442077
2847.66888332597
2867.21433181634
2875.15641776389
2877.59712363951
2880.88552128253
2886.15270584688
2872.70426732181
2875.11128477502
2879.77597470022
2893.70073712854
2874.80963989478
2872.43683435045
2885.60610204492
2877.50849624167
2873.90371825534
2869.21141159432
2873.16893391643
2864.2237060789
2869.08801292886
2865.74632829474
2859.09358611623
2862.6031581878
2870.49414611846
2862.93198875995
2851.14473028096
2855.34300577481
2859.66709554592
2871.12687460628
2856.68639682709
2853.55255460426
2861.80560184711
2858.48084986957
2853.94745023343
2843.9235832001
2841.16651900669
2835.34558803187
2840.39195068
2843.50070674099
2834.66614801489
2829.90666528174
2825.92543912541
2826.1845888675
2832.0021324458
2828.81678554213
2820.49642028451
2824.00831234693
2815.26546995352
2806.65552827914
2805.05254759042
2813.88251663669
2814.77430822032
2806.31890619223
2806.55718718887
2805.90815841042
2804.73322552502
2800.06156755558
2807.84766112254
2810.50893006323
2801.82000250677
2803.15702789299
2799.38657947466
2795.86075340431
2807.03007700411
2803.40381261904
2799.0645999196
2802.00645535361
2810.09765058995
2816.94046278604
2818.74840644122
2822.59459451033
2812.32089813514
2816.11621104991
2813.27618700982
2810.3756117245
2804.40322842405
2809.43225030966
2810.62366239304
2804.44231418372
2808.27454865115
2814.63233903818
2813.13010076609
2810.4858368733
2798.5597049897
2806.87309737218
2813.71987394035
2809.5851009047
2802.24551396886
2804.35151845424
2804.5605371027
2802.68797947331
2805.66194486764
2798.81261723097
2797.64939194996
2806.31251115467
2805.44674552204
2794.55196545402
2785.85898884014
2800.17076354607
2793.09415457286
2803.16483625489
2793.33431996829
2785.57221862931
2789.92803198414
2794.02472998863
2793.42295671455
2786.71230151074
2794.31304793146
2796.85745957249
2788.74364557063
2792.13726266831
2789.51799029374
2785.90535247668
2785.94104765456
2791.97300746367
2782.76417525733
2781.22754115408
2779.05457501072
2785.9063113709
2788.35897835092
2781.51710767235
2780.19440817942
2778.5357220249
2775.42265535331
2780.99727883086
2777.56306056841
2775.62168646613
2773.84224138568
2771.35858657098
2771.81348246506
2776.10923058132
2772.23715928784
2770.79982217659
2766.66349793606
2764.93477626949
2777.1504905193
2771.73616975464
2764.94814362695
2766.83060938158
2767.51094950889
2769.3149012357
2763.00779767022
2764.02639991234
2763.49996486396
2762.05725442032
2761.99315057744
2776.47777752084
2764.1123935353
2760.53965812224
2758.01080667441
2760.39383191575
2754.72340075207
2755.20332983149
2757.47887967423
2764.59135251732
2765.74128404953
2761.36594399318
2759.12006344854
2759.47930364682
2757.52015886908
2751.50652166146
2758.82008288458
2768.91187070238
2756.7454041468
2754.00412139716
2767.30184995483
2755.22009261623
2757.4924612619
2760.97059262697
2757.23805710996
2743.06496236508
2745.98123097414
2755.92373890512
2752.81712957795
2745.25559806837
2749.47429081292
2747.41356889696
2739.00890690399
2744.40928434771
2751.15596518019
2750.83903839417
2744.3934500854
2745.16346822447
2752.01763950859
2748.52230911018
2753.80515241876
2746.15820985942
2740.56393965328
2737.97482898718
2741.42739995577
2748.9886744801
2748.24788103145
2738.05345090741
2732.720246154
2738.99194852454
2741.88032409669
2749.97648447936
2743.67976058239
2741.10484024258
2740.8244953238
2743.77568743952
2743.40388829712
2734.81012757233
2739.02896801194
2748.34311805481
2735.54524850744
2737.13676277529
2734.88795984426
2740.70224338097
2732.65436411665
2736.02872331816
2736.15801071959
2733.38848532697
2734.29292871876
2734.90128137293
2734.48324135493
2729.16127323676
2727.00450162972
2735.25636399738
2730.12676452646
2734.74037885568
2723.95845074551
2731.87861927174
2737.0779197572
2727.28041351428
2735.95743230469
2728.96116227419
2726.25313766363
2732.05523388348
2735.04038030694
2728.71218104181
2727.75282298539
2725.78026971163
2729.27994855214
2720.34307055102
2727.35348094142
2732.78149337831
2726.02149234785
2727.28133745956
2727.9679849616
2736.3888710117
2722.52876196206
2727.73713218532
2735.0216410525
2723.25820196129
2719.12923164802
2727.25503049637
2729.49019876724
2733.61678363526
2722.30239794936
2725.38009283515
2731.97966060688
2730.69928102902
2729.54894034499
2740.94657745197
2743.54654888274
2742.57750044288
2737.04858897553
2735.63135355262
2721.36744336343
2721.48406868476
2717.24239360058
2708.97321672444
2710.27788531418
2707.58763282192
2702.94867798133
2703.10349227647
2699.02535714116
2703.8857778609
2702.06227642247
2702.09220381836
2693.49836537236
2680.6681580173
2682.40635874498
2685.16303980141
2681.39159966866
2688.27743065832
2685.4743163717
2682.07407412533
2682.6097574858
2688.9551328474
2687.41310402106
2691.20360232332
2695.56785525024
2690.82104803697
2685.0998989363
2693.71484715641
2696.14762809098
2692.15725850744
2703.85639105615
2709.86160452786
2714.91928008685
2718.47748623305
2720.55204330974
2718.45208915308
2722.26677830457
2733.14854198526
2732.01543988679
2726.82463753509
2725.07438876976
2730.62952655391
2729.98462079258
2724.89189587127
2725.92933605867
2735.86715984626
2737.86789755742
2734.01720403808
2721.06704617703
2718.48028034606
2718.15509874165
2702.8757719579
2698.91594098092
2686.57905163609
2652.80031310412
2638.23579709763
2615.28181963721
2597.57994726701
2583.42988046254
2571.05573637935
2553.22079740543
2545.84258842859
2548.36850438219
2547.60321601061
2547.50924726321
2555.88278240099
2561.26660318508
2553.7132022282
2547.76819088185
2552.92580883012
2555.36837715437
2551.85029596204
2542.81151678443
2542.75334826317
2550.56424187067
2544.44117476462
2538.9030133251
2531.58072747546
2529.3183126628
2526.13696332495
2521.73791597869
2501.41468686223
2490.97987262024
2473.37645987393
2455.41094024909
2434.16549750996
2414.0210962444
2407.29038813506
2398.95492858263
2376.89133978656
2365.93907742132
2355.54804537553
2341.8568381125
2330.3933808885
2320.16813313519
2317.32296840075
2310.40530298708
2286.09159960918
2277.65053647281
2262.96833307186
2255.37518768987
2238.74461586833
2228.88250870713
2219.16876597311
2199.16840390584
2189.39038757282
2177.79493321108
2158.32605839305
2134.74931780677
2115.25373619102
2106.2300281603
2085.59331532092
2075.07774194733
2080.78405252187
2068.98197997765
2051.93659492683
2049.4156654926
2039.20447930556
2031.39744367738
2028.34258438607
2020.91549028915
2026.52989196004
2030.08803698645
2041.6629393551
2056.86027148033
2077.57094777377
2095.06537924219
2104.11241618299
2120.21113292918
2140.4064502767
2150.44900878618
2175.15086771644
2207.70287815601
2237.8140301601
2274.04464298608
2290.89893937783
2297.41703702414
2307.16958447678
2319.36423380895
2322.44091809154
2328.97032813044
2337.91358670399
2342.37304442323
2354.3427720761
2375.45288252225
2394.3067809297
2419.29061896264
2463.72339562978
2497.43756270099
2536.08990666394
2578.37486491404
2617.68386005016
2654.80161488194
2697.65785797717
2716.6999814348
2754.02475938461
2783.29073819206
2805.55049327015
2822.50817003525
2826.29947521932
2834.37832114277
2843.7295618632
2838.69072282385
2843.6713690425
2854.6934116753
2852.15065830565
2857.07457914882
2860.58132814149
2850.11648483703
2847.39167479453
2830.82838927929
2838.13540671823
2845.30612661387
2850.58679328846
2846.73186197144
2838.57038475728
2825.53478509601
2823.03115171951
2831.93825679929
2829.38899833559
2829.29688862018
2824.62325773634
2816.12238610675
2816.09608307134
2809.33490310322
2814.2349309849
2805.22596382164
2804.19774036571
2801.33262244991
2790.36015080469
2800.32893475543
2798.33246098933
2794.3113589693
2801.33483854163
2798.69590368613
2788.61490885091
2779.02775772935
2779.51718264832
2775.40701074351
2766.95709767647
2774.89290885618
2769.68074104363
2771.33577464096
2768.72491937736
2756.61552875835
2765.6382181658
2769.02564455754
2763.36458379303
2754.21094448845
2745.14339298929
2744.40599882488
2747.30146845338
2746.83842080484
2741.66190948142
2742.18822384688
2743.00425801101
2731.85402465906
2724.12349926672
2727.32785839483
2745.07086413809
2740.08373858145
2729.0359675301
2742.66467865498
2746.20973866375
2735.65821642387
2753.20485150615
2748.72499363983
2745.55103625991
2756.24140032855
2752.71568676916
2747.22133940496
2755.87428479449
2746.40002074219
2745.54569417067
2746.67211346123
2737.26978352047
2731.0071532279
2724.97247071939
2742.80870567404
2738.22802729448
2744.91032648478
2759.25380670784
2762.80753532931
2760.077817848
2752.33663585154
2741.50019646108
2737.40119728795
2741.59330061682
2741.26307188004
2741.14529601075
2732.25843658977
2734.55784571199
2739.9249574737
2729.47520761817
2721.43030709004
2720.2899607108
2717.98720984949
2721.96990500051
2719.28178029189
2713.16183749152
2711.98851871487
2701.98473672739
2695.47602437203
2702.34048567637
2697.64072073181
2701.09312186243
2702.61101244311
2702.18877424098
2703.76239682581
2711.8708651087
2713.40707514469
2703.50303930817
2704.18673632669
2703.43875104079
2709.57532963934
2719.50725112991
2717.24303318147
2728.79097569164
2731.81360816193
2727.78127059901
2726.25548025524
2728.45737385831
2720.9399580169
2703.03490248537
2697.49484158791
2689.81718455914
2693.26286062823
2691.12228922644
2694.51998992167
2693.66655630751
2693.62571929264
2699.60806119858
2702.9295634903
2700.36823290625
2693.42129946116
2692.77908617084
2689.07053975454
2674.48335203208
2647.74092822726
2619.33170514339
2608.46223915242
2587.74530800467
2578.00548348019
2559.30192654585
2544.51156329799
2540.98754287711
2544.76337328964
2559.29532151456
2556.52810580518
2558.87007859249
2564.07339845656
2566.44802457885
2567.13766870042
2566.71812542364
2569.85171645285
2569.55694971313
2572.08928455558
2566.60687818017
2563.35180435591
2561.98761396317
2556.1462267382
2565.61666986406
2557.67204438098
2547.34425185662
2539.50919341753
2531.14368754186
2520.93537562024
2503.47106770717
2492.36118135661
2476.3930835342
2452.26499262412
2438.78047463155
2424.20594762284
2413.03042027927
2404.71469024944
2399.42887709479
2385.84275624207
2379.54415449239
2374.67730599481
2352.08568797275
2348.95332962198
2339.89148470987
2337.86962202738
2331.08952269125
2312.14005825648
2296.3883175381
2288.221676772
2278.98167592324
2265.54479863927
2251.35428288434
2238.9317651253
2225.39998058334
2205.98908578442
2178.23858426953
2160.38228726762
2143.69625176295
2135.75791864724
2121.20602528227
2111.11921935482
2105.39209414535
2095.19441348014
2083.66629267424
2077.25005502086
2075.5235190236
2068.21281436808
2058.91900221599
2049.91658902682
2044.13810157782
2046.70888254528
2038.42940631575
2034.60360894246
2038.28366977542
2023.20950264697
2021.66670922453
2025.00486566663
2015.27113358336
2011.99953817695
2012.90767451279
2009.79535513424
2002.51725419145
1997.7859441109
1998.2175152678
1998.47551623347
1995.30503144917
1992.68553052674
1991.95499020862
1989.55350291989
1982.79885082787
1980.60575094894
1985.27136417363
1981.03957823314
1970.05909086614
1970.09012086244
1978.76351906379
1977.56367297068
1977.02172825537
1966.59496589767
1970.98018126327
1970.13559326974
1967.02139675884
1962.40303918391
1958.40725054553
1958.42691845665
1963.92145772317
1968.96904220775
1964.82389311309
1963.44465689218
1954.26695139921
1944.22048678851
1946.56759996598
1950.14916545843
1943.89141496258
1953.71037226554
1958.30746612459
1951.01892915019
1943.34525153442
1945.11413348353
1946.53720006427
1940.47433735132
1936.46670996738
1945.85762384823
1941.78056738852
1936.42775406435
1940.20648917869
1942.29485185117
1944.35322875224
1939.09290232895
1935.28353272268
1933.29064817549
1930.21757710275
1935.84356005484
1931.17530102594
1925.30183050455
1927.31993074087
1937.59735337597
1924.78245344554
1921.71607957898
1926.7455316074
1923.55867598704
1928.89056879264
1930.25366747281
1921.34438733749
1920.39171698904
1917.59425549414
1921.30544755967
1911.54361452506
1915.52735496186
1929.8632246299
1920.44055733198
1923.38893334458
1911.41442316413
1915.52017496154
1919.69913891218
1915.9685131433
1912.18605855699
1913.67564954637
1908.36335375336
1915.26250116117
1917.78539034534
1921.34998251829
1916.13072237972
1910.55674823676
1908.24747819724
1911.20492011494
1912.44232761272
1912.93025930589
1912.06921223604
1917.92938019118
1910.84526758606
1915.12725668519
1905.05263871001
1904.68659997707
1908.66319435712
1894.61679972862
1902.8798576938
1904.58327177571
1908.97805379882
1905.06595759592
1898.34859702324
1899.98295044448
1902.95188044814
1899.05613458679
1905.59717798697
1906.38853725286
1898.79218456
1899.81324737715
1896.19991012383
1896.17051565207
1900.04461139856
1895.83589739426
1891.78021919229
1902.15994731245
1896.13717337678
1892.17232174941
1892.42199694934
1899.05730882613
1900.38055172977
1885.88054034942
1885.09055712637
1892.66092166027
1901.05699655162
1906.88410942171
1901.59198746639
1893.81290128282
1890.85632521288
1896.27184368937
1893.45280170062
1893.43668779674
1900.03725438842
1888.85377045828
1882.28637739437
1884.83523414047
1882.18559599882
1881.4673405691
1892.74447444903
1897.42707750442
1891.94614538144
1894.79164449288
1889.38540906047
1890.52403200282
1893.55280007246
1890.9318276754
1888.80248879631
1882.51822632749
1896.4902541198
1891.56297510424
1889.14972032597
1895.12008990578
1897.29866881798
1887.72114639497
1883.71130573831
1896.05326031605
1887.79397331047
1881.55105981925
1895.51615152811
1883.47125247288
1879.72559334266
1895.2832593692
1887.34243029066
1885.45092315527
1880.52781827437
1883.41330494798
1894.74635426935
1891.49418434284
1882.54299767529
1883.89790567749
1880.18448888767
1876.82232528542
1883.65005017457
1887.37416025382
1889.37392213838
1883.93422906737
1888.6022117537
1884.29193438248
1876.1699275554
1876.71450860589
1884.24779914096
1882.74447793003
1882.80663544912
1890.25679897835
1889.17069627546
1881.83387816473
1888.79899572079
1887.189172492
1885.35299381043
1880.25287312272
1880.19488936349
1885.79129832372
1888.97802673782
1894.74532965998
1879.81301842378
1875.58980602949
1876.17955676563
1881.27219601688
1872.59409698389
1869.44737879937
1884.36318282914
1888.22996501872
1882.01237097116
1876.51416795245
1874.29159860262
1878.19062215966
1881.31550496435
1878.3355364239
1882.04917570128
1879.25851017329
1878.55301658919
1880.23294735829
1883.78945211954
1874.02225732386
1869.77130250753
1875.78841505008
1874.63259732762
1869.10886798065
1871.40948688893
1876.37879919961
1878.98840046545
1874.90522348977
1877.67932530374
1872.80592087255
1873.95882530735
1873.82485505466
1867.96207160216
1875.01325836559
1880.17265892497
1884.74813935527
1883.18027841804
1870.22795023717
1876.78581714632
1880.84442056823
1876.69173120165
1878.89318503395
1872.59301939614
1874.98659589914
1876.67260667537
1869.39694361018
1869.25494207498
1862.48583748148
1874.68954753405
1875.99829682357
1863.66628837374
1875.39127753852
1871.75035254298
1865.08968540725
1872.59090527641
1872.46575422462
1872.95865188586
1870.42454496894
1872.73352551971
1875.75112224794
1863.00675692737
1866.92143111614
1872.20123443342
1867.14885761184
1879.48751215744
1874.48356050139
1862.53176569755
1856.78206790761
1865.75422927458
1867.77722467084
1861.13356177888
1865.25480454274
1874.31037440941
1865.77069124463
1856.79243318919
1852.80275100529
1869.35599525966
1877.22666672613
1866.27878810741
1865.78709027888
1863.71828456762
1860.58098529675
1867.98933371403
1856.84518753152
1856.30999245287
1853.0542778217
1862.30932507812
1864.6466453743
1859.48941949092
1857.11156970739
1859.91430551194
1865.142635103
1862.42830418304
1862.65843881499
1864.84624959366
1852.08602961559
1861.01571136829
1864.50265531509
1857.29104875507
1857.36671515988
1865.06270176221
1862.16809492935
1859.39029025627
1865.58285189554
1855.72202645937
1853.95104517785
1853.63915434888
1852.15459708528
1853.4284615467
1859.83541666281
1854.4885302438
1854.88713662799
1850.58779260095
1849.31958383357
1860.32916094187
1855.65132001369
1854.5570772438
1854.0088268535
1863.66494056796
1841.22749291007
1847.22884423653
1860.93994739466
1862.65912414264
1865.8032490997
1877.58728447195
1906.81103620097
1922.24238780939
1929.26182198417
1949.63990499796
1982.42581269402
1992.61449002059
2013.84140844649
2032.17907270315
2047.27177914248
2087.37859048345
2123.27800236794
2162.72907859354
2188.09718319689
2210.36127505118
2248.55855817391
2290.36194112449
2321.05991383651
2345.29152340425
2364.38076363445
2378.90084782024
2384.77682211939
2384.30312226951
2402.32796511293
2434.64789726575
2459.97665991555
2491.07124547077
2527.68649837234
2551.43201542215
2588.70400273545
2638.7457685842
2679.51427971784
2724.38433701383
2751.54112213951
2795.21348533144
2841.12634995989
2895.49468779358
2901.04824004966
2914.31885823363
2939.114025416
2957.0084883245
2966.81762627606
2974.35811006207
2973.2379982735
2987.02803235767
2973.00811596268
2954.15101910673
2959.43420819522
2962.88288212275
2960.0741875084
2957.44197987171
2952.73967557156
2951.00837690622
2941.24226281619
2944.73556761046
2954.27129231839
2944.35991171059
2938.56841769948
2916.54575061338
2925.59214384362
2921.77296839708
2911.90739473021
2916.24360612542
2907.37067329438
2901.73561048244
2897.37195946147
2890.41171053619
2887.5174496532
2898.91469365857
2879.07777855608
2873.08178180561
2871.14333958291
2872.25908606844
2862.93502705882
2872.37120199923
2861.96712624334
2854.42248952987
2851.82787590066
2855.96662292095
2855.17514432548
2844.22350480864
2834.66527173346
2846.51951419483
2836.95911983316
2838.07160721273
2849.11227317976
2831.99959482367
2829.67845822395
2833.64128546262
2820.43423008971
2822.90444610841
2811.9410018714
2799.75302580601
2802.45527860441
2810.08638956399
2794.27444384963
2791.94544182866
2785.37658611953
2784.87773853322
2784.62680292863
2777.00088127571
2783.1794780696
2775.59527488997
2790.08029439836
2781.3975703103
2775.53566433968
2778.4111549786
2782.94037096743
2779.4496406264
2786.39958817044
2779.29244255608
2779.60513474562
2782.67572223446
2779.77819135945
2777.44417433413
2784.53003534189
2778.96708469973
2771.33676272357
2764.991812077
2766.65330137462
2764.90977697909
2772.83018092355
2787.17059010927
2781.08237518521
2777.69686562402
2752.97872481572
2749.02162614573
2753.68702017848
2756.32044781589
2747.7197964298
2736.9037428708
2746.63902425087
2742.14320734203
2741.16936706054
2733.40569322364
2725.09695952714
2727.62947671668
2720.71171083809
2724.40085968029
2721.22946844278
2728.94439058544
2715.13184026259
2714.39920529984
2714.78498303354
2716.45961150759
2708.33566139656
2708.86398509079
2708.54063354178
2705.62429722025
2709.34511386508
2713.52198836598
2709.46087474857
2719.35101589318
2713.87741790603
2705.55874290671
2709.05910165058
2713.33363378496
2716.48555995404
2719.48508342533
2711.87757249982
2702.08182053846
2704.6140902214
2696.62615435777
2688.20097332168
2681.62741834093
2670.09790659702
2660.82679654935
2656.55428626489
2664.86971117668
2669.01321791468
2667.65293185093
2668.25102966221
2674.55852470808
2671.27991743346
2673.95996025813
2670.81866111335
2656.12019644379
2640.04672111865
2625.33829157572
2617.76676820783
2605.58285759626
2585.99524850761
2565.17129091922
2560.65256497519
2566.87757788222
2551.17577902677
2550.16057174198
2565.68662311395
2576.29741566491
2570.41289435379
2574.88408770592
2581.71047216976
2581.26452482602
2580.33800191362
2577.88795527218
2583.29085011372
2592.25470123111
2589.72133308164
2581.86035310981
2586.07320732366
2583.61067898359
2579.8722693335
2573.15465879146
2569.59253492555
2557.10344511828
2554.58325846685
2542.34868404213
2525.75116476913
2506.49396000831
2488.40667560052
2466.46391363997
2442.30967074493
2425.34054481461
2408.16362270631
2389.72836827818
2382.80461058848
2376.62208404472
2366.1596574038
2360.39183240984
2344.00508884615
2333.41691832175
2330.1832017086
2323.35248519536
2320.58157110574
2303.55303863219
2283.8416523965
2284.8871648724
2270.12007229462
2254.41361582147
2251.30315815482
2240.8657944037
2220.38589730732
2206.8906920948
2196.57911948885
2169.20904506892
2142.11042071043
2127.21389927104
2119.03435407765
2103.70518833954
2098.29547293352
2093.98969601729
2075.79507712301
2068.44191819652
2067.90976233319
2061.99036293045
2054.85438222675
2052.78255330219
2057.90071005831
2072.28934493603
2088.76194288767
2113.7193937413
2120.37167329641
2128.04650366487
2156.47789671664
2183.24159474236
2209.69097960011
2238.35624501284
2265.96052012728
2284.42287989232
2296.17171997747
2305.9095812846
2320.62283407504
2325.50202026672
2329.80564475478
2331.60580627396
2343.17838721374
2353.19392571828
2353.61678639597
2369.20570776125
2394.00839627488
2420.57949347634
2456.72122256844
2486.70016950767
2516.95620309507
2557.35635219158
2608.35208451891
2645.493163582
2669.15997385632
2703.70903643478
2728.17725348427
2765.46428997934
2791.53140431061
2798.67939884777
2810.88850961355
2818.02667176127
2835.6556439539
2823.00316942379
2828.01907548641
2835.6944096524
2833.7284486373
2834.86524726868
2837.59671242785
2841.30481356946
2837.83054750622
2839.91436918667
2828.40661282173
2824.68485023114
2820.33458198137
2815.09840668087
2818.50399471842
2828.8335985882
2816.78962788142
2800.88302223658
2808.66851707995
2807.02723935646
2799.8016135807
2789.39225681342
2781.28629111774
2780.90015127226
2786.06150710004
2786.16290860113
2796.5488491877
2783.06342705505
2775.16952086435
2772.19222378697
2770.64252704642
2758.94560693636
2764.85302895208
2767.78149860586
2766.92091582984
2760.38299476787
2760.15847126511
2761.45673235136
2765.92876932741
2762.02388660744
2761.88153332707
2747.7766064729
2759.86867524664
2757.78532517205
2753.01457323016
2754.63180361539
2751.95213854858
2744.53837344835
2741.1197187826
2741.07792251056
2737.16238469108
2740.48094346236
2731.93699960021
2737.46166518693
2736.13938130577
2732.28670382855
2734.11663178657
2725.93593726037
2725.31006516128
2725.43868934608
2723.46373250702
2735.22495817873
2733.46923379472
2736.63418371774
2737.00507447639
2732.26069864405
2753.97604264108
2745.94512353744
2723.80175728756
2733.44201877536
2739.05921094046
2736.94930018215
2729.69874621577
2725.91849750132
2716.71169725618
2714.06303688837
2706.10837325302
2708.17441934067
2716.28520561159
2716.23070586055
2710.81359382535
2705.7892294684
2714.98425694307
2732.09438178669
2732.27145887864
2729.27033559825
2726.33728967579
2723.65854382557
2722.48654047532
2702.69364869321
2700.45027946054
2704.04178065313
2708.9566169504
2691.71078878316
2694.28039705048
2695.68417240028
2689.35475190449
2690.11381394418
2689.80849459596
2679.72781130905
2682.85385843593
2668.57660880176
2666.81283519433
2683.35838302686
2679.22328635559
2670.76936854078
2671.60822763153
2663.62775865857
2655.67883886755
2655.26518183603
2664.63402564171
2663.39093856266
2653.71075911721
2666.29649550476
2674.69363144951
2673.48748528376
2663.01014911102
2671.94165249137
2672.57077350845
2664.5304859507
2658.22980436842
2656.50687344975
2655.38783364091
2648.30770874938
2634.41664387128
2616.27734162523
2615.64434506446
2618.87401769066
2602.36972526461
2608.68034691907
2620.09224422593
2622.99360011628
2633.58975183793
2634.01781691748
2635.12133965561
2628.20278487888
2629.00158414461
2628.20287594238
2615.22237973863
2597.29201835437
2585.19069286034
2563.63775079979
2557.27894587593
2539.06161994705
2519.83317961925
2518.63240958987
2516.65706796211
2521.50850699541
2529.93509215281
2536.65556917193
2553.33332667926
2563.8911287821
2570.02010413381
2573.0382073226
2566.851413137
2569.55024136248
2568.03023926526
2574.19239282468
2580.37676753985
2567.12320819509
2566.18751993235
2574.26891167235
2571.37103954368
2575.65894409696
2568.98408819968
2555.721153398
2549.65872118172
2538.13454471931
2520.14983725049
2505.24093695259
2497.24962556543
2477.20587458157
2455.18339099982
2438.94446288821
2421.88899731036
2420.22928788395
2404.98946667821
2384.75563071205
2378.84349677562
2367.60764279291
2371.7159727275
2373.52509391467
2360.32771156864
2356.37048354753
2344.22608386494
2338.8920405839
2330.40596772947
2316.41241701514
2314.9589331943
2311.19769056945
2296.26570625377
2281.38582599915
2265.44116553493
2248.2357813173
2230.57961087937
2207.44183913834
2185.09926367735
2177.1443577732
2166.38595036812
2150.65428432961
2143.15816272157
2125.74704605103
2119.15851597207
2115.528401622
2117.85073588105
2100.52878550686
2094.34334899932
2098.34017464897
2090.12429798065
2082.88626416248
2079.33314723522
2071.72180226645
2057.87475590063
2061.99994998945
2064.16230501609
2083.94890603368
2098.73492329026
2116.13580296599
2133.99452441961
2168.53533989179
2200.08701546678
2212.91312272166
2243.75504118686
2269.34643460313
2284.42155812437
2301.28011618738
2309.68257458569
2320.6788293131
2345.10620816987
2348.71729862483
2346.79144974666
2350.38781249726
2348.30692817972
2355.35454207336
2363.06579674484
2376.56621967896
2394.50170038967
2431.02640973319
2444.32064494764
2471.30303717796
2513.82370780753
2562.16698167543
2587.58676342085
2614.60434793266
2661.64831538414
2695.07284888355
2730.60534251569
2758.37682922169
2776.84841898743
2799.79876118094
2813.17837340124
2826.65270478068
2833.86906631493
2834.4297063605
2829.69996215953
2835.94306579775
2830.2511697764
2832.66803355917
2841.78967518143
2838.60320801536
2846.06019568793
2830.32213780478
2831.64053802549
2829.84409167456
2816.9815404644
2809.2091659075
2815.17275443546
2807.92499602453
2800.90015543661
2803.83580727676
2807.37821334295
2792.27058954404
2785.05166199585
2796.13467647331
2787.47834967711
2777.98139480949
2777.53613573759
2774.13434364108
2772.26060708362
2771.45146556094
2761.96118359801
2778.2038287183
2784.93248882813
2766.53887557296
2760.22900291577
2767.73025705042
2760.83212297732
2761.90061996526
2777.99132843525
2764.34110894129
2748.26487242509
2770.85029515764
2767.53714066043
2753.3118763308
2742.12935642717
2743.54417627372
2740.04972447612
2742.42651929001
2744.79877313347
2734.24763007292
2744.49679832232
2744.46626051108
2730.6816344504
2727.57775973033
2727.89013427376
2721.91134793502
2711.52289890589
2712.06641378008
2708.67561049528
2706.09879791933
2708.14850423176
2710.65656879669
2698.51337145071
2691.46028338406
2695.33616897033
2701.3341160592
2699.66798451646
2705.0433675581
2694.65306193248
2692.38541267904
2699.09019120826
2704.59188696604
2704.9189854623
2708.36438582448
2705.98725176576
2702.47438467945
2707.09158961027
2715.35383448152
2708.84936008643
2704.26415854777
2705.90114974838
2704.08942083094
2703.40860669998
2699.52301956588
2703.29919219247
2711.69743516187
2709.93123871982
2709.26209718759
2699.82838390713
2706.45001011166
2703.39478237247
2696.61659937259
2692.18641878356
2693.72383527488
2696.20404028795
2694.11620036939
2679.64549587572
2671.20316836087
2672.75962486182
2684.39575081398
2683.00473539269
2672.06587390976
2678.10111786044
2675.12504623266
2676.38291079211
2673.4731392393
2673.18902746047
2681.84344907931
2677.31106458868
2664.37352357093
2660.38491491791
2671.6707364951
2673.54738472015
2666.88765250894
2669.4239261679
2663.45478768803
2653.3682140635
2648.91012216009
2657.85602543162
2667.38060304133
2648.00066961589
2647.89276492828
2656.92750488771
2642.04222825036
2637.45106995525
2635.09352898607
2633.7161178033
2616.11811050614
2619.07019971337
2628.70540746639
2625.95521018755
2623.67296669097
2631.55333302529
2636.13085481899
2650.45149529053
2653.84192852975
2659.18008945267
2651.77657912636
2642.00885332277
2645.81732526095
2639.61541991502
2615.81747063341
2601.61276364986
2585.82121003291
2570.75085945885
2554.54063526234
2549.72024852714
2546.46760578371
2551.58999700385
2545.98187831514
2563.79586952959
2573.5568313978
2583.04346521075
2587.62975459269
2593.88646100471
2603.2433241825
2600.42095009981
2593.81418608758
2580.69367800454
2582.91985436527
2589.73145263675
2585.99589189248
2581.83077137569
2597.90672474835
2589.97608547969
2581.0864754818
2572.13190546976
2562.01245988382
2551.25955581923
2536.93787101142
2536.57408616837
2516.48313361862
2503.70324819652
2484.90067293859
2453.88014828196
2442.13025262704
2428.98248185969
2411.07441539012
2415.51296815804
2404.96694566799
2387.98404062753
2390.3612155498
2386.32160130513
2383.71480308636
2373.96592740403
2363.99492704692
2369.83265173224
2357.78588373076
2335.01894828551
2333.02784442981
2323.10460024516
2308.0112400315
2292.42716095214
2289.31189120474
2271.75172547836
2250.07311613885
2228.95736021929
2206.61153634494
2193.77214384615
2186.00979896597
2172.21389792895
2158.45847795841
2149.4427608086
2154.14630376011
