1000
468.000086551317
747.118600804736
864.957025744886
920.957238729329
950.802045070272
972.499246351506
987.999935994686
992.126391710633
1007.94134296746
1005.72699306905
1012.42413958138
1015.61902915296
1017.16888385666
1016.82164988285
1020.74197788275
1016.11988371864
1013.56428614731
1013.29692581872
1014.38132284133
1023.8455654036
1027.66870030945
1030.17595888687
1025.25052056431
1019.23164224846
1020.20967972997
1031.5231722582
1025.90483890624
1020.93171975677
1026.65882826769
1019.85275739944
1019.08772453048
1027.92100761865
1020.83758946008
1021.03552087704
1025.28639448907
1019.44750806535
1022.44944033228
1027.73187611905
1025.53763435149
1027.04158117479
1029.77644035068
1022.05405457926
1016.96352332934
2259.58995583733
4165.67621163691
4715.31031945726
4918.18578616627
5031.97756971381
5080.84849258872
5126.35075234102
5188.45057780305
5206.97169750694
5222.86460590062
5234.1395919431
5244.72873932539
5222.67166088157
5202.93675200285
5211.7657926556
5218.29772230458
5221.54797700528
5197.0849196046
5175.88984446227
5224.11678311443
5226.39062128518
5250.11628396504
5235.30193591589
5236.12746236441
5259.4215597275
5271.99698974973
5251.80076894246
5223.82463697711
5209.13134759809
5241.21865073143
5255.60498100436
5224.7691465369
5160.44270403889
5160.88381536491
5228.9400161787
5252.76493836533
5225.20492495268
5213.27877161479
5231.54666854482
5271.04279754905
5244.63175692285
5222.26838556034
5244.0813136616
5176.18299106612
5198.1283236225
5201.95623012012
5176.22721293848
5242.46293087455
5232.82937085046
5213.8489805176
5216.04770522304
5198.82202205158
5221.42107476617
5221.90059701339
5235.31749044715
5237.59679218544
5200.11219368168
5177.15881079585
5218.74693626901
5254.7812837198
5234.19509916822
5177.8538530575
5173.43121178002
5227.01921608066
5231.28367969943
5196.71392578967
5210.60997253277
5189.72595991987
5231.56447627656
5249.09507217978
5219.5428326227
5227.23465987832
5244.10953543254
5233.96809095909
5245.18486914379
5240.64578515111
5205.19782025515
5246.01998569518
5228.50315954089
5229.36659003383
5238.79391997029
5216.89423039228
5239.47276591644
5205.16292131284
5154.39349585679
5175.64652872664
5213.80694523832
5237.25167369148
5259.08854730977
5264.2078546693
2661.51268761923
1406.4824792064
1152.72754435968
1081.98346029686
1058.59528416691
1046.09098902281
1040.30949485683
1031.46217469717
1021.60888444519
1023.08780181542
1025.49918907417
1021.48601875949
1022.62558243136
1033.09868385291
1028.54481127416
1026.80827730668
1032.97590713809
1032.08345243429
1027.11524882408
1021.70464999937
1020.62822481793
1018.65584018284
1025.6796098346
1033.66288509734
1025.30743571448
1026.17908278468
1018.44305470576
1014.92575715619
1026.08200509696
1035.13534117594
1022.28525596698
1018.04778551545
1016.74388715383
1030.51051370126
1029.5345530304
1022.43116800816
1022.97568433549
1020.83455848586
1022.2336293703
1022.1531084571
1026.51667795539
1025.95157467645
1032.552783051
1033.63840328455
1017.14190835027
