1000
491.883495907396
781.895714641004
910.671819112281
962.388518434274
995.436324312229
1018.08800638124
1032.04332271252
1044.99747155898
1044.17094734421
1042.16224171441
1041.27075620664
1037.29138903709
1046.94023186914
1044.21836327809
1039.77314434457
1050.58458813149
1056.75087726076
1045.96901082575
1046.42245596827
1056.97053654228
1047.0309728894
1045.27214761485
1054.146673389
1045.60189563987
1053.63543763267
1058.75815756399
1042.73030288023
1042.32764920777
1053.72437667143
1052.07960897701
1047.08256299381
1055.71361150977
1050.68506037184
1047.22636287088
1050.82811186306
1051.66896311218
1051.26889756377
1056.65074018029
1050.90793461207
1041.98529146781
1049.63649782178
1055.71805853937
1051.77787518099
2303.72003542727
4215.470678647
4765.74071301881
4986.47236175479
5125.80284125405
5251.83668540844
5310.25400728973
5309.78311326043
5272.4458210374
5278.17075672857
5371.03686505325
5379.97051315877
5387.56478210431
5372.42954074031
5307.97964192857
5337.52708481693
5412.65441441585
5383.81470830098
5370.05964692778
5354.65407492273
5317.02017946626
5303.24268414964
5334.95652542854
5385.78735884929
5372.38150877136
5386.79419645124
5372.58174493002
5346.66810469029
5362.5633046145
5380.41070088083
5365.17361374098
5381.61387880592
5333.22222329438
5349.49718420962
5367.32860601031
5329.92197515153
5373.21232478173
5353.45587869699
5334.12764216572
5338.04647680197
5358.08908418824
5390.10435939918
5332.89730810822
5348.99571187361
5373.68178169067
5335.78693844411
5301.55640465976
5330.42396293853
5345.40146144926
5344.5694945187
5348.05414564016
5315.27304328474
5390.15480528459
5400.39871865227
5393.14186217548
5342.35419077521
5356.44882628346
5345.71287344663
5336.8886762299
5372.38491318478
5342.63812577488
5328.13517840989
5336.94615804153
5335.82668461087
5340.78540213158
5394.69413838204
5363.68219339287
5324.41005174579
5376.20235869768
5387.18485182638
5371.11728347746
5358.99492030664
5341.97349944899
5395.36492074247
5404.49010683107
5361.83663116713
5370.11209251673
5356.09575977119
5337.22654841895
5373.93740970005
5320.19276127758
5326.4372081459
5365.64504237246
5332.03876965895
5339.65069029787
5331.01939223222
5343.96975142501
5385.67639325412
5395.53108540662
5349.24178867386
2718.04870613459
1459.09006334637
1192.12069560953
1110.06398548622
1090.32809438607
1069.22169590633
1070.98623746004
1067.07398420137
1056.35486839555
1052.87695558846
1056.2449637778
1054.05243735836
1051.06229093335
1042.68530647831
1054.50322254053
1057.97986328438
1051.56812571116
1054.06545800901
1057.0812195634
1056.57929200361
1051.09878051559
1048.74390990037
1044.15038858976
1048.61000228093
1046.51753543545
1040.47526834298
1046.67936852337
1057.71221280633
1046.83714950096
1045.67780510001
1048.22514851356
1051.43910615742
1051.92559740322
1055.14242962558
1044.01895633424
1044.29802718929
1056.31381591356
1047.82922021797
1045.28698733788
1052.91216033758
1055.51861359105
1053.02528236222
1049.0952150937
1044.52970518387
1044.36101533507
