1000
520.148040492241
806.391902605115
918.379594630266
965.599251124776
996.256784973147
1017.4929004262
1031.93999827175
1036.62445373184
1044.16389232252
1050.49792240798
1046.4200722384
1055.94394450369
1062.80140216378
1059.045701852
1050.7097917592
1052.63526337083
1056.87292935427
1062.88286886363
1063.02922835465
1070.94811037296
1062.39676877263
1061.80657167088
1062.51097384919
1061.41466747052
1068.91061958159
1065.15198964931
1067.73034628061
1067.88327717406
1063.7844877293
1062.26272185176
1069.68879563991
1068.62948789824
1056.08514753078
1057.42857062891
1064.33909899297
1070.20216419775
1073.43770864656
1063.00009912327
1066.24921617633
1067.29399324016
1065.85196040338
1062.84261272538
1061.77014471642
2338.30360929882
4348.64007797693
4956.363530483
5217.99313142992
5371.48701847107
5431.7960202095
5522.9461218149
5523.68241967248
5517.59679203402
5578.79858392715
5558.33760898273
5538.55398612653
5590.37292153901
5559.46175157919
5543.99443607993
5560.28323888939
5601.58567757754
5626.83395842597
5617.97500519574
5611.21987531442
5610.63466041677
5586.69164937283
5599.37933603386
5606.10103793104
5608.39077318359
5547.59104974613
5525.24405546521
5620.80365434306
5594.93989229367
5541.95384464344
5566.06148195277
5640.87249826236
5678.44238557203
5635.97982394077
5624.55010373312
5636.29700164782
5559.72278153381
5575.11205809876
5613.56380564667
5625.66356218888
5615.95125651498
5562.164410824
5617.78482758688
5643.25529225104
5627.87115172081
5569.35395916039
5609.58970575625
5565.59151595904
5524.78539173406
5586.55349951484
5568.32172911827
5638.76969861525
5633.17097320179
5570.48345293136
5584.67730528304
5595.46484483168
5640.98050048508
5632.75470840292
5595.96882461074
5551.91004518602
5572.85914346328
5595.41827740215
5550.93943041761
5561.48830654752
5644.66724582989
5605.1958064633
5600.75260246115
5569.83647050482
5524.58713262233
5616.81102948373
5592.75888419306
5543.32979365299
5625.61160285153
5661.94810009676
5589.84494966436
5571.34302449252
5557.33355516158
5574.00597603128
5645.80785318025
5603.9289397497
5555.50837710163
5548.08439082361
5598.99582923209
5628.97433269488
5633.513897843
5645.84794606108
5661.03301449749
5626.33197072195
5609.62791161431
5617.91971507444
2785.46581667861
1483.55886104332
1213.32376545829
1127.24931973981
1104.4852169903
1105.77243324198
1080.46429920568
1071.11344266883
1082.62755700318
1070.561573412
1070.21388290172
1068.55039400861
1067.4404161265
1066.5251830031
1069.43634877169
1070.06146387751
1071.6968628882
1067.71594717986
1069.87118194423
1070.41089398534
1064.74270689175
1066.57114324981
1062.58224662515
1059.89433699106
1058.19765678316
1063.63370081268
1071.52725011095
1076.15710285429
1073.91619846385
1061.66243348125
1059.27832737411
1067.78108763715
1066.84976422463
1059.21220744976
1069.95958277198
1071.58403188064
1069.17523130489
1064.81992323059
1057.43035837267
1064.74565189372
1062.77464162597
1066.73553783288
1067.84126233197
1060.95757235782
1063.12699182518
