1000
1654.88943452213
1861.65828228464
1984.18413840116
2113.9379611805
2114.22461141919
2162.38176111234
2207.74048761151
2282.92543199064
2232.1187166292
2184.91435082387
2232.73568612737
2174.50381373855
2195.0381301074
2217.60966884737
2196.98624105272
2215.57139295285
2248.66959496457
2220.73855638552
2180.7381684652
2181.65846782492
2230.70378584037
2196.08011474934
2176.51955868212
2156.15599979871
2157.12029015518
2153.73309700731
2134.57858968106
2135.96715441153
2124.50087057083
2098.30108321403
2113.47118323534
2118.30371094858
2114.78941785952
2125.15607511384
2130.45595223861
2120.17087137563
2097.69015321606
2109.54713036049
2127.91108915331
2106.47726307253
2100.5849323248
2109.06640323101
2141.55511670022
2143.88443921757
2123.50988308149
2161.51132443605
2166.23505070228
2169.38055897839
2158.28515102173
2146.47545364666
2188.7978808359
2186.95664429763
2202.20061217865
2219.25681717437
2207.82393274463
2215.37937823068
2228.36103055351
2220.15746585927
2234.29442626904
2232.55674180937
2225.23128441072
2236.6990223743
2254.39705893756
2262.71809778084
2251.21327436037
2259.10063781264
2266.66215301975
2277.9729115746
2296.71354269943
2302.17681160157
2310.77470547496
2326.40556401721
2347.1342649788
2338.44779760257
2493.19590419417
2414.60044510086
2331.00574394144
2375.52083051752
2397.53019821774
2423.1155192081
2447.76643016369
2455.11245449926
2457.41132009655
2475.83164592382
2497.06505503073
2520.41022187806
2540.8706719217
2543.54743321927
2566.9269493126
2594.86115363864
2599.1252133103
2611.14050432205
2654.01437074162
2710.59992750328
2751.11762995915
2807.78902705275
2875.50627632077
2925.70131713055
2985.46362599806
3045.47240775802
3132.19180290368
3228.9405878905
3352.47501232741
3415.94089472997
3411.49533677915
3389.69488376714
3361.27087125232
3345.69055803353
3339.76697808143
3342.40656629955
3339.17766516734
3341.64714053193
3330.63958156398
3331.59143744912
3333.22878325154
3345.56858553738
3348.74027775435
3341.93980781961
3334.85139693904
3328.96465137068
3324.0300206393
3317.04807920047
3313.54392002412
3300.6250156038
3293.35518164983
3279.47090770163
3352.05674969759
3459.85982768708
3569.9465562627
3670.9254896076
3717.10143168377
3710.21014321092
3683.22343257254
3659.22258063056
3636.61673858517
3580.85110794904
3545.43863220262
3528.81414261924
3492.71989742624
3442.82561555115
3402.06676959403
3363.06801582855
3313.62907756335
3264.66686111778
3215.05771650155
3165.91888036597
3114.68013134795
3063.04767522832
3008.14158694702
2963.47138709822
2917.59671356422
2880.2517195535
2848.61008181488
2806.62236518795
2757.26347821045
2728.62638081906
2694.65171243879
2660.93261269628
2624.52260213179
2580.56323791257
2541.37693207117
2523.6762208416
2500.76654153118
2472.52483945635
2447.96714008566
2432.83078880756
2414.05729895272
2381.96609319069
2359.16312313991
2335.65834770411
2316.03386492113
2297.48562406676
2279.74773970072
2263.94413800473
2253.90560887463
2249.59874443366
2253.14618024559
2252.37434766578
2250.8239078917
2251.39416955212
2250.14669371618
2242.46456842257
2242.3996630881
2241.33203660394
2223.42607677913
2211.32697608153
2191.14491391607
2175.28342233034
2158.26121555384
2147.31522758481
2134.04957360942
2105.07395417407
2078.0499699418
2054.29621338285
2034.97971493296
2013.26869666282
1996.44763934949
1986.65057296004
1970.31907427613
1957.61550860807
1941.98766533465
1922.79095338259
1919.80652778263
1907.38982783721
1892.55789469808
1879.76208676155
1874.14075841779
1866.39974666559
1856.63749364515
1845.93707528772
1839.80193324168
1839.23910017895
1836.29739828378
1824.83262578336
1815.68631845468
1812.23234079151
1805.3041479514
1801.15511039494
1798.16473742563
1789.53815582871
1783.83988913491
1780.77607193165
1779.43547398329
1775.24574337022
1770.55031553548
1774.163571526
1776.1943316296
1773.68145443409
1774.25056058635
1775.99072671517
1770.94109576675
1772.75231542946
1768.7690644598
1762.69153336381
1760.00976823788
1762.03078458099
1758.88723601056
1753.8109987909
1751.1725928655
1751.41488753679
1749.25434961125
1739.1455763889
1737.06250065538
1737.59745220163
1731.67752556868
1732.3091310165
1728.16168715357
1728.3697988415
1725.19840873836
1722.42814613478
1721.24610890902
1717.0223077587
1716.30664878878
1716.09733700721
1712.56825401663
1714.37304444242
1712.57325688836
1709.61512885408
1706.40371048478
1706.31273826597
1705.07715065187
1700.40450681885
1702.3359869399
1705.99360882755
1701.18061939708
1701.84731616706
1709.98048133306
1706.80517172861
1701.24070729041
1703.02567692302
1709.45950050447
1708.04315819162
1704.33438698557
1698.9222474053
1705.7004094986
1719.27767535141
1725.50152223533
1719.87088659713
1725.35005538832
1730.29523311138
1732.68989215989
1733.27281100478
1739.75413936368
1744.0226332023
1749.16742191187
1754.85672469696
1762.94496126051
1770.69041240671
1781.17973309725
1794.82483509365
1805.97778011314
1817.783060145
1827.33829925618
1838.9477499448
1848.04678301517
1859.07792019683
1881.42097237847
1889.34789689155
1907.60057769162
1923.03183108184
1928.57692126182
1947.80238559686
1959.33424286261
1980.72717263199
1992.39661116959
2002.60847121553
2021.34651567666
2033.02406331377
2031.25420869261
2033.3314229034
2037.41095430281
2037.13513307117
2042.43270280139
2041.29135940486
2045.85399745083
2049.82566864575
2045.63515168541
2043.54377216165
2043.83664271295
2049.80891703253
2057.56898553841
2057.76680247464
2059.21438579888
2070.58824228735
2066.59708508359
2069.63512079094
2080.26769517829
2086.46507513324
2086.90764690892
2103.31960394635
2115.46650590431
2126.52932340534
2143.20960497958
2152.76944817228
2174.18940442898
2191.52842540914
2210.78135885716
2222.74487416499
2246.53198522337
2258.57149260506
2275.97078304376
2295.92359309978
2315.5858525654
2333.5052852341
2349.87979988972
2359.87649267707
2358.96344039893
2357.04764047273
2360.46049794599
2356.5557891436
2361.94720141473
2362.11808601701
2354.32545865222
2342.17486863232
2339.04996458577
2350.78908635208
2351.89752233172
2356.56787094333
2356.85250139915
2367.62568700155
2366.98744574321
2368.93238127579
2368.15502132971
2367.06876215607
2366.92813105271
2375.10091947853
2392.87512021163
2400.83452497328
2404.6503427428
2403.03199281321
2409.82403650927
2414.91616627151
2425.21251330193
2432.21573211938
2438.81785511623
2448.20240323745
2451.35978815586
2456.31278702094
2451.6255053644
2443.22228344975
2432.30261793875
2426.75460487762
2426.42631608612
2427.84934879184
2444.11269134655
2481.22793635256
2532.02225037995
2597.13979262219
2634.76006565931
2645.88883189921
2636.57211600301
2625.06058027002
2609.47362573387
2593.80137777749
2577.04103347516
2568.25881167935
2549.68628570743
2530.90815030698
2516.50688971604
2502.47718869279
2482.74732783557
2467.49670818048
2464.91385378374
2450.43479433722
2440.51248581428
2425.69066309472
2424.72972371332
2415.63421180728
2394.27248196408
2375.84292967498
2370.17397887246
2363.29092522742
2354.06702730445
2343.87134730642
2323.50939129903
2290.35824366165
2277.4894676108
2259.35984098296
2242.64892184364
2226.55073359102
2206.49997397709
2180.37318074131
2164.6654933215
2151.62220071749
2134.77110517619
2119.39387236503
2106.61717298283
2100.24543965859
2090.43292193513
2087.3030535648
2087.55004336038
2089.19037919736
2096.09926087395
2114.46869182064
2130.56886710021
2137.84609764888
2145.73493332924
2141.05633190797
2137.47450882072
2131.11179622157
2127.76191682309
2117.89740401595
2096.54481115466
2071.40075953833
2050.68657148692
2031.56178131096
2000.51770645846
1975.52387773566
1948.63681047835
1921.91810706978
1906.47686919579
1890.97366796707
1873.75719243615
1859.70296479169
1853.34757162745
1842.95945347036
1831.85527682804
1836.10876427083
1828.92901919253
1811.83090090981
1803.9444862762
1796.79519389207
1787.81715832858
1771.83857898143
1764.56357390932
1764.60064322043
1754.69857019621
1740.71292418656
1730.82674198376
1727.91407702858
1725.77461827401
1716.55391768066
1709.23823001895
1699.97515381592
1697.26906046233
1690.09117246812
1686.20502370849
1682.71916150694
1676.7632897325
1675.78389426959
1671.37564009264
1670.85949944835
1669.83363057102
1673.49153800581
1671.74330261492
1669.06224711799
1671.6583105049
1671.05636542143
1669.12350506878
1668.99283333879
1668.8119459747
1664.51061812885
1661.03891839848
1659.03680779707
1658.54337166809
1661.1105690726
1658.6140782773
1655.66103146751
1652.77224681651
1655.90176736044
1648.32891966104
1646.91851567804
1645.68045308928
1643.40158667349
1642.64444490148
1644.0202909038
1639.18363712936
1635.19861671996
1634.03391036596
1631.37354506466
1641.55280471476
1639.06333893068
1634.55437324292
1636.11344581921
1638.97539304392
1632.12221987866
1626.25467369762
1631.76248599192
1639.38004038144
1638.65607623889
1644.21623353129
1648.22864853692
1653.82128226446
1653.86450214552
1653.09564918852
1656.56297101489
1664.64302463562
1664.52160294963
1665.21347964072
1675.66711951861
1680.69449275528
1682.00411933177
1693.73134689944
1706.63747917493
1717.89173016876
1724.88072889409
1732.90930388023
1760.37552643957
1780.08545275738
1787.94398659975
1791.88194105895
1808.80292655132
1831.43616229744
1851.53110649221
1858.68395862684
1875.22906927489
1893.59209471408
1909.35012889472
1933.76476348297
1941.86297821008
1956.56900371724
1982.85356760306
2003.02624074899
2005.19467000925
2015.51793787635
2022.85994754729
2012.58805725691
2009.24316844314
2011.88337205766
2011.82529421454
2012.34862309735
2018.1888240928
2015.11996557943
2015.80398734753
2029.33114146874
2025.95863268948
2030.67407805477
2027.30411165114
2038.32501543883
2051.80897082586
2054.84936686156
2060.56792062726
2072.11378605552
2082.37230985567
2100.6053452528
2108.01768820263
2119.0909899139
2130.97993669268
2132.86049874431
2141.80384469982
2146.39448847103
2141.91665456642
2139.62643503423
2140.23081284033
2155.62833870507
2152.45914892705
2153.19629788624
2156.31679202596
2159.42466152541
2159.27242887073
2167.25973071167
2167.10894560048
2175.44893902167
2178.45187495079
2172.56830180033
2174.73394565842
2180.55184865428
2177.14028861257
2180.35625167964
2186.80715819539
2193.98886944746
2204.98364383061
2213.3364729733
2222.94825455175
2221.98483476859
2234.26585871263
2236.99825372669
2240.04882416992
2241.79880345089
2241.24422404321
2253.65190784789
2264.55610197507
2265.30240529561
2271.79005492607
2278.59751650644
2277.85431074232
2277.07193913837
2276.22193773453
2283.67279437944
2294.07195275704
2304.36015881958
2310.55043359116
2315.38473674927
2325.93476294338
2319.09660916178
2320.36467838806
2323.84320503496
2320.7153699931
2322.43765981333
2324.68340482492
2328.19891920737
2331.07900308118
2325.06645639854
2328.66085433277
2332.7162087676
2348.15689427771
2382.31964951435
2448.77771992309
2491.38217914722
2520.74749198244
2526.18394297979
2522.99726494819
2509.91835884326
2501.7276397272
2494.50638636616
2478.81812995996
2464.82361922556
2456.724640068
2450.5131517785
2440.46288345153
2421.3344953985
2405.20372552107
2386.16158616651
2365.38398627343
2354.02953547915
2329.45826436114
2313.87195051605
2288.52580216871
2280.11901998322
2273.85367845348
2261.70447292157
2247.55065933986
2233.27956658681
2228.97444043941
2235.71552279565
2227.28630220573
2221.44384562517
2222.36082590628
2217.04795584084
2211.54477653785
2195.4971012279
2174.4731018492
2170.9747599277
2154.11031015757
2132.30912801102
2123.21074867058
2104.82825076937
2096.16326893478
2086.97920675011
2084.66130404572
2084.49604818858
2096.32632058926
2109.1231976989
2124.32079848169
2134.05921230074
2136.7365942378
2145.77694872518
2152.61823360188
2148.78061664324
2145.26114694084
2134.60216742446
2121.25814337129
2098.32096276998
2086.51690796386
2066.57755364839
2041.06869890928
1999.18718361465
1970.77123640353
1942.99387270927
1920.32618433014
1897.57477872599
1877.12894601156
1862.71974338994
1849.69898457117
1840.00176432991
1833.38302734816
1825.5636702967
1818.53888538716
1821.42000854387
1812.95117076661
1813.06255767633
1805.61083353327
1793.18063093441
1786.9125553972
1780.55151820646
1770.27960550863
1758.42076615912
1751.08462427049
1753.29708046654
1744.90394769919
1737.70527035915
1731.72497385034
1722.20109128608
1713.90927961937
1713.04822113465
1713.08769951383
1709.45106422008
1705.79774264171
1709.31178694084
1709.63691363779
1704.00244137227
1699.36664024082
1695.0512964909
1690.8068493717
1686.01404071621
1690.61219760925
1692.42927059793
1688.70919280667
1687.51408967005
1690.50641586094
1682.39499870155
1677.18618959446
1675.34339392896
1678.05342692046
1676.36684826879
1675.55603228827
1674.50999802014
1671.70081707963
1676.46872170076
1677.56065028519
1677.67598303916
1678.11867260571
1677.54614946768
1677.35753530353
1687.27444685997
1703.30277016755
1712.88908802742
1715.52756230208
1715.86667495448
1717.96914960247
1712.57018759001
1712.46658828171
1704.46760775875
1700.79412927108
1700.40186001227
1703.621474594
1701.62892337995
1704.87830400527
1713.0985123201
1716.04953804395
1724.03927318913
1726.02687259573
1725.95172329678
1731.75480881054
1734.72757164084
1735.311308097
1742.43905398312
1746.75194583824
1749.02079661217
1765.00746754173
1767.90958568721
1777.2582871735
1789.92400477577
1798.62758045069
1808.85945973678
1816.23750842552
1831.69175745917
1849.13536581866
1863.51944344104
1873.10792957939
1896.96894965868
1910.19153262507
1922.35036186084
1940.48998221507
1958.89881478697
1976.17308531863
1996.42638835777
2015.19460229755
2027.48328754935
2042.66352256963
2060.86393704115
2069.70471855353
2082.64215183766
2092.22504522535
2095.08061012295
2098.59323750664
2096.36905580818
2098.64521735762
2097.22405769816
2096.28129176186
2098.3976835406
2103.20892781212
2105.19379685521
2108.4762972186
2115.86359243536
2132.60098304234
2143.48511075231
2147.40411523337
2159.98204705069
2173.222133466
2173.42754134729
2182.33357281583
2194.63923771442
2205.03477873262
2217.06126695509
2216.50829344006
2224.8066590822
2226.23203848042
2228.44639317808
2241.41620181631
2249.03147192577
2247.16381315103
2251.5278780258
2259.35517367024
2262.44383938447
2271.28620196024
2272.13655662248
2275.97997011048
2279.29400124833
2292.43119907315
2292.17992625359
2296.4094300646
2311.86052920093
2322.14306194196
2329.68543102891
2336.12765918732
2347.31836088606
2352.83978823315
2355.64129401419
2358.21174443183
2361.13335157823
2368.22016246902
2375.5649217818
2382.65235467905
2393.8670793952
2414.5794444971
2419.8976834814
2425.55490067516
2434.43713551695
2441.29293532691
2456.03391673605
2467.3801499364
2476.52238308186
2487.70268222041
2489.73810328216
2491.55447277691
2497.562444764
2510.35060865624
2515.46181976976
2527.75762270843
2533.03066976624
2531.87395917345
2527.65528388267
2527.54234739773
2521.09958408162
2525.35286485806
2532.03018799342
2525.80576056337
2531.36759879087
2533.1686031548
2529.42039846046
2526.1787306838
2526.93694790475
2535.763523516
2544.18879281533
2591.37043786313
2658.3325129971
2709.40669429346
2723.54338013085
2722.79189226952
2723.02934069538
2711.33261266013
2691.61240424849
2672.80590637425
2661.45108511523
2645.43020283961
2625.39941905468
2609.26249789469
2600.93338908093
2587.92461221092
2570.6290561747
2550.0043327782
2529.21108806283
2513.75024685211
2482.66429501385
2464.59112522128
2451.25582621185
2435.72530741941
2423.44945666088
2401.8366716375
2395.00610804515
2384.37774483728
2365.88185862266
2363.57535670582
2361.3867052055
2351.78420134227
2342.96016821265
2332.52723804675
2319.45907842092
2313.59163612535
2299.53478563633
2287.41463115945
2273.65167479087
2269.91638786199
2252.19815052125
2240.06843874251
2235.26631667838
2229.18398468728
2225.68744353733
2228.7853663812
2234.44445093278
2251.77801996346
2268.49491041394
2275.19807071994
2288.96738109783
2296.49505217078
2286.7184813752
2288.07508626609
2278.47180714917
2272.26614857051
2256.08206549353
2230.4787643937
2210.39118988149
2184.83445043926
2154.20272682026
2122.38002044517
2095.41874844592
2066.0731773085
2031.24120341887
2006.03015622299
1992.6807736193
1972.66256488241
1961.97262997085
1950.27067056726
1937.12302420792
1931.50792724633
1926.72851264622
1922.08138508159
1921.21166418494
1910.80993529355
1899.34720467959
1896.01081548278
1884.71334833252
1880.07171295025
1871.00107527109
1858.74060439648
1848.97854168197
1835.3594365894
1822.75090454979
1821.80971224946
1815.65648430051
1799.93026786652
1795.50113782608
1790.84341077021
1786.90199013599
1788.31037639441
1793.07988892965
1781.00729865119
1780.10152408436
1778.32425283514
1771.75789689182
1754.18612832371
1744.76301106643
1746.04911279051
1742.12400581443
1745.23295131912
1742.98913604089
1737.29915713528
1737.75984415891
1738.64674570132
1736.85960294794
1733.33466422854
1733.41741892237
1731.32600137408
1726.17626537858
1730.38479496742
1725.46559147944
1724.35829966709
1721.9883247555
1717.21695208195
1721.61530110092
1721.33926975724
1715.08519508472
1714.8894064246
1717.60030863409
1716.16673782528
1714.42813875605
1712.52090734741
1713.9204557831
1711.62874212438
1710.2575577383
1708.89197677579
1712.4334840919
1714.16568403426
1714.51702404535
1713.12595014763
1708.18738550195
1710.37500861123
1712.81438094002
1711.7069480684
1712.72788965329
1713.11904506214
1710.86864652794
1712.72456466878
1707.12131074387
1706.06517160021
1713.89399769584
1713.57943143012
1710.52606156999
1705.47511120113
1720.79866401964
1726.56459300638
1724.48623284817
1732.97025662581
1735.4701075471
1739.59506315988
1745.43046168443
1747.17850883622
1748.83847561434
1753.35286510449
1761.00370197393
1763.45685094345
1770.86263912131
1780.9033051361
1786.47910166094
1794.4512220643
1809.52261303274
1813.57044281446
1819.7956654829
1832.14286843308
1851.202289057
1867.55235412513
1879.85563990896
1886.61592353565
1908.00456868292
1921.3881493757
1935.51857782442
1956.9187601173
1968.65580545742
1984.97352832299
2003.70518984823
2017.8646274202
2031.93846128319
2050.51672480657
2069.96938305006
2082.7924454557
2084.71661965428
2092.11149798964
2092.73146661107
2094.57614782166
2104.84685069895
2097.56100995461
2093.49134538485
2094.27064968647
2099.74669004437
2106.77297934092
2106.21140981212
2116.33312300529
2138.7293792493
2147.12538251323
2150.53220371065
2164.79816780403
2163.8877397767
2173.8790821332
2189.59367319041
2202.2815904734
2202.61202031949
2206.88931802411
2214.77161569051
2226.1474883002
2228.56281270644
2230.09116791961
2227.09505175362
2228.1941496834
2234.72956264473
2249.79544544604
2249.5237428867
2250.34824590465
2250.51737610963
2253.11168090146
2268.80521942304
2279.30611377283
2279.88768050343
2294.17211362884
2305.54282148275
2304.72123411462
2315.8413101492
2321.64213382798
2339.06353996435
2336.36510384248
2338.88855662065
2347.28251473539
2352.12498127236
2359.95700887015
2372.7462274129
2382.23578553504
2390.35890113286
2399.78484400913
2414.53193161415
2427.77089752966
2431.65265984712
2433.6407584627
2450.09669860265
2463.15970457621
2469.41971299484
2477.54871509405
2484.5027554319
2481.20920874745
2483.41788304032
2488.51531698174
2492.58146864954
2488.71691511224
2490.53098477148
2495.23122736791
2501.42202706922
2500.02753711643
2491.4704312435
2491.58472848783
2499.62679121649
2497.87759472733
2498.42799928812
2491.47559473944
2489.93678476987
2493.27696031886
2494.22730817198
2489.34791855732
2481.73541521323
2492.50541843385
2498.59771437074
2492.47047041385
2489.57623412225
2487.79544642054
2483.1652034676
2482.31962525003
2491.43303989604
2494.83396854121
2487.53551510915
2486.48775147923
2494.65325869153
2492.24984827665
2486.31551795964
2483.36407164656
2479.04655842232
2485.42275865554
2487.57540940606
2475.07723418632
2479.91234224656
2484.24353032974
2490.06211336699
2484.90379915825
2486.06174475213
2490.82405498768
2489.43602090479
2480.21641676472
2485.98286877776
2477.10025130199
2475.7182315344
2483.66874584934
2481.1097542432
2477.14434756221
2485.69414441832
2481.06443754808
2479.6990936032
2483.03972500177
2481.54803745953
2483.07215606877
2483.42933934138
2480.55870641491
2483.78162974056
2480.23051781908
2469.38943008389
2478.84937742824
2478.57955974739
2479.76918486623
2479.34336307193
2478.85518964692
2479.77788039902
2482.87981532775
2478.42994419781
2473.84898476489
2479.18602793779
2474.91579081453
2478.57896965985
2480.55190572929
2474.87626430841
2477.92709440039
2488.77032490016
2480.01052102607
2480.98873349934
2476.80075334101
2471.32479648955
2477.36336942871
2473.97508975675
2473.9049663864
2478.75934977442
2478.71592812918
2475.30132817296
2475.77761587172
2481.8288013463
2483.64227951236
2476.38735871196
2470.90316052031
2480.98377738957
2481.10426751735
2473.94620077278
2471.27806607244
2479.39868370181
2480.28802628751
2473.23200922877
2482.16598719214
2474.61609909009
2484.13015525474
2479.59579916325
2477.912956083
2480.70182814682
2477.63956119848
2480.95384886482
2477.2592131704
2481.70088734322
2474.26175839101
2470.78242392901
2477.68866743697
2515.46596728493
2579.18924652697
2636.03646743527
2669.44138659972
2682.87703426485
2672.53470641238
2657.34253683959
2642.24416290974
2631.93641898527
2609.0133378962
2586.81544155603
2574.86902926659
2559.8658518578
2547.22952459314
2531.04954036743
2511.90468809759
2495.28261797023
2478.37616495662
2464.05302658651
2454.53549717008
2437.62344813057
2420.13621528351
2397.46829774408
2384.66619329284
2373.5465359678
2363.47852754748
2348.02532606146
2335.80564681674
2330.40300749335
2326.98729745536
2322.43091989764
2316.88475222007
2308.36047278894
2294.00075261431
2278.95529082879
2271.3934922033
2260.53131080121
2247.32665013367
2236.94534386865
2226.00253074021
2220.0225787361
2207.96325504415
2211.83875000097
2211.73767057652
2217.77557134763
2224.41580049687
2229.47594015413
2233.43610843567
2245.25981898044
2252.04257141695
2249.3192366552
2241.69232681084
2241.99292143147
2232.29873475824
2220.13270190672
2201.83983467294
2191.78828605802
2176.63506049064
2155.88703817807
2131.05407190255
2106.77727553573
2081.07065954688
2055.23712828968
2031.241151282
2013.57542772048
1988.80133220948
1966.63547663148
1955.20622163231
1949.7203148966
1939.73900431536
1931.38913523326
1922.65795954936
1918.74738755928
1914.34099215668
1913.09761060114
1903.67355274765
1895.43929940269
1890.63812627732
1886.21107677202
1884.05674239748
1873.03947287882
1852.6476369716
1847.74101705373
1843.25600061572
1839.32224515755
1827.76576317709
1821.8335278371
1817.10299825154
1806.2555179064
1798.92069375904
1792.12711373401
1784.53624236674
1779.3208441015
1782.53622699396
1770.64790159639
1766.82671762793
1768.24196739429
1753.76641449195
1753.52893779536
1753.4061116569
1747.40796014732
1749.63216981836
1746.09551380823
1746.88652310555
1748.80903310181
1748.78460675892
1739.47175981268
1737.28738473509
1741.51893972349
1744.48939311531
1739.7562497342
1735.03353768396
1728.79912531739
1731.56608867071
1732.69485778827
1731.023866419
1732.62680875416
1732.06855253182
1726.35386067235
1725.25928994007
1725.87947818635
1730.60710248747
1726.97280474315
1722.62009453278
1716.06369869547
1723.26037632636
1724.45190179221
1729.16846790648
1730.69480579999
1738.78990929377
1741.13608662572
1732.32167406605
1739.94303334397
1743.23430362898
1747.57127778995
1754.08111018511
1754.1354133442
1754.89911568785
1762.65122828117
1762.42590790832
1771.8348414277
1782.68547115368
1787.07196158678
1795.68971882441
1800.78898022959
1818.84018616975
1829.63445013006
1834.70835713212
1842.80609514784
1851.39880507602
1868.42664791435
1880.86191450846
1893.26898928851
1906.76515976522
1924.08291665178
1945.50896242181
1962.42647595408
1978.27992684652
1988.54519512323
2000.22121172203
2021.65032443173
2039.06260947753
2035.14455015402
2032.3653187947
2047.61177792194
2059.83729505322
2066.2805158003
2072.7308173147
2082.02257756254
2087.58008520923
2096.12500194587
2113.43342826931
2119.34487499683
2126.15160938657
2128.80174277361
2132.79897892769
2139.13858794343
2146.77288620686
2154.76383675801
2164.27490881671
2172.83607928314
2179.32744398754
2183.35621018293
2192.16279092628
2194.82341528828
2184.34296253963
2188.48636899675
2199.12494824848
2194.29425260863
2203.84579405581
2207.5689710058
2208.91845518463
2218.75638883965
2224.70488322313
2227.11893280034
2239.67298103833
2252.99375186965
2257.52509823436
2257.33182755909
2278.72740804199
2284.85211806166
2290.07041036659
2304.74141938261
2314.35230635546
2320.20383624268
2324.46485189161
2335.14206174835
2339.22408785399
2344.57807799378
2356.17829522408
2360.54781354891
2365.1134377899
2378.42287418914
2386.95030860625
2393.12094161943
2396.51024819645
2405.95636376573
2411.61576332858
2413.87939082272
2410.42411004152
2423.1876873678
2437.77385427886
2444.84868457502
2446.51247674843
2448.06693166333
2459.82509627192
2469.21637990703
2468.47441200536
2478.97703025814
2490.09228887008
2494.69007025022
2497.09542272875
2494.42316332612
2503.02972686249
2503.63983116814
2490.21501731247
2499.43515524633
2505.45659232728
2498.21436050689
2493.5578833107
2502.6970355356
2519.5759070815
2530.31667459068
2584.48666743819
2645.56614269446
2668.32282041585
2665.22469666096
2660.8560447408
2640.57468521954
2618.06028124528
2597.51519667574
2580.10520750642
2560.63525109481
2546.76755391728
2525.45710245681
2517.30780703361
2499.16277345739
2484.56067172959
2467.01639354076
2448.24152788108
2439.97651668436
2431.08361755641
2418.2305722744
2396.26873996966
2379.32105135045
2366.61387373845
2354.14041666185
2342.84363723328
2337.95452750696
2319.25336986276
2313.97897419475
2309.96041864651
2302.03226230061
2292.70274696418
2283.71444574685
2282.16649201534
2279.04558633292
2259.0784535763
2251.8411291971
2242.28694381679
2228.95359450317
2218.59487833255
2217.34511154569
2201.87379609349
2201.02130433752
2204.3287573368
2215.73898317055
2217.80799590378
2219.13424481407
2228.27983505288
2240.37595569792
2251.37176229219
2246.77321872975
2241.31952417932
2234.7600552316
2228.13934649209
2213.08427629177
2202.63284225672
2184.04739283251
2160.56165179077
2141.24207745829
2115.45487066046
2090.91603774024
2065.86008011532
2040.33348971493
2019.82946756203
1994.39296053854
1981.31436032121
1963.07924543064
1946.13954014933
1942.6803936311
1934.5758252455
1921.26137936895
1917.17208403608
1918.47974733355
1914.20212324426
1913.71496651167
1909.38447692557
1903.50253542781
1887.33989938744
1879.96007123222
1873.99221784236
1864.40269691509
1856.07931089045
1844.21695211324
1835.27113994456
1829.05104642741
1824.81744882148
1816.5523686873
1805.11804414687
1800.00498937776
1797.01838528338
1790.68429041337
1781.89257185911
1778.33136607323
1766.08416517718
1761.58241043438
1758.77844905101
1756.28932166627
1755.51318899424
1754.4703113368
1749.88440858586
1750.05375024515
1747.48200033417
1746.37963799207
1740.96950539365
1741.44823859896
1749.48761735836
1738.36559895453
1732.45511048047
1732.68871156344
1737.73704004575
1731.85587134665
1732.7639071743
1732.69405856794
1724.30559253059
1724.28682418285
1726.96581933796
1728.45272555342
1727.53069391058
1727.45206324372
1725.96204289135
1725.98076425514
1725.70738980311
1723.50040385464
1722.03444735502
1721.2272574813
1719.54467556521
1719.75735866622
1720.29388159468
1724.11555056951
1723.21794190925
1722.2418448418
1720.99349068287
1722.61563735283
1733.38982974319
1740.90398753237
1741.7396376234
1749.91508280448
1751.11111220939
1750.26658145337
1755.89424797496
1757.40435547278
1757.50256198652
1761.14373994135
1773.02099018123
1773.03550837288
1774.50449301436
1781.28110095859
1788.59892362129
1799.82673713502
1814.21979537384
1827.4865651579
1838.6001214065
1845.18555155015
1861.43648059194
1874.15107805067
1888.11525927305
1901.23016202355
1920.14199345744
1937.38276692398
1952.09401527714
1969.58060079125
1986.17065898739
1998.43602999052
2010.45346815688
2019.99702615078
2030.5187804741
2045.38890590618
2052.30496097988
2053.52074954998
2058.01578317249
2070.0299199536
2079.69619447034
2089.33305879868
2100.06509977365
2100.35544822807
2111.09984206233
2112.13206752946
2118.35462578488
2125.06901799186
2132.21025470897
2139.29579562814
2150.30456939682
2157.73341167382
2170.87074842862
2173.4491960503
2175.82030354231
2190.41950162182
2192.47973872923
2190.79538514911
2198.23543985221
2195.66895889114
2195.30973277806
2207.32123581437
2210.40102526245
2212.10851497075
2216.18826467496
2216.03680297452
2217.51460621219
2235.09024559603
2247.16985778446
2255.04663542251
2261.69604584282
2262.78500069932
2263.56391122439
2289.02811156433
2294.57404039795
2292.1360380522
2302.33682537976
2313.79992890706
2316.93447971858
2328.9914287652
2329.95450426307
2333.67082844555
2336.03787742365
2342.83228337826
2362.40830273501
2373.38350678794
2383.59223096074
2382.377138062
2388.87069589168
2406.37161782261
2406.01474804515
2404.64569518767
2414.12063160558
2426.24649479298
2427.82089446188
2429.7350163273
2437.41370394428
2440.17757517478
2442.8669222009
2454.01273787959
2465.09784405592
2464.2847782634
2468.54970404125
2474.20036598504
2486.87796931133
2494.42019763968
2508.08887316001
2502.94992523798
2500.01060448981
2492.96276940573
2493.22570872245
2507.66216002501
2500.56176582349
2497.68011695284
2499.1682456934
2501.66843635243
2504.05359325614
2504.72537256198
2505.86196015957
2505.92224020453
2504.99180083075
2503.60306974823
2497.09412546304
2498.03940505694
2505.00028651829
2496.26622121353
2495.95146006592
2500.15952400186
2501.33517180004
2500.05736726846
2500.3197066673
2502.98811759218
2502.28374268027
2505.89374419369
2497.64683907493
2494.55447312199
2498.64807354183
2504.54035665223
2500.59035744243
2499.19958844628
2515.97775084057
2544.0976580048
2595.9731697742
2647.00395555512
2666.76105289032
2665.21567100222
2655.06474193683
2643.80110409048
2622.51815676604
2600.3278599204
2580.01066444558
2565.94681544117
2550.94756980684
2530.28099623636
2511.47725528376
2496.00379178829
2476.32750005582
2465.86696961172
2453.52476311395
2434.04888380857
2422.91042918895
2415.92994365495
2396.08458790424
2382.52534179997
2371.68928264169
2354.50750947046
2345.69161290092
2334.63870452569
2322.27134855581
2324.63572535406
2313.75832261612
2307.23851687537
2294.23547320082
2293.88022886071
2279.46545362455
2268.36977998216
2255.69849125727
2239.57985060861
2233.63039204251
2224.51240888275
2209.40095164956
2195.54814029297
2187.98072965296
2182.79595790819
2183.04590300272
2179.45902721001
2188.20520192083
2197.43211803345
2203.54769702975
2214.77304057702
2222.50605249686
2229.73233731503
2223.30926226707
2215.0415495182
2206.45735475634
2204.07912675464
2187.84859753925
2173.35787352588
2167.06004270886
2142.67499599463
2112.7981693325
2097.04374295941
2074.59482068892
2051.3305553753
2027.44668711845
2005.91788508588
1982.19451315959
1968.24376498216
1952.20514017738
1941.35559654131
1932.39128465783
1925.64345954931
1922.88195681721
1918.26095365526
1918.40722919923
1915.96953234525
1912.27763539043
1908.78307295048
1903.17874832694
1896.45596054493
1887.32528378362
1881.23817131616
1865.17230426864
1852.73715378522
1848.87721586436
1842.69387889847
1831.36391261388
1824.75102651398
1814.50030371734
1807.14363777758
1807.08813136565
1798.53336033792
1797.54734290525
1798.03383255383
1784.1022058046
1776.38973354399
1774.09117772511
1767.64525334985
1764.69705244532
1761.5581099073
1754.95381095852
1759.79688636883
1759.57162620229
1751.16852893788
1749.78851379032
1752.28146275858
1752.62343293673
1750.62319100406
1750.02334402474
1749.06935267993
1743.1296080594
1741.01105744426
1743.75673943674
1744.87624360402
1734.2662919458
1734.49344010451
1739.45963913476
1732.86984715414
1736.7065883395
1737.35099289374
1732.57691097278
1732.32057332253
1729.09689559825
1724.59727720893
1729.27433962315
1729.07336795525
1723.11130638204
1727.54116143829
1737.75947610282
1732.74593739005
1728.7862221747
1738.65818529151
1746.4671346371
1746.33210025948
1751.77253669633
1751.04370567887
1752.05361010749
1760.64316021434
1764.85377860206
1764.38640149087
1768.10149844625
1767.69064863166
1766.57786305955
1777.97335910052
1782.01893102225
1792.84495379049
1801.98362373738
1808.78581955246
1819.47047419046
1828.62120252429
1839.79531628948
1855.17299320653
1876.49471287472
1884.36904550412
1894.62398936563
1912.77417028114
1933.42480789508
1938.64402080745
1958.66006494656
1979.39673886644
1994.82912505218
2000.71792306298
2013.11458478095
2026.4792439489
2035.39416085936
2048.29854880746
2061.35494692849
2063.67792889677
2068.69184592124
2084.28479841997
2106.26734807083
2104.89192934224
2106.05516915089
2118.00629496012
2116.33224222561
2119.64224279793
2129.35729896568
2144.83783450378
2146.26435043468
2150.82851058993
2159.55973908362
2161.08280075713
2174.17696293641
2180.08264787851
2182.98316736204
2197.30553979683
2196.71103800544
2190.05854936621
2201.75193927056
2204.39719940759
2207.62794912033
2214.40787411043
2213.71624536146
2214.28344403861
2224.49509136644
2223.11566382156
2237.72877720027
2245.60709379851
2246.02761945024
2251.54719449788
2257.97174779088
2262.81609089261
2285.3020527189
2294.13394012272
2293.15621831331
2302.51637993859
2312.63610509749
2320.19076293413
2327.13072873559
2336.13662817676
2339.00802160692
2337.5062177982
2349.17532837518
2349.74837594057
2350.93617128869
2363.75259049128
2374.32877104661
2389.56896063844
2392.01907229192
2399.12827188127
2411.62926844914
2415.22307327301
2417.85240168581
2418.47984634013
2416.02127326513
2423.64918355372
2438.62598389744
2439.04443113564
2432.08762327042
2433.76431665841
2448.32460731211
2447.92472859392
2445.02742520563
2453.75676279414
2464.29730167571
2466.98315961348
2471.68436912282
2466.1013554782
2471.7341279602
2478.71422805821
2471.01871321411
2470.80820097276
2469.15115630737
2469.66655276933
2469.68668125118
2468.85823346661
2469.35047614979
2459.89755804064
2469.24984815339
2471.07156348028
2463.22612272738
2467.47618164985
2467.48977474837
2466.95002924364
2468.58126868364
2497.42351638516
2537.21943922435
2595.08231043321
2635.57979826061
2650.99793399755
2655.07165818322
2646.39753658188
2624.15798619684
2609.13567378866
2587.07351824549
2567.56954217046
2546.60730657535
2530.47612621118
2514.76431489801
2497.74813927544
2480.53567397299
2457.21188834632
2436.65529786813
2429.25136865927
2417.74228021158
2400.45269266619
2391.70689842081
2380.4105661043
2360.00441489081
2347.25548884458
2340.82857329041
2326.65184703717
2319.22691334645
2313.17791247797
2310.20075130473
2303.96785093235
2306.02972783842
2291.39424241893
2272.37808381234
2258.22018572328
2251.47554553671
2233.12402936813
2226.23476079146
2217.10825770365
2206.33927091739
2194.94099312516
2194.4232389487
2185.26117433924
2176.39136124713
2181.85015764268
2183.75272695529
2191.73700192381
2200.1208250337
2210.02272344029
2203.5719475586
2208.97853261315
2214.41923756791
2213.30891042043
2207.01298335338
2196.72884710253
2188.14248143289
2180.57686553669
2164.05049496062
2141.76709035653
2117.95973241621
2092.07962167568
2076.30174412061
2054.26876466669
2024.54910272107
2002.62516813052
1991.51745949797
1967.45862960321
1952.80129745583
1949.98588432879
1932.63848562312
1924.15320913951
1930.36130761679
1921.45309987165
1913.76953845169
1911.93767208549
1909.63951284371
1903.12105609213
1901.24078569196
1897.16989617432
1887.5454219549
1878.19555915648
1866.46915302069
1858.09961987089
1851.00221554509
1837.51336110786
1835.38492784476
1823.73851814418
1811.83632862863
1815.41073513766
1803.12784814598
1799.02458532501
1799.44303452725
1795.50753038194
1789.85070966714
1782.41288490512
1781.08025565402
1768.954572971
1765.93773142682
1767.49009604564
1767.41718169917
1762.5715276165
1759.26347534307
1758.64902381736
1760.66513858952
1756.40318361838
1756.40674218047
1749.81312503502
