3000
615.969407836385
1058.09601099005
1230.51812061788
1325.79067533158
1385.2055370233
1425.24167014622
1457.89880400445
1494.34179319575
1517.23682846574
1521.25404001079
1538.85518068713
1532.56941321297
1527.94804404949
1531.28212516037
1529.76707515082
1552.77279844991
1561.89641787994
1562.98621198668
1550.52634994052
1543.42777238298
1557.26230946528
1562.54788422991
1554.04424962788
1548.87169732745
1562.96953299663
1563.82931882006
1571.39488467834
1573.93663863266
1565.7767503938
1553.33354643862
1556.78208792803
1569.47745843202
1584.45270468987
1589.61893771493
1593.01445942389
1595.32328651218
1583.07177860095
1586.42595117163
1609.64274587323
1591.20913375275
1590.22215503383
1610.13206891637
1612.61885232686
1611.55618776183
1609.6076671118
1602.60085883822
1627.14242339297
1631.09976060639
1631.68038317234
1633.43708714402
1643.91835175065
1657.809759726
1656.62674912289
1664.78819979641
1673.05708022068
1683.04205014283
1707.0051694805
1706.84783103441
1712.22568075414
1717.58943052855
1729.8583338072
1731.08085076588
1746.88721413614
1751.10484152344
1761.03496766734
1770.54614307666
1782.08164413183
1787.96958025377
1788.74651688109
1797.97671392299
1808.53398311968
1806.7018077894
1799.40884217378
1816.51024707393
1805.6540242031
1808.30485088819
1806.93606698052
1788.26978531363
1784.1791768528
1801.87118588993
1803.8611943489
1804.63911046989
1807.76782743814
1794.93060759541
1791.92346664306
1780.48853053164
1784.40005655329
1789.00792961895
1791.93271949305
1789.96206106424
1783.97950247422
1794.15744475132
1789.45053154927
1778.14989391739
1772.41824921384
1778.15185126454
1792.57632298209
1792.005775695
1779.24801237539
1783.03258186
1778.19582964267
1776.0840029581
1776.38812425788
1778.93990478075
1787.85630552344
1777.77921330506
1761.14147181641
1767.62712907476
1772.41045567993
1773.0058529633
1771.93427639505
1777.42907899694
1769.21437051918
1764.1808399852
1763.46843501014
1763.79258559088
1762.15168057145
1770.88464034004
1771.45539854144
1768.15063819066
1767.21698631162
1765.86247633589
1752.00738050495
1761.16441030232
1756.23766781804
1751.80693880386
1757.04162769529
1757.61121606804
1751.00466379213
1749.25731830819
1742.81437742138
1742.83700650212
1758.15114333399
1765.5108903205
1763.85597633724
1768.60914672248
1761.32812744971
1778.82254024185
1825.44313145594
1859.72975505865
1881.05914140262
1889.60225475126
1892.18012499079
1894.35167379026
1901.27317354423
1912.00154754889
1911.28463470913
1912.51082958357
1913.08912015929
1907.42685797689
1916.5172104113
1918.96823877104
1911.68120954307
1914.27761374617
1912.37665493793
1902.67183669111
1899.44749863139
1888.05176563696
1898.51682254087
1900.81779378313
1886.85239505122
1895.34322074641
1901.71012750311
1888.34749877184
1894.93667519122
1898.7204465927
1888.49116792384
1883.73074351293
1874.75119347635
1893.12267584283
1898.94694004092
1881.79830726293
1889.10792523752
1898.58140378722
1898.25553184135
1895.16802689665
1900.69773649365
1909.19621213516
1910.26193171031
1914.11075925096
1914.97889333169
1926.09901640393
1931.81161019991
1930.89312846444
1933.40703216115
1941.5176425864
1927.29124827709
1918.31199826367
1913.57509922043
1904.60057215862
1899.7800987805
1893.78427034627
1891.97821040949
1879.7443699233
1866.35454242531
1847.23972966279
1827.06143893023
1808.55925513735
1782.05519563303
1762.39163883703
1742.30040769878
1705.01710891545
1674.52091040664
1653.83856207311
1638.20268128041
1620.1068552168
1598.81554552674
1583.62071887874
1567.8870286602
1554.95397661155
1540.5440883507
1538.34648561191
1537.63294318244
1532.44307836018
1525.87122069381
1524.08490286802
1526.49385390899
1526.38762341845
1525.92996684174
1525.56902839392
1522.12257054655
1524.48024594662
1524.62204672656
1528.25370043488
1532.01778792563
1534.09587349546
1524.4047865661
1532.52621326296
1542.51553919246
1547.79624322056
1547.40853497246
1545.0758081587
1544.17281743274
1544.84911993918
1544.15614533152
1542.4967789675
1549.11131430936
1549.5501231531
1544.27276274088
1542.6113748485
1548.39184195835
1547.88089759135
1551.27566758908
1550.85869256737
1545.12535648026
1546.00074916553
1548.40115572742
1549.65216798658
1541.36151501177
1535.4962168599
1536.49062908273
1535.39984332166
1533.66480390544
1534.11973705216
1531.20891728166
1530.03778204901
1526.78196221276
1531.67392462958
1527.33697686694
1529.16200337116
1522.99959494885
1527.10069531498
1526.3141056363
1519.960655698
1524.34690787471
1525.70365472767
1520.27947348148
1522.14716267451
1519.79398084001
1521.33323128794
1522.124189068
1520.3571349289
1523.92102765304
1514.40114298892
1519.70809309399
1524.34973415994
1521.98766291951
1521.80831931607
1518.13251507645
1515.89838577203
1517.20422124732
1522.05117838999
1522.64575990688
1523.49603874397
1520.69475760939
1519.59257538335
1518.9068195405
1521.73552887046
1527.27445228836
1521.90644854837
1527.39088499359
1537.97119232241
1546.40274661977
1555.58058130645
1560.78303113492
1563.83802581692
1577.01573085745
1580.65310994226
1577.82374670167
1582.87257012734
1583.34860368137
1588.43309582657
1590.56869521908
1590.71329467974
1586.38671816284
1587.32900764964
1590.69741043576
1597.78884376626
1606.28632910055
1614.30243321798
1621.43016414206
1624.80111897481
1633.69369083029
1641.07509461066
1651.99056114897
1661.82148060404
1672.89914558847
1680.16809862348
1695.71512298032
1703.02943412522
1708.04396172842
1720.61077743051
1739.84901525611
1739.7591189081
1741.29007795607
1742.62520863311
1753.73461641789
1761.31853615948
1763.821628108
1773.41543601887
1776.3604164319
1781.03486147536
1775.57220571473
1775.0817223285
1776.45983656444
1768.26696944892
1768.54629291438
1765.85241077274
1754.40527718342
1748.00054412675
1738.8114931065
1734.42403527788
1740.71390414187
1735.51220409337
1729.94035519977
1730.90257811432
1721.68283281014
1718.78584855442
1727.07596653598
1719.22072368519
1716.68978836226
1723.5248006834
1721.30047310649
1720.99709983692
1721.50534470361
1725.62691041296
1727.29364744898
1723.85765443463
1724.01274697302
1725.29302600659
1716.67478076437
1717.9494398722
1725.1921174279
1719.7848412964
1722.68169076262
1729.14061076996
1722.13077595285
1721.61783774971
1724.5294247195
1723.50672341424
1727.22646392356
1731.7348347697
1730.94615121164
1730.36292673816
1729.70271346542
1729.24834759382
1725.12001818673
1725.74113569288
1721.04819542274
1722.09355339634
1719.32449458985
1715.02045046343
1717.63696515333
1712.75670925937
1710.21406961141
1706.31723875624
1702.56913720373
1702.28282258328
1696.476519863
1696.92243103662
1695.58390094224
1693.87439656897
1698.23337960651
1692.67592042879
1692.87057038694
1698.7822865273
1726.42584411074
1780.37843580792
1825.71810755574
1846.34977249313
1861.56466128016
1875.26574761727
1875.84702669003
1879.63454279375
1890.4960154132
1895.76464837992
1895.80761015246
1894.79732405918
1889.8207257624
1898.51762531649
1901.62863980046
1893.49518244457
1888.14730909826
1886.33056180862
1890.02279008341
1883.05891124095
1878.96710966811
1875.56653109903
1876.28008901821
1873.4121802531
1869.7308580173
1866.73452803026
1869.44455969775
1872.40668104372
1876.53463130504
1879.36419481381
1872.58651684547
1869.69955026201
1868.19788447346
1872.07019470443
1877.2718230169
1881.24182276557
1881.99013299519
1878.1013091575
1879.39656985979
1884.40813845244
1896.36995976854
1902.83391797045
1905.89407975608
1901.73153067568
1899.39442805927
1900.38398456407
1886.06762101426
1881.19716358282
1880.41418523157
1879.7760815466
1871.98290066651
1860.54472572104
1858.37076414737
1849.63060456919
1840.15988611854
1830.94511332638
1804.18702362244
1775.5907172549
1759.01166769194
1742.96723484055
1719.4623711035
1692.38124880574
1663.19590561671
1638.68610085858
1613.8501920095
1594.22345753745
1573.42448055009
1558.01033320804
1534.88376965351
1519.24155850454
1517.00549943199
1509.73322462177
1500.94198376611
1499.04661734874
1497.71030272555
1491.36509944849
1493.78249375454
1493.53613375198
1491.0000463422
1489.21392268942
1492.9309673413
1496.0047093259
1491.60746988152
1492.1954618076
1494.98436241859
1498.40125128668
1503.26604211584
1507.16928217236
1508.65890156201
1515.54820588164
1519.83951185595
1515.55494776962
1518.11485505978
1527.22342749843
1525.22746086269
1531.25831592417
1531.85861307698
1530.91667986179
1526.39973222491
1530.36145565185
1533.77520814085
1531.86287148652
1535.89769934271
1538.74559914405
1538.17805327803
1538.27019600896
1539.99633227103
1534.68014012821
1539.98165237272
1537.3598923875
1530.42643740438
1523.85498925879
1523.85374860811
1523.94829446588
1523.69437420309
1517.83333297913
1517.66469759166
1513.65291388602
1513.2254021966
1515.45202093516
1513.22126640444
1508.93103664123
1515.33569127243
1508.86210840176
1504.43573953028
1506.81247686115
1502.61543534121
1507.61207619422
1508.71004109264
1530.74480391228
