3000
1056.26634095683
1475.91554593379
1664.33516757281
1778.80278233908
1852.20563346957
1916.78638959705
1967.27748136122
2007.29598576741
2024.3503374839
2038.60433365438
2047.00074107589
2047.89845701706
2065.97748577512
2082.55874853731
2087.5992762368
2092.1783883032
2088.73626765126
2090.13177961855
2109.35988146732
2093.95107899838
2091.22434869571
2105.07237715665
2111.90491062948
2104.6630414809
2106.99907816398
2119.51610506017
2127.27673096676
2103.86873901738
2101.33066613998
2123.75263996351
2135.1407691133
2119.6603393555
2131.30701714391
2149.47391411898
2165.98171091237
2175.38585315448
2203.22285982905
2221.08656539554
2233.33650821821
2273.22009546571
2283.71015721755
2297.62811297524
2305.32501041445
2305.26280328052
2333.03421587667
2349.87005191904
2353.0285493052
2371.01911854695
2397.93422994801
2411.02230511421
2417.67167814412
2461.81878582585
2518.54672273256
2588.51608378711
2662.53716134225
2771.34495822965
2946.80927069994
3103.30990621768
3216.13357550559
3331.93635065197
3407.22359285199
3433.68164649392
3483.93701981445
3501.05205617539
3520.71087833144
3521.7767329018
3542.37681252819
3569.3727556418
3564.68895175873
3588.1452905188
3570.36498144512
3591.45350813422
3604.86976694015
3615.09676954341
3605.57977493618
3622.22612015814
3654.01159601036
3632.12353591763
3612.64395325741
3621.12051503515
3592.2307521436
3596.14704549198
3606.85487089779
3596.19211146702
3585.63759923658
3551.60410498081
3528.4925627178
3546.371008863
3530.82634733949
3515.50414665864
3518.47318098599
3487.55282229991
3481.36259607355
3533.810358405
3528.02454846303
3508.59696602845
3503.00850145923
3517.3863042455
3525.68864948959
3499.8171301469
3488.00118045348
3486.08482121948
3499.1211426241
3494.89428047031
3507.02517959824
3511.78744451897
3490.65378324074
3467.20246283092
3476.98144853224
3495.75850189802
3497.16892529365
3488.24910989762
3499.84882522438
3496.16388263907
3490.08352808165
3498.96499461308
3485.76032175454
3492.73358637119
3497.62778040339
3485.30700629851
3504.06876682124
3487.36383886044
3472.61111443229
3498.98721195639
3502.90663719676
3497.63540007178
3502.93194978559
3505.73569499893
3502.4716485726
3517.49902090972
3521.00321917419
3532.40774783414
3521.77897418183
3512.08730455186
3522.04868154645
3526.73387234255
3527.25674362158
3531.02994164517
3550.50654782526
3541.50739297172
3555.18621152493
3654.08826679235
3725.86306081859
3753.08321674847
3749.07092342618
3761.54926883918
3768.34340373048
3786.49506639344
3809.29784701117
3803.75513528069
3789.82794800962
3786.47464217288
3799.63855792219
3781.62145454918
3765.46367698146
3758.49517004856
3751.49808936556
3770.87702990237
3764.23960552363
3755.25291745551
3759.11125068669
3737.55433613368
3734.99359412355
3716.23013200809
3704.50363820999
3709.96964805816
3693.35912541919
3683.80160476506
3674.39330726672
3653.73009870353
3653.57743760106
3638.3917133863
3604.79725281319
3600.99866675062
3590.00672368706
3575.70150924409
3566.03561929355
3544.35252859257
3536.41263074481
3538.89140434762
3532.2339312347
3520.8101679852
3522.30907825561
3517.24147936317
3514.6702420421
3518.22993614159
3506.48507573547
3502.24812090839
3498.69528694041
3501.34054439644
3496.11281290396
3500.13440315643
3498.17463718523
3484.41130174232
3473.2060898147
3464.68936538223
3460.58504661515
3438.98430878717
3409.49083110812
3400.05545986116
3383.60303764303
3367.1829706191
3338.88384604314
3314.28572007475
3316.61120198403
3305.5195937693
3291.61223686919
3293.14477557788
3291.63829821547
3284.73790149669
3285.47643992538
3299.60405545047
3312.765569985
3328.87590458326
3339.32666994037
3342.63788506508
3342.43593979287
3357.25996724834
3351.25671677745
3347.22164481064
3352.89312169545
3336.35031050555
3347.85474929153
3351.69644304155
3357.99622885903
3358.50446629947
3354.04241665686
3355.2875785663
3354.77429434157
3349.3975672435
3346.2031235196
3340.99546736503
3344.01479382976
3346.04399256277
3339.00119403883
3348.8442362395
3337.10530904645
3343.21763777264
3323.26205401816
3325.19243737118
3331.4030398879
3311.81622780592
3311.17599620749
3284.01337543491
3270.87447319711
3240.72386785306
3211.64521741429
3175.67540044737
3126.66725546929
3068.69099927934
3016.22570000871
2985.76403675798
2965.89568638012
2937.3321581637
2915.05793089683
2905.3378362284
2883.71723933929
2873.25009120711
2854.37030994656
2837.88885501466
2827.46119870887
2812.56947411588
2810.34252764965
2799.74408265739
2783.70391013891
2774.58031355967
2775.07551610067
2761.0458661868
2767.53398843801
2750.85968658189
2738.10246183655
2732.91103269393
2717.88587835859
2714.62113390992
2721.44311769859
2715.86517581994
2707.3331534438
2699.60785636793
2693.77201690798
2690.0601310264
2678.99960398469
2673.98020302068
2671.63766330453
2667.1781340313
2660.25589031322
2665.11916055411
2657.04368740378
2651.31681916245
2647.14103977066
2641.65091554171
2655.8905639084
2650.43270958541
2639.63980046256
2629.56725643489
2633.6504101517
2649.93120978279
2680.68155667679
2745.30800184465
2842.33906462622
2948.35714032903
3048.92847205785
3113.82097901411
3176.41587816229
3227.72564956144
3254.39390494582
3297.77278581565
3309.0521879693
3342.58904628933
3364.97477314839
3357.90999841204
3380.14829777095
3385.76163233292
3379.91394829727
3387.03289527873
3411.01664790771
3425.66064224878
3437.4516602511
3451.43110151688
3457.36792153324
3474.13740780011
3463.59782421556
3486.08540250979
3490.96599600034
3494.48711101253
3512.9973537149
3505.06245923891
3497.90482581275
3536.9549484943
3568.94331096582
3555.15320953323
3528.32637887637
3518.1817929674
3533.53413783494
3543.68812577253
3546.34905096624
3551.17242642883
3557.40621078815
3579.32086825898
3609.82663688785
3580.09875930637
3582.15878432485
3566.4392987217
3533.49693106232
3502.73444156032
3471.34148576918
3429.54048304346
3405.93840275402
3383.12815173767
3396.20184978759
3373.14203457761
3356.4441415998
3362.75229258751
3364.39081595343
3374.93116450431
3400.91368019973
3392.75845018418
3386.4059915064
3397.91273439247
3402.93589897754
3403.31068399533
3404.76102262707
3399.86824166906
3403.18309276436
3415.17939879709
3412.5855571984
3434.88366815106
3442.80936735201
3433.71270856453
3454.15740029641
3464.83848746475
3446.50460112082
3446.0408562297
3469.54589210538
3468.52177631477
3473.65268724363
3470.44674012644
3460.79867213798
3473.15458329972
3476.25625433615
3477.40761975061
3480.93297069779
3474.35856628634
3467.99790321512
3469.9231024421
3495.86616113399
3498.11703151828
3491.88077382427
3500.59601821737
3488.5321160556
3480.26315995112
3500.98082442016
3510.40154682649
3504.01760033156
3514.96711003136
3513.6229463067
3508.95141019874
3512.43205976187
3516.51007933103
3619.84600304521
3712.17365456669
3748.18687990801
3754.98525533894
3756.84447496863
3746.177551157
3744.16037166127
3762.10628459966
3753.01481980053
3728.92018036691
3739.60236840051
3749.16301424914
3739.69237816443
3738.04376877364
3720.65941637904
3719.42620334805
3707.61341942505
3720.13773404598
3719.37357271478
3694.1929691103
3676.25826640651
3678.93256482692
3681.01885790871
3680.74253718449
3659.38270065211
3645.51023299903
3640.50153961067
3610.70707551161
3612.33228511667
3615.87518196759
3593.78275632715
3568.97863958114
3546.67719436669
3522.5477147914
3474.34031824822
3443.36054323213
3401.12542321011
3370.43510015283
3346.81135943465
3316.74624169199
3313.26293046064
3338.09040539686
3357.71277938685
3389.79140226389
3427.38966641151
3472.61465787538
3493.6372031761
3504.25350065481
3518.96336849324
3518.16082283617
3501.54873332024
3492.25684094503
3456.28657952857
3411.93248385349
3330.68502254335
3251.64576662665
3191.26437354168
3150.389371189
3109.00536354991
3074.97703333897
3051.69948598353
3029.09927262298
3019.62094379327
3004.63250927295
2987.50037289815
2986.74756275062
2979.61584010043
2963.8294806685
2947.93866013709
2950.57441939285
2947.92389660409
2954.57401430308
2966.28265616438
2961.12979678835
2966.19429472548
2974.07025595498
2984.80971102904
3010.56457913521
3030.60789029586
3048.77229237105
3065.06008291927
3096.91011846071
3121.27136803286
3132.87272253169
3147.75576503857
3179.81190704485
3203.66671174158
3232.2787838898
3255.50188367318
3275.04972840546
3284.1466359098
3297.96124923518
3312.35692592766
3312.55286203667
3316.04785855098
3323.46785211839
3331.23882322963
3340.30484707279
3345.75189546769
3355.42933291617
3341.02158604921
3331.28274641762
3317.97939884509
3317.46068471508
3292.74413169174
3252.5957112288
3188.35763107594
3139.84106500938
3089.49253453254
3048.54208604736
3017.21323978883
2984.69609281812
2958.36257476174
2935.33043439004
2926.31708596631
2905.66203638254
2875.63937673876
2856.65819645212
2839.95776278544
2835.02642341254
2828.61680344044
2808.9345971107
2799.74794878745
2780.15164729005
2767.96168698862
2757.49211809251
2778.30158369206
