1000
478.659670951412
763.74108561997
879.090127970056
936.721627900484
977.664494070039
993.705032729616
1008.4369138738
1011.4889653177
1010.81840288771
1014.2532622275
1027.21639283491
1022.29366419397
1020.66264053595
1026.46290669679
1027.6510575978
1025.2424081271
1027.80749065096
1026.95871002882
1025.33270849537
1021.85057661294
1021.28010297549
1020.02569354089
1023.015452896
1031.41070397272
1036.0217547435
1026.24945709025
1028.98591858426
1028.80129170514
1019.79461774033
1032.66052401936
1037.04136763635
1030.1567022426
1025.72886122302
1021.56126472519
1032.45248191006
1024.84864982353
1025.58604898217
1027.38244185524
1027.24516961553
1032.50462128609
1028.83235591083
1026.55598305546
1021.01900971632
2244.87566103931
4134.65722498745
4708.75176809503
4861.27936366546
4956.90626485224
5109.87250298936
5122.65701978266
5082.21424779055
5135.32438859888
5167.53453698493
5175.79130074286
5192.82462770569
5172.47866838075
5158.7734126981
5160.05175967709
5147.13173358314
5124.52394615178
5184.41441084558
5154.12217730982
5119.66908118471
5156.70226907095
5128.70830814695
5170.12372464049
5179.23435844153
5165.31923348737
5213.48258292462
5181.90050297397
5114.58103315201
5124.36642200945
5137.5199660554
5182.57535886109
5167.48351522544
5191.76650438211
5203.08935768052
5179.79090727953
5159.40777978985
5116.01105505482
5108.95517383176
5124.18034359674
5178.55418620822
5214.54367433582
5202.71751489479
5165.9621312986
5115.71192988044
5161.76190964591
5166.60951766723
5181.30859629804
5179.60091105025
5183.739696239
5185.40866194652
5124.50002397912
5104.0091908472
5119.31624233203
5161.3297318114
5160.53245994863
5140.50038182193
5214.57788362302
5235.87954795097
5189.88641199391
5193.19135034537
5194.02997998335
5170.30125270008
5179.9767524634
5130.8898045881
5138.4752328339
5200.99930972656
5173.58622799808
5169.87617968415
5167.26744911441
5173.51854241204
5200.2355337588
5163.22786768592
5162.57913019715
5193.19350789111
5197.62719928019
5132.755128947
5138.15539971756
5193.66519714652
5145.32325809816
5164.85915987507
5172.98119900261
5142.10340348664
5194.1220332888
5144.62612794323
5125.45788780542
5168.08453211415
5133.94191910868
5142.46499877558
5199.96793951204
5176.41655504115
2625.50396691313
1402.07735933539
1166.92669404628
1103.65980127974
1059.10835677208
1045.05302870903
1040.10595326812
1030.60913712249
1032.14567655223
1042.51892956544
1031.45521504567
1029.44901362815
1036.65618287447
1036.75709184643
1033.88764304763
1029.80726816362
1025.63467566847
1035.85298371571
1024.68735250556
1028.49403324049
1036.26483698549
1033.33536906373
1033.24792538426
1025.64143224289
1026.74325395992
1031.61228049929
1022.18490707029
1019.76263812605
1034.40219614398
1033.62207909972
1029.61915349358
1026.2882083905
1025.40583209012
1031.43399147008
1028.61078679208
1021.6414610821
1023.73804409934
1032.78045848342
1034.67319441555
1031.36576960787
1024.01975180439
1022.2090824467
1028.00458905838
1035.52898766279
1035.87483466808
