2500
1987.92631384398
2487.01333789311
2761.74159101515
2939.28918261485
3135.4219396572
3285.06883177641
3344.91390747269
3399.15966355072
3477.21192215155
3475.00383906216
3562.01801060363
3591.81421876105
3614.96696603426
3639.07402808143
3631.0359975969
3625.16771501077
3653.06169491894
3609.56346702712
3623.77705989919
3688.53695141621
3699.70174890007
3698.41966762431
3725.76549701698
3734.96744376906
3685.4260550987
3728.14499771046
3757.33053575673
3781.14139550604
3766.81203915415
3839.72526432922
3893.52681212262
3955.82154104861
3972.18743889692
3984.58309462311
3996.1794152545
3986.86436665483
4085.4340705286
4133.40041901463
4157.48874821678
4206.70324301106
4130.71403770345
4070.2979298172
4108.76813870553
4153.68729489733
4230.42446976063
4174.92501817826
4133.26969956057
4092.54013334845
4214.87359237761
4213.10651495855
4159.24266902896
4242.38518926643
4282.03625731643
4234.71497490552
4267.76153223378
4291.40486300777
4310.93266631698
4369.4069809419
4374.31569845585
4445.96224664298
4474.65066119002
4544.80646832539
4603.35722839452
4653.77500910828
4719.41811859279
4768.28277684053
4863.49089708658
4882.32397924002
4895.35010743779
4939.67403478274
4942.88387148839
4987.12574899453
4894.91091664826
4941.01467340498
4960.51993088075
4955.46793469187
4973.66756572329
4971.36239094344
4982.91112309843
4990.50179131057
5042.03487225553
5081.47822244771
4968.25963297665
5015.08503312148
5055.67380310246
5030.8989192747
5003.12761470299
5025.55170507328
4985.38670353584
5013.71643948021
5020.97280996506
5034.71885451211
5018.55995741412
5070.36642974189
5044.30837283071
4969.81275792076
5000.2890032255
5000.31782280933
5010.65972985079
5035.19430564275
5036.60429472772
5032.05981337457
5025.39858274444
5044.29733925276
5055.97241754723
5018.25931008115
5014.46786883241
5034.32511263881
5025.55731230708
5000.90380891161
5013.59842264096
5012.70906507747
4974.87678105155
5008.27124386453
5031.92227291001
5037.85313364448
5041.07944472297
5023.66586515129
5013.98328138822
5027.23593241907
5045.46328281809
5032.17180930346
5044.14757396315
5030.79612637658
5048.24768913698
5075.40102352167
5064.22894708783
5069.7500668012
5069.33491684046
5064.0882839142
5046.54310396183
5067.88087963442
5089.29808490811
5077.86426031512
5111.4923822776
5109.3281402825
5124.24908712252
5128.56035785514
5108.35636543508
5139.70594198668
5167.06874755191
5161.1100733006
5160.09778384605
5166.15440663737
5159.43903608967
5165.15619647295
5163.79878426071
5123.88678456295
5115.2525294658
5163.49937422108
5131.08406310097
5122.05482236769
5157.52274760593
5133.6218965934
5119.308150336
5118.14386834959
5105.74865388387
5121.99138190398
5155.14001615361
5114.82936880181
5119.4310480799
5130.60056264035
5106.89752946232
5092.1783249806
5124.9818614474
5128.76781999042
5120.64768571879
5108.12628634954
5070.66509133206
5070.81488478789
5053.54029345641
5046.83104259524
5046.73891140822
5057.21335390535
5068.95018907482
5008.7909201995
5015.05857934494
5008.11630534064
4985.5957818698
5014.42595599708
5003.73187195251
4980.42577145144
4985.19587386574
4982.48728592257
4978.47045197726
4960.44382362905
4961.05121667051
4956.80780393343
4932.23686144433
4943.35538149547
4951.22663566252
4938.28461629354
4920.82906128639
4915.49111734841
4917.89074780092
4932.59795366465
4932.2037242374
4931.6655320579
4902.93503517751
4898.67005823841
4862.83368619114
4880.72678403524
4908.10029886894
4914.7236609138
4897.2997819504
4889.23765716658
4883.4537275885
4881.17621291519
4890.54834133918
4873.95827397223
4851.9550298267
4859.47671871142
4852.32235005462
4856.29383592339
4846.91372547259
4849.29551428043
4836.81050136928
4798.26960654041
4792.06491394919
4800.47856361349
4785.16179498278
4771.57069532305
4769.5406021057
4772.34895096313
4773.25053559048
4759.6334710597
4768.88603117486
4766.22952542946
4766.30637020779
4761.00376141175
4742.75982073421
4726.510329394
4726.94593869912
4722.07690381688
4720.50167832619
4723.5897077333
4724.54494502423
4698.71689804108
4706.31587276753
4726.67763006074
4695.39261980126
4711.97448151128
4696.99228373293
4718.1772054417
4716.59440379009
4687.84878505709
4653.69634872359
4605.724023819
4536.55530892489
4485.60997857611
4436.42602474101
4393.84493730341
4362.35567069555
4317.92151627315
4299.80115391897
4275.76266461387
4245.91851063935
4219.42693459132
4190.30376727732
4146.16570578663
4127.0676649076
4103.32726200299
4068.39801806655
4048.80447919888
4020.33777265678
3997.93685733767
3953.29666271847
3916.68750852497
3904.09519301138
3859.53408908208
3794.93196359613
3751.29537947946
3734.79177653788
3704.55820007719
3654.97189870594
3618.47592048779
3595.79248222221
3560.35244531761
3541.03493392243
3507.28354792427
3490.43012391536
3476.85971085034
3446.25038346968
3430.72014525061
3423.19745494567
3399.92812971931
3386.33298036395
3387.43595133105
3357.61431200975
3338.52398011332
3319.02372723632
3312.6678888106
3301.00332300992
3281.35960523846
3275.08217665255
3268.7283256035
3273.28992033841
3266.50568109819
3245.60290126808
3230.3187761248
3233.87584756859
3208.1766227644
3206.65304490988
3189.0928564849
3185.85513006468
3182.0138627508
3171.08440589807
3156.96769041706
3133.75543024007
3146.499702098
3148.32163626822
3134.52843757151
3120.5790554703
3108.47007350773
3085.08291624148
3087.92258229062
3101.04292013115
3100.06043712945
3081.12466598787
3065.06941384786
3076.32178576664
3075.94232081386
3086.10589740913
3125.24537190465
3148.97435787422
3174.61567229836
3211.84857060799
3245.30912380167
3277.20155261243
3295.21626362861
3316.77264969684
3331.20307193667
3339.44219172419
3365.11513509834
3405.6423487036
3426.85789545758
3462.056624108
3502.82581596606
3550.65429923502
3625.07001318662
3691.6197427971
3741.14877601956
3814.89918252408
3924.92579123836
4053.53132508164
4204.88757298256
4354.15016278336
4479.09521477539
4598.57722742564
4687.08349243254
4765.44457519178
4800.56935815091
4854.28903489179
4907.08789765284
4907.54543357263
4906.86563708088
4973.79298329969
4955.93958265255
4939.36070895728
4983.82028026658
5004.46665864564
4995.18388581175
5004.97434893065
5014.24991450049
5066.23164378679
5069.58183176025
5027.0066935976
5050.41588504245
5044.24971320398
5051.06620395039
5047.00466986042
5094.07596433992
5102.07186061071
5073.15154527508
5109.59350458367
5109.84290605259
5076.551441835
5101.89127894184
5100.79194189808
5072.6034767208
5064.02918740572
5092.88768958966
5119.05330871557
5108.92266360957
5112.28200062946
5117.56730863375
5119.58356051416
5139.15392607047
5099.79277765527
5077.54004854492
5110.93862182847
5129.3602387636
5142.38982303201
5118.25623028239
5078.40490318493
5090.85798348548
5143.62176612486
5134.56024672961
5139.30426539346
5139.87628790351
5153.04237961726
5142.37174509726
5120.52088438025
5131.56047885644
5136.75336895945
5129.27652470483
5163.61399621289
5164.70055533021
5181.65603769523
5187.4266763584
5161.36907817215
5158.85912425583
5177.12958323796
5185.93864976664
5200.65615815724
5202.81749378663
5186.90850711738
5172.55510564648
5194.46105623194
5205.86747335412
5181.84899482128
5212.16707742081
5224.8133766608
5211.58076031633
5207.01075153713
5224.31775528953
5213.17053431302
5219.37968862801
5222.35950542604
5214.08340950417
5213.9711696164
5231.69178044881
5233.64616799941
5216.90532889405
5245.0333992865
5261.52857767005
5244.86933991088
5237.36353884191
5231.164070707
5274.1147325599
5274.8184331948
5266.57359933244
5269.86911212227
5250.41825201958
5221.16877092356
5251.00988460584
5268.53778275159
5264.61045851386
5271.63579733403
5263.79788058208
5274.33372981251
5270.76838188376
5272.62333610649
5289.10796010826
5281.98912745146
5288.11747631118
5270.82270159245
5263.23150422368
5260.74777120518
5255.81672256206
5251.23504567439
5243.41472651717
5236.27840562246
5253.44759868074
5244.69674390648
5259.44085556191
5252.90769717232
5249.48483608402
5253.29253141517
5222.10713478097
5188.1085063389
5206.13934308767
5204.07214975879
5192.49190829992
5206.23145911785
5201.13170332894
5227.53533016478
5205.70390414592
5171.38039034945
5152.03200120688
5166.27845939191
5196.97207277597
5182.67475109515
5158.19292196456
5161.87901348311
5156.74534273603
5150.3741584599
5140.3655446882
5135.6887674428
5154.54085370966
5152.57480543906
5124.50160864105
5157.83537248877
5160.00262113705
5155.56617761968
5178.30247947796
5160.51016237325
5167.12175904484
5170.26161375918
5137.64050326665
5150.38905813355
5148.28191181392
5127.88284736882
5126.9996717631
5110.68840900383
5093.49899036003
5129.78164454782
5124.38578791437
5083.88000976951
5074.24411127815
5085.74076439248
5076.67107676938
5073.10576057128
5075.5634455656
5055.13125639324
5053.36576902442
5046.95841782517
5000.89748212466
4976.26963471246
4971.07925565846
4950.95676223484
4890.84025559962
4841.56106274016
4798.22459844097
4751.60115720215
4734.9638361524
4724.33524682747
4727.01226876539
4698.09354690856
4687.06018287044
4656.74527624039
4647.45764843279
4658.3081555487
4657.95624342126
4665.7278254546
4657.53420772525
4647.45582115771
4636.37935331126
4646.81038106845
4668.66901329805
4658.05030017945
4666.51233110992
4716.23404725438
4735.01521765938
4747.69069882875
4769.00293941281
4797.83888155776
4820.14628494399
4778.36366043809
4752.73907974814
4736.82451426766
4699.359771609
4673.68846508701
4663.31804309944
4644.56248879477
4612.77808137147
4596.55401200258
4574.02181576018
4547.42802984072
4554.63090908697
4521.76379616334
4485.63558509631
4485.75826219268
4433.67123404674
4391.69668723123
4369.27487052482
4334.0722159775
4286.87177867782
4261.90110358547
4211.81985322088
4160.06079624833
4101.64281276872
4048.52980321685
3998.22344620245
3952.07484078299
3912.91178119607
3876.64316118725
3842.79517852038
3793.97701484802
3783.01574871928
3785.03307366332
3756.58165867104
3726.32347346264
3708.6871350658
3684.50982372675
3667.26987706822
3654.1576906286
3648.35294825573
3626.11245040756
3616.7815695731
3592.00166200079
3584.52487475185
3559.61113083201
3570.11931698333
3575.81947162094
3566.26651985712
3538.92159967261
3512.65773110982
3515.0945008261
3511.90644075352
3492.47078276991
3496.73126038162
3493.7606819072
3486.37762875525
3488.07250482599
3473.85339528502
3456.55292754984
3453.56970680794
3453.21507596807
3456.26661993144
3442.47181070385
3426.78049316801
3425.48720120222
3427.84710006821
3424.63079915323
3437.85607920299
3409.2987105509
3403.10278108138
3403.4226062044
3402.02183643065
3392.14820582066
3394.87429547624
3397.09712021875
3403.33330014623
3401.53961587159
3396.84461549705
3396.3669558259
3409.42292497855
3405.8115655624
3433.24346951552
3498.96332417534
3543.09410598072
3618.57510947447
3710.11655518499
3792.38769060408
3849.06567247429
3896.51222741857
3970.03233607018
4005.42117749016
4048.37780373845
4160.92476480597
4271.33871105637
4398.9197543602
4521.85225810936
4592.6240323442
4640.07402335673
4728.54845641108
4736.90801202145
4753.12752797711
4834.20201836538
4870.73580088734
4883.44109394936
4909.25727700703
4927.12666281542
4977.38039060808
4994.54348740667
5030.23762875203
5075.38717426646
5106.72050229872
5096.00435222132
5109.54638431279
5082.16238774185
5095.29222338441
5113.62577704326
5090.15613920605
5053.70426098127
5015.01985362708
5023.23567350893
4996.45548910062
4966.97580573392
4924.49985153625
4876.33928424189
4871.36475183767
4840.02567454934
4807.93535473263
4828.12198052064
4832.17309041427
4820.22401303681
4862.67385662166
4887.9615784669
4889.60321272175
4896.2393505985
4876.92351935399
4935.55233929083
4944.16679652388
4914.5562113255
4962.39950757206
4987.15604092141
5027.17696092926
5061.80151919193
5104.08789619471
5146.93912383264
5144.94712055118
5151.58742783823
5169.14787125723
5157.68351088578
5159.94510676574
5173.24260294649
5173.4437609774
5163.21575432368
5151.10654015905
5175.6530329719
5154.24881936899
5142.69809517549
5194.77209284332
5205.82223401757
5178.25495342154
5163.40111959758
5177.81708604168
5193.15394901802
5176.67054203643
5203.59218615158
5204.6843071518
5188.82557083964
5198.3778976192
5197.23060496234
5188.60317172381
5211.48086312779
5214.43863352222
5202.88368255873
5179.40624469756
5192.09926912007
5183.11327147658
5199.02359208981
5200.21023620943
5213.76209194397
5200.75244734041
5176.99903093792
5212.68850479195
5224.17705174224
5208.37276359322
5199.69067493568
5234.52291671871
5216.36701579884
5220.80711988086
5232.84127370805
5237.1330782779
5226.93231463995
5222.55727254289
5225.96576972647
5235.92219414131
5241.16129357448
5242.52713694634
5264.19575877692
5252.99545285631
5254.87321976036
5240.33717243349
5261.79079933927
5257.63498510533
5266.35126295056
5267.59331473313
5263.11954990571
5274.23671326967
5253.23901297905
5266.01279574855
5269.47854441765
5246.84816812078
5263.42926649105
5270.71857965669
5281.71217892713
5271.82914069497
5244.13290992662
5246.53900445292
5273.84905041203
5263.15247303361
5256.70135308638
5266.32890569813
5280.06043457943
5277.81641730404
5258.66291522865
5254.63261320968
5226.17689803639
5235.25499251829
5239.80490219408
5222.65850802049
5242.93852762239
5245.77364918617
5223.44293055047
5215.43328687163
5221.62053048979
5226.85832280733
5234.24309151513
5193.80075311185
5186.70382865745
5179.11991026179
5179.14065939349
5201.44145477797
5201.79190197776
5194.09432246911
5181.70329383562
5170.60505131269
5166.73636838899
5157.276747736
5150.10041414672
5140.74819439133
5137.16064409169
5140.30926381588
5159.09272953907
5153.71250715211
5150.92358468676
5180.9566673143
5171.07005450341
5156.66042554994
5156.0804436815
5174.94236963794
5162.532255654
5166.21274405742
5167.21814599419
5142.86306696703
5148.33743533034
5174.92080803198
5172.02938551143
5139.85709763696
5158.84035168079
5148.4442704257
5124.2244549498
5121.01671569182
5127.32190444875
5101.15885646415
5094.25288933554
5068.30820044734
4991.19094379511
4925.37206505724
4846.89964713502
4751.45464542678
4702.0262820784
4623.42737559204
4567.55419118708
4573.31119074986
4531.96545483666
4533.60396195628
4515.68978466188
4521.56694700119
4523.10845672991
4523.83587312078
4497.34772740228
4485.55293763999
4497.43585363511
4494.69272127854
4508.88553248864
4507.67305540366
4527.47171547338
4542.06328891414
4549.74932806367
4534.38096485008
4541.24816631455
4576.24180209592
4594.06357780893
4600.6249044079
4627.41648780656
4644.37161387796
4675.30599691213
4713.31332766627
4729.84491456241
4731.51425441852
4695.17432909751
4675.65392028385
4667.46790566534
4663.32141777864
4660.67170363969
4630.8916777525
4641.15994886169
4669.55293827545
4652.68083387489
4630.17609591719
4619.69559285539
4629.59887689005
4612.83754479448
4592.44070589434
4559.53540857021
4518.95305001999
4498.94240980724
4482.23043369525
4449.29140993407
4381.47213849727
4348.95295127412
4306.50666567877
4270.33120256593
4221.78596919085
4203.62084978478
4174.71995193189
4132.66656804408
4118.3825697688
4112.45613822222
4081.53566789466
4048.16073005954
4031.45847955373
4021.59379318419
4004.3146661274
3983.20038045749
3976.24833429931
3973.36721756572
3958.00327631906
3941.63848390224
3953.10522903885
3969.27394856397
3923.2781153491
3906.65775345712
3918.16219309389
3921.24035894244
3906.8033221494
3898.80313244357
3884.29309072245
3870.25594528572
3868.54533277109
3886.29253355502
3868.38506124448
3865.35908281904
3852.61308381415
3871.96356969687
3860.51736033026
3853.96920802711
3849.31504200485
3836.75321714311
3861.41160445554
3858.83858091398
3851.33200134207
3862.03862161382
3834.36834901966
3845.19443717068
3835.33652151193
3846.69086269275
3866.57762306575
3906.88434580455
3974.10551477062
4057.74235004638
4154.21079928682
4249.04630212883
4328.05544826148
4380.70236847381
4429.78327355582
4478.93547761195
4539.07488283104
4611.99529851606
4666.9866440699
4685.35721943339
4707.7295188427
4743.13896241054
4765.59900687726
4792.35914995835
4815.5044362768
4844.4981655254
4907.64836228681
4900.98916385609
4938.57425652748
4985.42631978367
4973.5428517009
5006.63795443239
5040.45290197958
5077.90033877241
5085.64488480369
5083.73139542121
5086.80059116358
5077.58425805527
5069.24021139442
5051.80525423091
5037.19189270322
5001.40952517006
4954.77673733066
4918.51568563874
4908.96564634815
4905.88098165751
4849.4730150359
4808.03227326326
4804.09367615802
4768.60203356931
4726.56220808136
4678.4210009565
4636.2978167278
4612.35574844329
4602.30320512832
4610.45536959623
4610.36193869895
4570.20237479261
4584.9799647012
4596.02629187896
4611.74688023592
4588.67214133363
4563.32152947367
4609.0265770419
4639.53997838654
4635.3347544075
4644.570110704
4675.35600702313
4717.84874907317
4762.61420199857
4790.5124370295
4857.33023961589
4907.36414736265
4963.29541675978
5005.83264716831
5037.81565612263
5056.46231326174
5041.05255762803
5070.33913521225
5070.89676251694
5093.50207888925
5100.29793272132
5078.32671455166
5090.28814715092
5108.32714367154
5083.98523176206
5092.19431539492
5120.50779919122
5094.6716917234
5109.32658279647
5145.02894097641
5125.50593380942
5121.31343881084
5136.23157071442
5138.74755695652
5145.91063517816
5130.87057344024
5145.83850651787
5165.29004787538
5170.85421993892
5145.75155144135
5172.46153921901
5192.42653181063
5182.54954014831
5154.89575800931
5167.49594392865
5184.27640037351
5177.14131431259
5182.83696265836
5183.3532183651
5195.75611704257
5198.05275530556
5199.08879584486
5198.69385347242
5199.24758612714
5222.52690629392
5211.25116456817
5213.09074930292
5197.074386938
5210.69566573454
5202.76824885805
5227.78753967926
5244.20212529364
5269.86472722649
5267.37142260892
5233.20884146339
5222.791432004
5253.76687335818
5241.44315539875
5232.63729399215
5256.47060436042
5275.05385696041
5256.75814272186
5245.86141081936
5279.44103282737
5258.29139488446
5236.42349224825
5245.3101899398
5240.22114852663
5228.49614295375
5228.87035205917
5253.41613109295
5270.60401947938
5215.66967809638
5211.22987508525
5230.52742540916
5232.06445824126
5212.5860892076
5211.29152265721
5229.5939798126
5209.37382617423
5215.61600239141
5211.2846985266
5192.59036874044
5190.47400795059
5195.91710522621
5183.84517930032
5186.90509675828
5168.26354871782
5179.37215872761
5178.63944092572
5176.49165476932
5154.22165247154
5160.1919199503
5149.88751586896
5135.51404098637
5126.606771501
5146.01663918692
5157.40230722589
5152.05155561522
5128.07439732682
5123.74019838594
5126.23241507302
5122.41054438837
5155.07311435315
5137.25746378073
5160.57691332181
5132.19818926116
5111.20544122428
5105.78950043305
5051.51286537676
5018.54913866825
5033.56125795925
5016.32526896129
4985.81344492027
4985.34036656447
4987.65540090823
4973.96322860473
4972.69283165868
4968.49434942439
4943.90669258056
4925.12934960857
4908.30563656224
4891.8485215317
4863.06103086804
4829.81044339867
4769.46674494839
4704.47288385262
4623.76610123946
4566.86974719431
4518.92963905296
4490.7713027871
4475.53764179206
4453.61961439392
4427.5625748733
4455.99431184832
4422.82041356162
4431.23580485562
4443.2111650419
4426.46346871637
4431.27199131098
4451.2754812275
4439.70250266957
4444.85043651037
4464.63064933965
4448.23752878589
4458.00785347767
4493.3148702672
4487.04100933913
4491.32354814991
4512.85721671849
4512.34087460982
4509.02957665512
4533.14925383401
4573.64256444478
4591.18197746191
4633.05861963378
4656.78553229627
4663.46067082068
4668.72996908146
4705.86824824192
4687.08201493131
4683.16122176443
4693.43781784333
4676.93519734497
4679.94937899288
4666.90297709979
4625.51956438214
4622.29426641137
4633.79983996568
4632.61975736848
4621.89230655045
4615.59717309251
4611.12370269524
4616.54797286882
4615.250370939
4605.88651910824
4581.80374702983
4587.16555089908
4553.63418648688
4496.52575891977
4481.08886312533
4445.68007981891
4412.85250756347
4376.2995907931
4350.61047306621
4323.12990373635
4313.75659341817
4313.98979789735
4282.84513195269
4258.6313100365
4224.8649565934
4211.77504607896
4223.76919438289
4202.5552615158
4204.95885464668
4204.37766130068
4180.37882110064
4173.16368496756
4159.41471253001
4160.95591900592
4145.90479593328
4114.42408786536
4132.18263899848
4142.46372991747
4120.31818311723
4128.88867443033
4137.65039696843
4121.89678974846
4116.6966488279
4110.68214672514
4107.04155628254
4107.36824798898
4100.88389689059
4103.40824647524
4085.07654247855
4064.80771840786
4079.42196288421
4095.17086030596
4101.2172021847
4076.66268599892
4071.8126639742
4085.40850840695
4080.529384298
4089.68841567666
4065.82982278192
4088.85091847159
4115.67127286123
4136.5462214789
4200.26133601195
4269.28956033191
4350.36289290902
4467.97815795144
4568.0309956841
4630.54091145185
4656.55577766439
4674.78695830234
4699.25544165288
4753.51891371345
4767.09539562175
4766.64533504115
4785.1160871437
4813.3433487385
4843.26527101313
4874.42152938477
4910.95191377656
4903.96606093476
4951.82453441497
4986.48142614983
5002.55205057905
5026.45621618265
5026.42233990368
5047.60307291838
5062.58229551818
5069.35665652384
5035.81643198806
5058.7650721569
5054.42190089514
5026.66823813603
5007.82708053995
4983.74594816661
4989.28042144155
4971.1891681474
4952.92527271338
4927.43857289031
4897.85562569506
4909.94415299468
4887.11929297975
4846.39482308899
4835.11968389741
4786.90938923198
4773.15670792218
4698.5429943539
4662.69554133649
4658.05604904301
4608.67338890578
4557.11597382337
4540.93810301152
4520.43381198852
4479.68590806605
4456.02750204991
4438.25135221926
4414.72739588438
4418.88704988082
4433.44263632632
4420.10480789456
4435.56441470056
4459.72417274913
4480.54249657009
4514.36461803709
4554.42532033889
4563.9677366233
4565.68950041132
4619.48503870958
4686.32855428699
4729.35249221902
4798.18604625832
4875.3772637346
4938.73461755482
4979.81684267385
5015.2346328829
5021.91401284725
5014.02911514606
5024.39903535239
5049.8961604561
5064.13727987065
5056.08548844881
5068.53450316315
5082.47039319996
5089.36862943785
5086.46981092327
5099.29500591302
5086.51820786397
5091.83940519108
5115.50033080375
5126.46213412493
5129.30151874105
5134.47540876379
5106.16833716491
5092.44248746611
5116.8870668328
5147.54397084777
5139.0364846614
5116.04155686793
5136.71812939954
5149.04465749285
5151.38302084169
5153.50567256003
5151.38820099251
5160.20515176772
5160.98426425162
5190.86265217918
5188.04689091884
5180.20331491577
5186.77378653306
5196.60245716642
5189.59776272443
5190.29719552026
5179.935535024
5184.20620872129
5195.02430962796
5212.14393109697
5219.98658452677
5199.99900776224
5220.15297604077
5220.83279810033
5194.42041730453
5200.42218136261
5216.85953893356
5218.75925709327
5205.19949938244
5205.17317984794
5251.69021603175
5210.33051170406
5219.60267166867
5238.4210078188
5220.81919697788
5216.20793002791
5250.62368900625
5224.81053378286
5185.49880366968
5181.25591070399
5211.29618666233
5212.43860998096
5204.19138895089
5234.71475120094
5200.16442580564
5214.34372644188
5238.82095647323
5196.25343595123
5211.26533975416
5208.93672202588
5188.36815937627
5220.14536405028
5200.73891735719
5196.9416281521
5189.39673423729
5192.90567910753
5203.64989612266
5143.89463488964
5167.85242139238
5211.50835767811
5191.36429911571
5167.59157871824
5146.04676528003
5139.78598322133
5157.45726762519
5188.06709341964
5144.86599258242
5105.12480494892
5117.43888637282
5148.74352790269
5130.86280446136
5110.96230549514
5127.57888366463
5132.07400401159
5140.49674498791
5132.02630409465
5104.77830809657
5091.14380463997
5096.07049162319
5088.01035923156
5091.42094643211
5113.88644219252
5128.45944233826
5115.89241584259
5112.01620705141
5099.2648283039
5060.13532601242
4996.30987199509
4980.32432036822
4965.9675086775
4948.51488238689
4919.83054012434
4890.74871325034
4885.65719314675
4860.97297773005
4855.59794779076
4847.68122389208
4838.67101229815
4835.31734724292
4819.30089288448
4793.54400825572
4787.45282910631
4725.84966638581
4667.72337009731
4671.00828687695
4624.17360478504
4584.07212886074
4539.32769380219
4449.69713949919
4415.84132375176
4403.74921429798
4363.95235495919
4363.64498520388
4357.81233083423
4329.18851618576
4323.8197867341
4334.91441035864
4344.75320813291
4344.26139812995
4339.79480517985
4348.26160343511
4367.3991395947
4366.39907671563
4356.03145322747
4348.61350247956
4358.7815140547
4384.87391274542
4397.73024683096
4402.51758875333
4394.68457269106
4409.26365381133
4449.05658546492
4453.42093524704
4485.294856465
4500.20808472704
4516.14688863649
4548.90079179855
4583.10871223282
4574.79064131396
4592.32098020162
4636.33526861489
4618.28610616131
4606.28063103994
4635.7668548582
4637.79393807683
4639.37316830524
4627.68314975843
4627.32269543322
4619.34322957535
4614.71430478464
4623.95800548455
4602.19368292514
4594.94647687559
4586.46654772131
4589.37234651367
4599.98321071887
4595.80230156363
4581.29115120989
4556.40194772401
4541.12491040999
4541.10162557525
4520.74410562246
4491.87159498391
4468.11518803714
4428.59171963591
4402.43150888841
4396.1064343666
4372.26006135371
4364.46283146216
4366.9578812824
4333.0115354905
4314.4865087803
4320.89808904113
4324.97746823093
4296.97175146879
4254.56963411792
4258.33069067139
4256.03871087813
4251.76894985429
4266.68658771465
4251.15011381913
4240.77508731107
4237.50091767062
4212.31729058174
4224.98427895086
4223.09460282508
4219.16382716446
4210.75096084996
4200.5193500128
4210.07337034196
4212.47596798994
4196.42232763573
4187.75312447228
4190.82559700109
4204.31542311499
4193.94423614335
4191.23061644238
4188.83779733657
4195.52358015251
4201.56906059684
4184.53240769561
4177.36376312333
4181.37149424245
4186.59916338642
4174.02896867521
4178.47557761419
4196.99447935936
4186.47861965429
4173.5646222804
4181.55380051058
4169.44788781987
4175.6338128506
4211.26213882298
4194.12392350831
4161.10956855778
4157.77955529279
4178.78533391002
4200.39054635812
4190.40518312177
4157.88602676036
4156.58594665831
4175.59398997362
4204.86064968324
4205.18560777184
4191.00849329712
4180.85043136718
4200.31599221171
4206.75639851089
4188.88670719154
4186.34932714438
4209.01843470535
4237.26594885946
4267.3947300806
4292.70471960474
4362.30136025601
4483.5504506282
4587.84063468893
4660.58196987576
4686.04377592004
4736.46950527469
4789.35979252639
4802.25619229123
4793.9023885118
4840.64544636007
4878.05018259495
4873.4820118661
4879.85477662829
4907.9656853136
4933.60247515926
4938.44572490113
4973.65118080392
5003.00844983229
5017.52963041471
5052.17158488472
5064.26698649617
5064.39049715444
5047.99421172303
5078.86568693223
5105.19417373427
5124.87019177757
5144.66883608009
5147.64638642036
5091.8627955241
5045.53984050209
5082.88037333151
5048.32892161959
5014.8017350687
5017.23945706481
4985.61113746879
4950.02945539176
4937.61142629997
4901.5891582696
4879.64433523356
4882.63121062557
4817.04769248344
4756.21355625764
4744.74380488724
4713.49380566883
4675.67390671486
4678.5719669797
4598.45299924421
4560.1393264606
4543.18196313914
4509.5188586
4486.25916807278
4496.86885065803
4470.01607970356
4470.08586858349
4468.29685497749
4460.15370645558
4432.28118317232
4440.63418890615
4437.65605399037
4458.28991501032
4484.98616907989
4511.48424931291
4514.73470136709
4557.07285302517
4610.06260811364
4667.98654530893
4702.5987206202
4770.37616777065
4803.9977502638
4873.72896215142
4934.20805932192
4988.73695705444
5066.19663497668
5097.57559123313
5100.7935930575
5101.3949615822
5154.92244044315
5125.90382930665
5085.93249659149
5137.43888980285
5154.09133421771
5152.42080204737
5138.06377438209
5173.13242005532
5181.47015148538
5167.76173247395
5199.04850656853
5175.1762543157
5186.88193770784
5200.20532913133
5182.52527358318
5174.81658780029
5211.57970378137
5229.57522112218
5222.11048873564
5192.97972981806
5198.55808483888
5210.49395350596
5199.54226047654
5236.43048930043
5231.7593906109
5222.40648775001
5229.6550252157
5218.05282838835
5215.74936424405
5246.59043596995
5237.1626916967
5234.94621226901
5228.41087313289
5224.69422241212
5242.10123986905
5243.22595279726
5234.62888456113
5236.22687932536
5245.82526563906
5235.99918089644
5255.88086238843
5275.79505219164
5241.0387727753
5280.98566025772
5261.06999745478
5244.38213682743
5278.72817128403
5257.77193920162
5271.87959421683
5270.82006521999
5268.22591364507
5239.91821794487
5257.41591081615
5273.16888161299
5260.86921704299
5249.59815430644
5254.00139171689
5243.44888990011
5239.69828434743
5229.01936059106
5239.04517256251
5233.81872783556
5231.04803322871
5213.81183916022
5214.05540725194
5207.88701984441
5209.43710599537
5209.93302970469
5209.18689232002
5178.42263285195
5162.72182315698
5181.85126877047
5187.62616920405
5168.72493064908
5150.708836617
5151.25525701862
5160.28744267673
5158.04892929539
5156.50713086188
5142.52742005334
5114.84134528327
5134.67583048324
5150.27048666801
5139.09814237743
5138.73403225833
5146.45248704228
5127.05872096887
5080.21914754139
5039.66009011357
5016.09754855997
4970.74935635978
4938.44073919026
4901.2229906578
4854.30147165614
4869.58588564816
4842.75434007123
4854.23040554927
4872.44265309927
4855.91011205918
4854.8258502457
4861.67183366315
4867.16226150207
4852.37103963037
4825.43519958301
4811.58140064288
4795.38453926983
4751.14970237271
4691.90031080988
4654.35130435403
4613.9539790404
4580.9280653411
4520.53367358483
4474.41306197831
4465.96112545794
4406.54647116529
4391.56744557667
4378.59321170256
4333.26011043522
4313.17942777407
4313.75472264932
4329.21866695565
4302.49862849019
4297.23102663168
4287.29736904902
4287.17837496068
4294.88290665007
4306.05703235411
4291.40158819058
4285.44043637216
4317.89330697287
4316.97858838838
4334.88095175761
4362.27968353683
4356.39841968254
4362.80779822239
4382.80831630798
4380.90603355904
4402.24936137402
4437.11885716486
4452.5542675516
4454.00544557864
4489.22255379658
4522.19246597764
4539.41169178207
4563.04886857825
4564.11380329145
4544.23527319131
4539.80771140631
4526.40836923739
4547.76582004079
4560.91531235392
4565.80849825035
4549.14609858299
4533.78194482092
4540.03244171015
4544.87919235282
4559.72879435834
4573.19964793637
4549.83887745489
4543.02400758555
4547.98156759991
4543.51635556315
4541.95436659517
4541.973456606
4545.01865747149
4512.52561661234
4497.31699138641
4459.95208270878
4432.21476007002
4434.62257068072
4402.26387147929
4385.68899056486
4369.4911658549
4361.768173017
4341.47911718147
4333.00947614772
4336.24941741598
4331.78541874616
4328.59848166662
4306.55127146179
4297.65695411565
4300.54507550196
4283.3289102008
4258.4015787295
4289.97003602303
4275.60435028859
4263.1202009035
4272.62452548445
4269.84672043538
4288.60532247571
4273.86246901242
4262.45700815571
4258.6513719277
4267.83571902511
4264.38737911559
4279.68605450067
4279.41971699685
4264.55447698776
4259.6587550719
4279.29670895665
4272.41904575903
4287.88336427147
4312.09367890244
4347.02219618244
4426.63702048609
4479.95602520593
4547.39234303677
4615.04219032998
4634.27206743847
4651.84039393796
4670.44454563662
4680.85336778479
4677.62659684709
4671.05077943588
4699.06424412955
4714.84217957552
4709.8438877704
4721.32007885701
4775.42737183166
4806.4121713378
4818.23269639421
4821.59015542796
4830.06711777933
4842.91207680895
4851.39770094589
4885.57807552236
4880.82331752584
4904.69879970476
4945.703284779
4949.92692922993
4916.75176212032
4939.5990972522
4904.7619255576
4866.0007838961
4890.51238237651
4861.88994046117
4850.54170869347
4864.95092459196
4855.0567190618
4857.78828139618
4837.67526937339
4803.83731376584
4797.32914746429
4769.2385085609
4722.08006223186
4709.99952828145
4730.94607568443
4689.87109069914
4648.00745266178
4573.69211888129
4518.67818713871
4502.34049430626
4439.7807564164
4415.6314366105
4428.45263621168
4391.37211377656
4352.75743489378
4355.59436972008
4365.0163383059
4356.21620373709
4341.75033742575
4323.51328138189
4335.62445388949
4378.33633148691
4382.85516901279
4389.36684139396
4412.99338340481
4454.92407694706
4479.54311104182
4511.67495859173
4560.98174460901
4614.87602996333
4665.18481052491
4723.628620011
4763.89153705996
4832.91283910168
4880.48608783495
4929.0015239898
5004.54289778387
5018.13912835615
5011.21015724564
5028.34031836329
5053.50304316787
5080.89250017482
5079.51296807667
5097.13274844785
5096.07669465847
5084.16943438796
5084.69941390384
5099.34015169901
5133.04228422057
5132.02644526965
5103.0315721738
5103.75087931924
5103.81320927009
5102.9911780701
5149.22181307995
5155.0460631589
5155.06685723312
5133.38972514581
5162.7414528923
5173.58770195214
5150.27525762911
5190.27304975227
5169.67193086613
5181.51756184859
5183.99350758911
5187.35811128352
5193.43277779558
5190.18066478759
5178.80679679814
5203.65237602725
5200.34001291682
5180.72879856155
5186.47392221184
5193.46756632289
5226.13087440831
5226.46008896174
5256.97562546904
5225.40236066708
5194.62872613173
5213.88582948032
5212.97951716463
5202.63476146274
5209.92861555658
5229.29902035068
5227.21757575004
5232.42338260287
5245.86389672586
5221.56423374796
5202.67870639561
5212.07591880209
5220.67391130096
5248.22871023651
5222.93951933873
5213.80373045938
5203.11913802234
5207.71833892082
5182.20124829227
5191.93269311248
5217.24129565789
5212.77391214542
5207.38648570861
5228.68818596739
5196.399100434
5198.76667884981
5204.75643833053
5183.2681850505
5188.55432643191
5198.16130843017
5195.4829790292
5171.71223041642
5179.72104086717
5189.59652532591
5170.00819684161
5180.02967320878
5209.78931385563
5183.17911840621
5149.56024169419
5107.3974773726
5121.22809595305
5125.93216568273
5127.18983044341
5157.91554954837
5168.36362005767
5142.73218184398
5124.30319356704
5097.5294588036
5026.51245265083
4998.80175584713
4982.95014620086
4969.4252831469
4920.66977943785
4891.39138820692
4875.24827275959
4880.61468152457
4891.15872367152
4885.7452894103
4886.12091175586
4878.87539363626
4876.75754854151
4902.302977868
4919.65953174399
4904.22749065171
4887.98189924224
4855.07928268752
4822.71441688618
4791.02312710917
4784.60664418597
4744.28118316215
4679.20851120611
4635.04640386057
4587.77673066884
4554.89948060758
4518.24511068655
4454.74119188701
4426.26963734873
4418.3403670098
4400.6036464523
4383.47682406105
4384.10423120901
4393.39198493984
4394.21011574837
4383.41406570286
4400.69807439434
4406.09093297483
4386.79849112919
4373.72405746627
4378.81075269216
4386.50999571061
4392.38380877538
4395.47512659082
4388.32715634936
4374.12332835309
4383.99729608094
4401.15881898273
4414.05464251462
4429.85974368566
4442.93154357635
4434.28787913004
4450.6516939974
4483.19292024424
4503.90081972625
4535.43129468253
4548.19172605098
4565.4309588079
4568.51014222895
4549.8599589194
4536.55493106013
4556.42423220061
4549.67055963384
4552.22014908879
4569.57187506811
4568.92469660378
4543.84691562224
4544.08902776754
4557.96448584419
4536.84403425077
4545.29664679032
4536.88193452987
4540.79564273429
4538.83957158386
4533.55982199616
4541.49839209043
4537.61245813018
4535.67602314418
4521.8958578607
4505.97363461032
4473.33591236617
4444.4042000362
4438.53428316586
4436.60006774164
4414.12992062354
4365.83489093801
4361.36035127038
4362.07031156302
4356.61618239462
4355.10979532446
4338.09718240838
4332.74990812912
4312.63185486811
4312.76971486501
4313.95378446559
4315.54752285046
4304.42640865171
4294.41152045448
4297.37582817377
4283.28240703726
4276.74986840441
4295.81570798217
4291.81938657098
4285.77294316189
4301.11338624452
4288.73735137631
4269.70059770326
4257.67979395722
4253.69697287512
4276.91348517486
4266.66245617871
4272.12659072218
4274.00442726682
4284.5606413612
4292.64737545368
4281.3037726851
4274.9810349908
4272.40610424011
4278.80163276471
4277.1968657172
4292.81837424357
4325.83313001124
4349.52580976737
4415.78513108487
4470.67953528578
4525.36515868236
4610.49183335288
4650.67649612768
4650.59504256867
4680.96215884735
4687.11997060585
4714.873047039
4723.16495522092
4753.22749640833
4774.63370602634
4778.13017897975
4805.58608924909
4817.07177912487
4831.36650857226
4836.85735163129
4844.00098911486
4867.00601663632
4894.27269982919
4912.75131456012
4879.99855648853
4895.1013830671
4922.78235265865
4936.05319346192
4908.39693671922
4921.59621246369
4901.44823660475
4913.77939713057
4908.70489925356
4878.95527280485
4857.39992939936
4839.06866141524
4849.82589627017
4835.1267004162
4831.58553273616
4813.76084012474
4753.47718107417
4715.98290262992
4693.07533893975
4711.93993194791
4688.97636405018
4622.69672664337
4608.2393628539
4556.06433519536
4496.42696056873
4459.23861715304
4429.44761730673
4408.50773378152
4380.79143850724
4362.17393124466
4370.20847352908
4335.54014883885
4321.11573481523
4327.90220036177
4335.1289620583
4341.65020234669
4318.37091852354
4339.49516212005
4328.68042671293
4348.29356804407
4396.51224004181
4406.36407614802
4409.17508268741
4467.65481482311
4535.12100231226
4568.48426863289
4595.33201723326
4659.42681861791
4730.9441474045
4803.14596911457
4837.87066645247
4886.72503209104
4965.0069755693
5005.13629095195
5010.505175609
5030.14805685878
5048.32993309966
5049.71515695053
5088.20655091696
5069.37975291408
5072.49464669108
5069.68672114772
5106.64798922365
5110.77160686342
5103.46558995609
5086.9039797503
5079.78372462856
5113.97111869908
5135.25358213812
5137.9449864539
5119.15459515724
5101.85784990654
5144.04523252678
5131.19517639771
5150.99191237595
5171.8834225165
5150.56020578856
5156.20130017551
5181.34368183225
5181.59729713018
5132.62845540019
5172.21219478502
5193.91945553001
5181.03591480179
5201.22467834825
5184.649535488
5148.97880389862
5146.01334159595
5180.74652742603
5196.06805713836
5198.89785366376
5187.45358541886
5178.76700329965
5190.05575243519
5206.69911207423
5184.39481028781
5228.23965761444
5237.31623975774
5212.32069045059
5220.824989923
5220.18805289043
5234.43196538637
5228.14642296344
5223.03673514262
5203.89138014181
5180.91215311572
5176.6998105208
5199.77838975367
5198.50826367447
5212.88823265042
5204.48542088475
5206.15202497161
5226.35791142327
5223.30962648312
5207.60461569035
5208.46068885856
5214.17760860594
5188.36723429931
5207.61825736091
5202.2928794848
5172.18728946299
5180.64401096286
5179.20734102716
5179.56605076817
5190.33806327078
5168.52968903079
5175.7757771261
5153.75350170919
5135.50488277178
5146.67888472413
5147.7430016847
5126.04938885588
5135.54526973599
5180.86681049899
5153.89608078058
5141.07004694595
5157.3317276527
5174.57600525475
5138.80331615398
5126.03129845571
5089.42119818592
5030.39352158839
4996.04616421492
4994.33077110028
4950.32026950961
4912.05222945085
4874.68762043766
4861.59416274422
4838.25944049203
4824.09053960645
4812.9242706322
4820.39209074879
4835.86905487278
4812.00108841005
4817.2918075232
4813.01630156037
4798.94396733782
4798.5051873472
4781.08783995314
4729.58547548628
4685.57363785509
4663.54045134473
4655.99832357729
4604.14461541929
4550.95812307397
4513.60791745652
4478.01276341993
4450.62004863103
4419.16932075209
4397.40764394856
4393.81137066295
4396.79869130546
4396.70180871485
4380.77710051479
4389.07360734956
4375.10613386909
4386.59455715719
4411.24576323165
4393.62246303811
4373.75455118219
4381.06102239697
4396.52939047322
4408.75548117473
4403.40729920659
4406.92901946473
4432.51744909988
4437.32557666077
4401.59036955227
4418.05857262842
4417.94506304379
4426.32793536467
4444.60326682376
4455.65735040103
4495.22166363557
4489.01383078575
4491.57675706054
4520.59990751019
4556.81053705196
4576.60273180165
4573.85339774884
4573.44334053172
4573.52508714057
4567.12742171477
4549.49437564354
4517.90470228485
4509.83243463824
4525.46546761221
4536.41866709709
4534.88053324873
4535.11114786479
4517.00510137283
4513.75982082393
4530.33694138728
4530.55125986633
4520.34221188246
4520.28524153172
4516.40837201689
4524.75337891996
4505.4719503279
4494.58032631258
4477.73681074489
4470.38433036601
4475.32199119204
4451.25511302945
4423.81229281787
4400.14244403969
4381.65126017803
4408.02235119299
4387.93369534321
4353.43974614653
4363.3632044907
4375.46524365438
4353.33417185732
4336.54515043431
4323.68651739047
4312.23302900132
4327.76088086836
4327.9845308012
4319.68504845982
4316.77786719169
4326.15209664906
4332.11380959947
4311.23697390635
4315.34236178799
4301.52676958338
4297.56475619756
4311.28961211783
4301.06508079773
4328.33875506705
4313.44248638842
4278.50238351976
4307.11669177356
4302.90365059656
4274.72548295024
4280.42944132948
4300.1482824588
4290.70185016525
4303.2525608848
4308.88130426601
4316.49740083262
4326.7540338631
4347.8946329335
4385.80822440243
4468.56647309604
4561.95374532545
4581.72794213719
4585.13444046289
4639.5950984307
4641.25931038158
4657.59297314413
4686.23981382083
4701.24359715125
4725.70517959592
4742.12924224542
4729.33547310221
4751.72625704218
4802.09515028147
4797.81082782074
4822.03479088106
4827.36116492448
4854.16333952717
4871.196182549
4862.54319466559
4888.35444045466
4929.67240291355
4894.51929470447
4902.20243037149
4936.99852472691
4896.56087298924
4899.18406529549
4893.2058487221
4895.87253381822
4883.94699838227
4910.10374325043
4909.87752207015
4875.1452297436
4844.62250090679
4815.94023468273
4841.68022559104
4832.95084570101
4786.36691298322
4769.91452507372
4727.61318167443
4684.67119257069
4657.15131855585
4625.20374512575
4604.09305565869
4574.4358166935
4527.69521488677
4475.43926229686
4443.18597710577
4445.46879862348
4445.31016406563
4402.89917246475
4383.95888614213
4386.17113832656
4406.3487853858
4374.17056240734
4344.77313947625
4367.11782994671
4387.28421656407
4405.14712276469
4404.97818230847
4431.09559922142
4459.19464948704
4492.57547452165
4531.14704224117
4565.55727426649
4610.12807224945
4668.99864324662
4763.85678527235
4823.36245715144
4872.62660679453
4929.89627909516
4970.65200749981
4998.28851204179
5021.8115045193
5076.93247636145
5055.09012689318
5045.54994245455
5042.62692060965
5047.03840632812
5080.6948526598
5072.84206081046
5076.84225543609
5098.24954339859
5127.06528222869
5113.76351675133
5096.85215822543
5118.00886640492
5127.69484634311
5138.50223327141
5152.10474456597
5156.14520082937
5164.23626664538
5160.25054696641
5150.82750266919
5164.62316892576
5169.3727567925
5176.77435309835
5169.95393164894
5185.49668138333
5172.25926242672
5166.33249280232
5166.55573075096
5181.43486032206
5201.60759804258
5196.05301308655
5158.40805403025
5181.15285678534
5231.9272568323
5185.11423750925
5157.80611074759
5202.81429567472
5208.63890960199
5195.28809218059
5220.73677195422
5199.8332239092
5207.36321866712
5221.18166597106
5203.426603622
5221.91672957766
5198.03498817916
5209.7415998657
5243.26833721055
5188.39900974604
5213.60209265412
5253.67138107537
5214.10162360497
5217.95557369928
5216.99941946389
5207.76957122208
5213.06041779788
5220.46609453678
5216.73051703945
5211.92990072195
5193.35480083359
5180.91269389905
5221.12707273873
5215.35529197822
5200.41359479692
5165.65703536608
5187.97621753771
5207.96609190205
5188.10171619954
5182.04385475209
5164.25562391952
5151.94956507512
5174.7959863991
5155.27827803704
5157.86888576195
5146.23156937671
5146.51498352358
5137.29567167313
5105.61706173825
5119.33422453383
5126.60008161715
5107.34241430472
5116.79757300797
5122.09227523069
5111.63828729826
5130.02362906045
5129.27996468902
5162.59829311566
5159.20655961794
5108.42941988115
5111.03694232575
5079.14940459693
5028.61742065802
4994.5034128326
4972.16629960648
4935.62976663935
4930.88558687915
4936.87937284219
4921.00628982403
4920.07534025747
4895.82085915296
4888.80979328233
4906.9549856974
4926.14793282479
4913.78719297912
4905.35558578649
4881.80457453088
4856.76681101004
4822.73258789845
4769.92206005246
4739.78843258339
4714.61718062119
4611.6212068105
4534.81107798976
4503.50588000752
4456.01122713649
4420.85314755666
4383.38200724137
4361.17930427702
4360.57084249865
4344.2800665911
4318.69624275518
4332.28900987869
4328.58019127885
4311.2350324368
4318.09735779932
4314.40399170257
4304.74547682598
4333.6740382691
4342.16470015011
4349.46316802084
4360.3983881598
4343.87961050703
4337.36492436231
4339.3010026297
4333.51976394895
4326.27711001294
4345.24898230738
4357.49116335515
4377.51405244067
4394.56187823433
4410.51855887786
4441.66564848376
4443.81492141696
4454.92803031888
4450.80106285792
4485.89034732971
4503.9356385773
4516.95503937848
4502.86819695545
4500.20470230759
4479.87058294589
4458.2647004093
4452.87074669763
4459.79125201222
4474.804154411
4484.45632431832
4474.96714903037
4479.39136658571
4470.40277637167
4452.50833645304
4463.79224056175
4447.08778903954
4469.06573509261
4467.86928695102
4462.15357645484
4468.20252641383
4434.38639565044
4433.38144347545
4428.29614539408
4421.30645280135
4426.69435886483
4398.10469370614
4400.29205666637
4385.6591812408
4381.13512967263
4373.14519664922
4340.50568077912
4329.7455373423
4328.4745111986
4321.01241270433
4303.28915007029
4334.29887157572
4338.88426342265
4377.73308557897
