2500
1282.32595620396
1774.14496007661
1997.10817545461
2122.10943217234
2234.671258933
2310.39225214159
2381.26462608724
2418.979596891
2414.39793712942
2432.62753978708
2490.21009153949
2502.9606888426
2482.29702167953
2483.21699540514
2478.8211088143
2491.01930270654
2509.10639247653
2512.96403570567
2465.70589616307
2461.81489686052
2494.77857290503
2527.20749417335
2502.59309986061
2485.33318897244
2490.52661542173
2459.42827529996
2474.36812544183
2501.90183698584
2511.17577289438
2503.12544476955
2500.14584509321
2469.91850213164
2467.14292804814
2462.0197217008
2460.22346252032
2456.46603228876
2459.90473141861
2451.33086267056
2450.07285112483
2422.94704480105
2433.84824189537
2452.70497219288
2439.79034158867
2456.38878131984
2457.65862680803
2432.28333202337
2450.14279672849
2437.87097387996
2429.41385779251
2424.63680728308
2422.57919766528
2470.55022311627
2442.60771902509
2438.91852881645
2443.37308503741
2465.358931391
2486.33109473758
2479.87510637951
2491.68198769467
2487.64667320108
2510.93612674455
2526.5279970023
2513.86055756072
2521.46795461282
2560.07109477314
2551.69300961299
2561.66980841601
2578.82920212626
2565.82446765304
2568.48815398373
2582.06261912721
2607.96829179208
2620.42913888853
2645.68999145232
2678.07731658985
2693.26473697838
2735.21824659006
2754.57707586118
2765.93814261998
2796.46909468687
2797.46786577589
2816.60639458132
2819.61235053146
2848.04739522283
2868.96649433003
2874.35668113156
2893.94222260705
2907.66614380312
2924.8752037032
2932.85248033013
2921.80872780253
2921.1630591864
2933.8576326784
2957.78587947745
2957.37407175238
2954.90220783993
2969.62229815428
2947.63963947183
2951.12379413093
2957.02081867293
2955.13779884102
2955.8220391536
2950.6890876888
2971.70295030389
2984.79869182093
2951.23620697085
2952.79603693514
2970.63587057914
2958.93464716736
2942.04066148745
2925.80795087141
2947.73729763261
2976.80067908787
2951.00532312666
2950.27732332334
2960.34874185773
2954.61392751831
2944.38297728081
2939.93099510819
2935.57875400736
2935.0122912566
2941.86729078134
2934.02972967781
2951.42565810185
2948.62528703702
2935.07691524578
2946.31536609657
2943.6802115271
2941.23456210764
2932.19486939734
2942.17125468405
2951.86470579467
2930.57134198532
2939.59395370515
2933.42629930188
2929.22794550977
2920.49977691399
2931.58274355263
2938.40052586158
2943.1244841278
2941.17897641649
2924.95325829958
2926.10245364275
2927.24887191644
2936.40357620041
2933.82989873707
2938.18132663106
2922.8153481595
2932.18727401809
2939.66824998379
2932.88312221484
2934.96335231047
2938.93246203714
2933.05919005493
2938.3505484632
2939.230205526
2930.65710888121
2917.61567215468
2914.36751653952
2932.50231790317
2941.59492072108
2939.71322863021
2934.51374947459
2923.46452701549
2930.82971135115
2934.97106037906
2937.46924656367
2938.5664629676
2956.24595917556
2978.69659486596
2965.00517903611
2960.03692695222
2976.32559896229
2978.3997182601
2967.46183117824
2968.06828788541
2975.13146799985
2980.07556627858
2983.25579166892
2983.46837696631
2973.77382374962
2986.76927359298
2981.96445674472
2976.28617658953
2976.11689647002
2974.91626161454
2976.03824186874
2962.3845376168
2963.96282790451
2974.28585229601
2968.85780396598
2969.5193790593
2965.7922928674
2955.93418345169
2955.17026654526
2948.06255241464
2948.28468218443
2951.26010642664
2942.8908260901
2936.22271248178
2940.76761858436
2929.624300848
2935.05925896927
2932.71073611225
2917.23933061159
2917.05025433851
2922.26497409441
2917.30590111007
2928.76746928651
2927.57898161666
2905.37012569966
2910.61899779595
2930.60809105621
2934.51995508332
2940.65952492749
2943.52162843973
2940.47090386929
2925.13241270301
2922.21050922928
2945.97696279978
2942.5029212242
2930.07779858974
2932.33136497139
2938.20411650877
2926.68558109275
2921.06789101604
2927.72823635537
2929.09449300437
2917.17834333413
2920.11165336438
2919.5709722572
2904.60921532718
2900.249608649
2897.80860392647
2899.90900810034
2889.64410741939
2876.96429946779
2872.28294149348
2875.15101013171
2866.31863614115
2844.37800104696
2842.34398022424
2845.05466558132
2833.93317992877
2823.9253412731
2818.58593042955
2809.91980971859
2813.60052210308
2809.19013427054
2797.0772940203
2798.20341511253
2788.29567414653
2777.1753899515
2773.49705092909
2767.71688655213
2760.34705402938
2760.40728513582
2753.29691538457
2747.80882795653
2724.25550117846
2714.16299769393
2711.28199239897
2700.49741092339
2686.69755741159
2684.78741735628
2683.4897046604
2673.1189882141
2669.41531188756
2673.7653637597
2663.7880137291
2648.79947939155
2632.76647146269
2623.26830185392
2613.73638468893
2600.08288315695
2588.90490920654
2584.03498043879
2567.20824849616
2553.55507394389
2543.7873028897
2531.31309284066
2522.91582763819
2524.25011919669
2512.52623466435
2494.46312899462
2491.1007072772
2488.05229757852
2481.29410592403
2473.11207941395
2461.93308427904
2464.7898607001
2460.49570973541
2458.80638205903
2463.40748645559
2454.50752567176
2443.547967751
2441.71028025211
2437.76756042615
2429.86481700489
2436.32621164465
2435.06533629609
2424.07366676818
2432.4830938362
2428.50931166882
2414.30583544577
2413.06166093293
2418.91335758359
2416.22083754112
2411.77403819362
2410.26684227832
2407.95729035679
2413.60693407268
2414.28946573172
2409.45226208482
2415.19972871713
2398.77143899342
2397.32859915476
2400.78026581107
2400.75451210773
2406.50238720241
2398.73418015518
2399.78033301096
2396.2129233583
2400.41378124101
2408.61838649819
2409.81609057622
2428.53291800313
2451.08353959625
2478.79318533312
2520.12463271642
2578.61516212501
2620.0412601047
2644.16511375951
2656.55851018838
2662.11627415203
2687.96593227393
2696.55274113187
2699.97109116841
2709.48308259168
2719.64795023464
2729.46501953549
2734.64316907806
2731.28360169378
2737.67629683413
2747.04935033927
2772.19485587789
2797.18972431923
2803.74200527249
2819.29188411475
2835.15909142645
2849.43839812187
2867.94654197254
2873.15535399483
2872.71097726962
2885.94488272852
2902.71606325657
2901.84164361874
2901.28174050547
2917.11839996083
2906.33810166778
2918.35487695275
2931.33508359244
2931.53624814571
2932.15381979403
2933.63029358786
2928.44409975898
2938.27197887419
2937.05790500699
2934.44807513777
2939.89030185093
2951.28183678883
2947.93533397931
2938.44625932571
2939.85905005415
2944.44554456458
2951.19211952244
2952.06130859184
2943.28244417454
2954.43207223837
2945.97335537569
2937.45970495368
2933.93999763571
2939.6055723492
2935.77268053854
2940.9928013686
2939.11260982431
2955.08395126791
2942.65740033738
2933.35584226255
2941.65757271157
2951.49478288841
2938.80632351275
2941.65282595982
2947.96050454573
2941.6898462876
2936.30981815726
2942.61723947027
2938.97226045932
2931.83140284147
2939.14242027747
2942.58555553993
2936.71273897577
2937.57881792324
2935.47070019694
2933.32610505448
2948.57672337109
2951.57059162554
2941.23174269557
2941.13611357313
2948.71786993784
2947.8520420446
2937.0713469171
2944.90818570962
2949.50113699504
2941.11870400997
2943.11265384117
2948.33696654895
2947.95794081557
2941.88989802128
2959.43253626357
2953.52905113876
2948.96011380604
2949.41006298518
2944.46894494795
2954.4172800747
2948.65358143165
2952.80788311361
2946.66420290744
2945.37388791422
2942.76130157445
2941.92448682089
2943.25234110555
2939.03474757082
2942.18523655175
2938.08874771737
2939.48700856001
2943.86991248959
2960.22565261508
2960.9354305218
2976.60609429255
2985.16544201441
2985.31098613388
2991.55334528023
2996.25465910024
3004.21040704212
2990.21131352471
2994.40341081905
2994.60057847484
3002.37756283729
3002.44902713559
3009.57486566465
2995.66922695312
2983.20209905187
2997.69077667405
2985.91785794511
2991.01617684547
3000.99107066483
2982.12119252503
2971.38871156593
2966.41148777012
2955.9982645007
2957.87684238072
2957.98827493833
2950.14892015394
2954.81777257492
2954.73700144657
2955.64948996741
2949.42744375023
2950.9365981182
2940.97326816329
2939.37379552329
2938.84360395204
2930.33598761827
2933.90872543698
2933.49054205864
2938.72878156543
2940.48480874852
2938.05562998928
2942.44877109422
2944.25441913956
2939.79166317196
2948.03458701647
2952.4333276887
2954.43516380403
2955.56151082868
2960.37013784235
2965.74002251361
2976.38119763627
2984.17237116741
2977.20220426438
2972.59041365794
2974.83398888332
2976.6073693876
2970.12873498136
2958.74811939112
2963.30853733996
2961.17180347527
2951.19660447852
2944.90442801204
2947.72040917907
2926.61298469792
2923.20722251217
2918.67794124415
2914.41884145617
2917.34488696817
2910.27825172627
2902.04997632091
2897.18152626401
2885.90485669442
2872.10307763108
2867.76718948685
2860.00119490348
2854.65380975385
2851.1386877987
2846.02631604499
2830.39282368573
2824.903087553
2821.33855971357
2822.26009957089
2825.27755396669
2821.78353336127
2811.4833382548
2811.28470222162
2817.35241532174
2828.65213231711
2826.33836962465
2816.27397732962
2814.0932842633
2822.35565254999
2822.21102142226
2810.35032468228
2803.17010590755
2798.68986752499
2789.423415751
2781.47054257986
2777.33616656783
2763.64438773075
2761.03971296099
2757.14557713539
2746.27957969813
2735.22168346242
2714.24101476323
2701.01449724849
2696.33278786342
2679.80756237271
2653.36912443482
2637.77810254987
2617.3757947444
2605.77697495256
2587.89165000798
2574.22141184934
2550.53891023493
2543.93384684885
2532.90434398774
2521.05475021381
2509.73052882776
2497.0969583437
2487.6144158751
2482.06467532091
2478.07571968733
2463.5765268545
2463.32734279507
2451.89796599932
2445.40971354271
2446.27776971437
2441.91336333586
2434.66520331739
2437.01237882981
2427.89004098155
2425.06138881223
2414.43880673427
2412.2557989889
2415.80538834889
2417.72446059289
2409.6555081054
2417.9041886405
2411.97218418146
2406.3333566415
2405.36646085365
2408.35237867518
2410.08259884338
2403.47197985684
2397.25092825261
2394.51796259222
2394.52445734184
2395.0803697226
2396.19717164392
2401.03297006696
2400.32753383303
2402.70316483335
2394.84878363091
2390.39266768782
2396.04452446383
2393.15555409797
2396.43395140385
2423.99566810402
2450.06060400863
2470.75064607864
2505.11906985527
2565.64459021393
2626.13181357946
2681.13948775637
2717.44402584161
2733.91867702528
2766.33917106906
2780.17762316409
2785.26387551398
2800.5548107725
2798.48184392347
2811.38761282197
2802.70903672496
2808.94169870662
2825.84431351521
2826.12734583765
2837.93567130226
2851.03217157102
2859.40499373263
2875.3727664782
2882.40480396082
2893.26300359442
2898.44776037127
2905.42139730414
2909.5513058747
2913.2967294306
2913.74419052328
2925.13767665503
2932.53553065369
2927.51876691437
2936.32473106777
2943.38511545482
2935.5441293904
2933.32448316845
2939.65670423957
2943.06181258217
2945.66575679942
2942.99313814013
2937.30100569428
2943.43559183456
2945.6798689389
2942.24324546129
2934.68052962983
2937.52765294095
2936.04841554076
2935.57751854683
2943.13864048298
2937.79513257953
2938.97957766495
2940.99230442083
2947.40157401589
2944.74132488392
2941.02104181698
2934.41638949678
2929.85197759812
2932.20384722185
2935.51158881436
2924.27713107069
2921.56846406668
2923.03849188617
2929.2255114694
2923.95994527218
2923.57081012099
2918.43611833618
2930.19451728126
2932.57489068721
2928.30719747013
2930.53101684777
2920.20198913744
2914.73657747483
2924.66660426523
2933.48451845869
2932.12783299649
2927.86044939116
2927.01174822652
2923.04732133094
2925.95521109343
2918.3131371338
2926.77100826642
2926.63650005593
2919.13750818578
2918.2628263981
2919.73017365638
2914.34739728457
2919.3856018519
2915.67234642839
2920.34561780225
2926.35090193775
2926.64512798314
2920.57815906339
2925.19385098059
2925.71153922765
2918.47159520638
2914.55932688009
2918.06818531553
2921.15752853309
2927.40704956712
2921.20885965196
2910.47804467537
2914.19094997094
2921.23523217859
2919.91380518924
2907.8347947178
2908.29703090208
2914.94372017999
2915.10328106333
2915.71678010115
2914.66356478167
2910.21784648216
2914.55167630669
2915.66656322899
2909.9401230235
2932.98093021151
2960.98714927926
2976.63700688734
2980.70353200732
2987.28962892821
2995.3873076837
3002.79043268705
3003.59818267835
3002.31702038851
2997.34730132871
3004.43929925479
3007.52236329765
2995.13859015491
3001.3984030341
2996.79202856619
2996.79804325877
2987.79955295524
2983.92391414153
2985.63882876739
2977.40511262433
2972.2880171616
2983.24876904398
2975.5736035815
2957.77843073175
2959.146852383
2960.13986741664
2952.62343727407
2952.27080704355
2944.03811095476
2940.46847211164
2940.67298295133
2945.36215564336
2941.11541012104
2937.64886869496
2945.36999730523
2949.06176973764
2940.1467638378
2941.21591091787
2953.05739312011
2956.70500604414
2947.71153121297
2946.4593334635
2952.38592165878
2960.28083385751
2960.38123793271
2972.0220486026
2981.92238028287
2980.9875035531
2984.45326435553
2990.90349936432
2987.55092937628
2982.36017997693
2973.36070434686
2979.98657064734
2965.8908543069
2965.48333685625
2968.9298014813
2963.03416263276
2956.9108374942
2947.37531704169
2932.92651606316
2920.84458817045
2904.67847256772
2911.17628277006
2901.31232134469
2887.54131958898
2884.88440285966
2872.29560278254
2860.58437250187
2845.131303679
2839.519488594
2829.34329062294
2813.01774568695
2807.28229706857
2791.70548014197
2775.36721209112
2769.57673813658
2770.40388461921
2769.80982993278
2766.05487846659
2763.16612790169
2758.91546582766
2755.26927767251
2760.30534463279
2757.73819290551
2761.36161532102
2765.65268450361
2765.24251606946
2776.75616448662
2786.91638486656
2801.138923033
2796.40192221395
2804.15933762367
2805.69113215988
2797.07310251838
2790.93416672442
2794.08347360972
2792.48369974041
2782.55851369221
2774.35593404963
2774.10651869581
2766.47311033566
2763.15410782091
2754.09408150507
2746.0065876372
2726.42890129431
2717.05414617579
2700.45427117406
2675.44994674247
2655.37271589588
2634.82593184477
2621.85422897579
2602.61356825294
2589.06594377809
2566.40753929285
2547.3718622274
2534.28469329668
2520.37782916142
2510.11159195465
2499.38603734974
2484.32537332183
2476.81328246183
2478.64957812801
2476.83936191693
2461.78260256443
2452.61005233508
2445.56873900107
2439.78158524674
2447.53163773948
2438.04516320283
2431.33836515831
2431.21255544601
2427.43303271211
2423.87965005796
2417.2188100464
2414.4734431725
2418.33178841778
2415.38228633718
2408.74444178164
2412.56250609392
2405.17551793459
2400.91842371593
2407.64982498427
2407.53290278122
2402.68105493259
2407.74947525268
2397.09590537295
2396.35744777183
2399.04617553883
2391.53547281713
2401.10297293846
2401.35896925423
2393.85128809702
2390.40046189589
2385.36818544684
2396.98093061335
2406.62318356731
2424.70413990618
2441.55329080405
2466.40815930342
2506.95500880527
2554.79217263644
2619.89788842602
2667.57188927039
2711.89341524828
2745.68783097535
2766.92050224646
2776.98944473843
2784.83105795298
2791.60736320545
2799.29834535378
2813.58033630848
2818.03742535915
2816.9373835676
2814.16260786531
2824.41035418747
2830.13030053137
2856.34832561692
2861.09955389261
2879.62803941243
2877.05782246799
2883.27746083742
2883.72480337823
2887.05736344671
2899.3502417116
2916.80152356133
2912.93555657149
2904.19634732201
2916.7435155793
2916.99872575111
2913.53415961873
2917.67746953531
2927.52098480005
2924.40750439048
2930.9096478831
2930.46147503619
2938.92017525205
2933.09454881705
2939.43745503462
2940.99300972627
2928.09831947926
2934.08471954705
2939.59200035164
2936.18863654847
2926.15099879277
2931.60843650371
2938.10416201706
2932.50065501127
2927.85350418152
2925.23603303568
2928.02786379139
2933.15628610396
2936.28572632818
2925.29122793242
2931.94002111422
2915.62206940775
2913.65279693972
2920.01840803017
2924.70914773261
2929.43900424523
2927.94069946406
2919.21803187251
2910.76949464548
2924.31587588371
2931.28541527215
2914.02790969003
2908.46637297574
2910.13153948937
2909.76200042162
2910.34782635227
2915.20717300419
2916.61348896961
2904.20018429366
2912.22325925485
2920.61096682589
2911.74752125237
2910.17420887507
2906.26356483387
2899.79920177043
2900.25380650577
2912.2203382199
2911.94397723006
2912.25100236888
2903.33643870231
2905.7940870872
2911.32823641679
2897.68743410763
2895.99623086192
2895.36077174457
2892.29056215708
2897.82986708757
2893.66643666976
2901.34465838971
2894.00378473565
2891.93238431896
2896.92223322321
2895.05434058065
2883.2165029387
2891.32247753854
2896.6881023581
2892.78411430995
2895.68155445191
2909.65025246384
2914.19649485434
2917.13735724242
2908.18699297643
2910.82612681902
2921.48302049634
2917.43935107569
2915.92550251094
2919.87438302925
2924.55405013018
2921.21294483313
2917.64215572199
2919.43079126441
2913.80511417132
2916.95310219324
2926.7639536887
2933.36556790269
2926.81712587929
2910.40796442198
2910.0491933394
2922.57127514727
2920.3221846986
2923.13592778417
2931.02240179923
2923.72646800845
2926.30571370694
2924.94229449977
2913.07464889022
2917.91107312282
2923.09507486052
2918.59682092708
2921.02905911028
2920.177376299
2915.64966497165
2923.71078124507
2914.16196868342
2916.51233975362
2916.9717703388
2925.21790872349
2920.43911454963
2911.54252062462
2925.36521718162
2923.18410251485
2900.75437135765
2915.06700055533
2922.53863737546
2908.43368282661
2914.51876182072
2925.63401070732
2906.78246739644
2907.03030655581
2921.5478489991
2909.63995805828
2907.03466395748
2915.26972409983
2911.85811416709
2904.41147080046
2909.54806459917
2909.25584622491
2912.1247680043
2916.78385446615
2909.58883317831
2908.45101199396
2906.2731562983
2910.33788348117
2914.51345172189
2907.86216681655
2904.12793148566
2902.72420168246
2903.85906716069
2906.81683248643
2907.62721086981
2910.24252145298
2914.42188257523
2910.19197944714
2911.7627018472
2904.45614702662
2913.6598828265
2933.49566005599
2948.93926325102
2967.65278671976
2976.03521356303
2977.3262056928
2995.58496882267
2996.68995370935
2995.69636070883
2990.80744644505
2984.20555035632
2982.80957704047
2984.89583195381
2984.79178934128
2984.2162223209
2973.99565240233
2974.26118178493
2971.66720990203
2970.40809773792
2967.90892717809
2963.27999500945
2967.44673748818
2965.01811606789
2948.06802772329
2953.54873172351
2945.33862795583
2942.37342597568
2946.75631360815
2936.92358272695
2927.79178719416
2929.19710682984
2936.67357088514
2926.18578964021
2919.36192843713
2934.48308718992
2938.26468659583
2938.87050302181
2937.50012776939
2930.87281522685
2931.91073506364
2930.09568532547
2939.53900549354
2954.09097967522
2953.06558844212
2949.08608297929
2957.51608357153
2963.79289996192
2958.16093568559
2963.37540635127
2972.62176078094
2966.84790218972
2964.34865524059
2960.54857491712
2951.48325002265
2945.12929670835
2948.05635502175
2942.79162450321
2935.18346879532
2936.69273972576
2930.71217208604
2912.01765973811
2908.80797214376
2895.74539943705
2874.55964896836
2866.70296390438
2858.92164408451
2838.78768608165
2810.29663881662
2792.84646213138
2781.78172397445
2755.93218771365
2740.36756547184
2733.51646361184
2721.76520311908
2708.83962709279
2713.35771146596
2706.17143291636
2700.20633645629
2706.5754507886
2696.2421526408
2692.52607393998
2688.81154183216
2693.65470515359
2698.28028883124
2697.40011531998
2694.56138778918
2698.34785723591
2704.02306329871
2707.7245867669
2721.89808009745
2724.04619857658
2726.24732847393
2738.77487342395
2745.53244192846
2758.91847829443
2764.54799074356
2763.17171066026
2767.76139532286
2764.27768785217
2756.7889349747
2744.74605149988
2747.48436001621
2751.45956775463
2743.94355449798
2741.74537998052
2730.43671736584
2716.00752882009
2703.71338595787
2689.68124319975
2673.80113227175
2656.632974272
2646.74952329695
2632.79968821811
2603.14627663314
2587.80497422693
2565.01703365475
2549.38366147656
2529.11597641058
2520.12315856488
2512.29051680706
2496.25228490209
2490.13096208809
2485.24036978652
2468.17419793961
2462.91556061403
2454.81406218278
2438.36322963033
2444.03661047514
2449.48237489717
2434.65273525574
2421.85539478563
2427.59232982976
2429.69308362877
2413.11483182212
2423.37795465191
2418.56324946495
2408.56568499318
2408.88231018031
2408.01606500496
2401.41615792229
2404.32023740562
2399.06528019328
2408.46011634152
2403.90288705213
2391.04699359306
2388.73982175355
2394.16774890796
2392.55464670657
2391.69819514738
2392.05790133313
2397.0384773642
2393.26720959385
2389.07084507903
2392.34925833532
2386.84341977311
2386.82899911948
2393.43623261539
2402.20996227411
2397.3089952111
2401.92961857574
2426.92183196555
2450.04258443077
2474.30413509696
2517.64145014367
2559.09298951096
2624.69268048737
2681.04878636593
2712.4403904099
2731.77036740743
2762.70655824148
2779.36975431084
2777.33993053506
2787.27934370381
2790.21651478344
2792.97148932866
2797.02857646331
2799.44659172712
2810.23949019151
2829.06926477889
2847.22438242072
2851.54257216103
2850.36366244728
2864.96850165908
2871.07539681071
2876.50556405713
2873.52873547477
2895.69063810735
2907.63835360882
2907.0686680165
2907.67146594565
2908.56927253684
2890.78480666467
2905.52842190041
2920.82162614303
2918.85231673082
2925.65216374448
2922.64326960738
2913.0455518407
2923.16722301036
2926.04895680133
2916.99762333314
2915.13769645088
2927.15830781441
2929.60103462121
2916.15933336536
2932.83377299413
2944.58145157296
2933.96797351663
2927.34235678341
2934.51365213446
2932.53259877789
2933.68909730762
2930.79867164413
2920.72759246648
2907.09325115198
2919.16089069577
2923.00733773757
2917.03482007066
2912.77995953375
2914.50078661291
2907.28032711572
2894.73364334805
2896.64922304298
2907.79580924037
2897.64256607759
2903.91691303524
2900.5765017632
2891.26217685659
2899.60247913891
2903.27346198334
2905.0893097654
2892.65306595709
2890.73182292536
2902.02084238857
2896.87396306286
2882.49486196525
2896.55168160226
2903.09962824542
2890.72589046698
2891.2553610645
2888.73597079445
2878.12783179789
2875.61895815267
2884.33582650675
2887.90256800726
2886.99707746356
2891.98442883823
2895.0186512829
2892.18862245351
2886.11021232033
2880.53149404886
2872.36446119021
2882.54459109069
2880.19873493369
2882.60260812542
2887.34265135562
2889.41130284376
2878.00898980056
2875.29640003145
2870.1205348832
2882.26478850924
2881.72184244896
2871.83630756716
2878.02981339472
2891.49467988477
2901.48133715615
2898.12664236253
2893.25086953668
2898.46741782855
2912.35674121304
2916.33494396501
2908.81799224177
2904.57161766576
2917.35666530068
2922.51228635418
2913.12826017429
2914.15669633585
2911.86605762794
2898.62153457616
2911.74005473987
2932.43688256124
2917.62980163549
2912.75728434015
2909.33376857231
2932.84153297167
2963.70644867373
2973.20308595022
2981.96725396357
2991.43715454741
2989.32569432352
2992.69757062417
2993.58676981398
2999.87928069065
2991.76876390568
2981.38218769748
2983.03714437352
2981.09906867146
2988.08728961136
2994.87381963946
2979.64573950898
2974.08338825664
2967.45206080591
2972.43093873916
2978.90734143579
2968.78539160925
2958.62177080856
2961.23855127471
2959.78589010868
2945.49814818891
2950.80609884624
2940.33804656619
2934.91308004138
2946.57292097933
2951.25217304521
2930.85480701735
2926.97201400089
2943.72224592484
2932.29373879905
2941.22664814075
2944.52590846633
2933.14125907962
2935.43093894387
2952.14494392754
2949.23397202408
2939.38878219214
2955.68940847772
2952.15091783169
2953.41002666217
2961.00485723146
2967.28952299984
2963.16489278881
2960.36873001566
2954.67591561596
2946.27214111501
2950.16283219078
2943.25242461733
2935.73786396862
2933.61843068026
2934.81985249005
2932.99745812292
2923.68836699846
2918.6466482648
2918.64143527683
2912.96944325685
2894.49640385653
2880.00182191244
2872.17366857462
2857.07781474742
2828.35465310396
2804.91340259604
2789.21205728309
2773.22230655626
2754.9457956207
2734.12830312787
2717.12304251489
2709.91206985476
2699.13482718084
2703.16482040167
2697.17799596673
2688.81910438667
2692.95245366265
2690.42397902489
2685.76862615519
2686.81871196017
2695.57076934395
2684.56108036039
2677.59919698177
2687.57999154777
2699.85503966417
2694.69284018939
2707.75241340332
2702.88767742626
2693.38658850119
2706.71992790866
2716.03283362393
2720.46060368093
2731.83598259298
2737.75235784566
2745.56384617156
2755.85844052495
2748.86465635303
2748.28681514707
2750.34931151348
2749.9330991969
2752.88600186565
2755.59953618566
2740.42743331398
2734.08269901875
2730.9316891053
2733.33346333104
2720.36181624346
2695.46305407914
2690.09500467314
2682.82798948712
2657.28113277336
2635.92774776758
2621.52861489945
2603.85425553294
2578.86632909431
2561.17371089431
2549.60272898921
2540.83852299248
2524.1363833293
2508.1509922998
2500.15397804802
2503.84426821774
2488.6983570496
2479.38101611279
2468.74179192622
2458.61586218581
2465.86379162738
2460.00937916366
2449.77771277408
2437.00445717711
2440.6805366622
2435.52075650518
2430.49772344256
2425.05009104728
2426.81609488154
2426.09361767382
2418.81745616041
2428.97252458819
2422.78785106969
2411.11000459757
2409.62909174881
2410.59369773303
2416.61507056684
2413.60993825424
2407.54926450799
2403.28208040471
2404.84234761448
2407.51662553692
2409.35291633357
2406.41715434659
2402.01062339456
2406.47940539569
2404.35139174434
2408.25470896879
2407.44851145816
2392.09395079442
2405.5369491401
2407.67017820272
2407.05911797042
2419.89570580975
2433.03934608117
2458.25417552315
2493.3813925603
2539.9692080353
2584.67565751177
2629.56351907834
2686.26328575515
2729.16529989985
2735.49782582967
2761.09852941613
2774.45744703971
2780.81419172126
2779.39004684052
2786.85248125936
2800.99064324828
2804.23502736765
2804.49274224105
2803.92202291035
2810.79892545809
2825.03930836702
2836.67227705332
2844.51376750711
2846.66334218359
2855.96052256239
2871.91298016355
2894.25201244887
2881.98340773749
2888.77898650945
2897.19779634306
2894.77668646231
2900.13632741689
2901.75871555939
2911.0021621163
2905.73076100867
2898.51391832832
2904.98606593155
2909.74099388236
2921.40229755118
2906.76682429112
2908.18495410835
2923.78496551677
2919.44670272163
2908.1115525973
2920.24756319432
2934.65029714905
2924.87657800487
2926.38407082388
2928.92916515731
2941.97723249924
2926.43591659728
2917.07821798414
2928.04004486278
2921.74146112368
2901.89988157989
2897.20918346862
2907.35313721075
2909.22642329721
2898.4446150282
2901.00155135444
2895.83089829114
2895.93143224666
2907.72952626109
2899.65530609587
2903.52253083314
2898.69560146709
2899.77019533508
2896.2107477911
2884.57239970991
2888.28243819398
2892.63634388377
2893.11552018293
2886.71039737317
2874.75462250571
2878.56406078529
2882.40859509614
2873.25490518413
2878.82539108238
2886.07162350228
2879.75788894421
2874.62824721053
2881.73821281455
2876.58133732048
2873.68985331212
2881.83006115887
2884.38967703455
2880.82130111567
2877.70553464904
2869.15832044539
2872.34953368948
2875.64937365655
2870.50841766604
2865.47795678409
2868.91437875041
2854.42609731774
2848.84117336394
2867.95993686803
2862.90499611733
2861.77330385844
2866.62704793086
2849.51200681812
2849.14167177754
2856.62528366228
2859.31635968191
2852.46143612968
2847.66125136146
2845.58825730741
2859.18841983583
2871.83726574109
2862.01097263146
2866.20694990755
2874.12748440073
2880.76209025902
2883.02512288617
2879.53283957623
2876.27145510522
2888.40284269159
2877.15825331546
2897.71949999328
2923.9824591743
2940.83637590021
2946.39721959443
2960.00328890495
2975.16912476959
2974.30265980947
2977.65441342229
2978.63414992174
2975.58361535509
2969.87480949979
2977.3025703709
2968.42754807412
2969.63550255394
2970.96513624884
2960.48105727321
2950.49503695068
2956.68873670379
2964.60442403104
2959.65708665239
2955.71771105282
2947.49469020379
2949.63350924621
2944.96135066939
2941.36785554606
2943.72282603599
2929.58231311001
2929.48368604496
2930.15545831059
2925.03405519911
2913.04331790253
2918.77868473752
2926.17981083549
2920.55077089723
2919.31076001947
2932.13624291014
2927.40681529255
2926.16420290641
2928.51118662306
2936.96501097854
2943.49924992518
2941.32292932293
2945.85497854428
2958.93900390034
2950.6078974526
2946.47162418941
2946.10356707241
2940.68366663355
2939.01690878768
2935.88988503444
2929.83512177854
2927.6947088976
2939.03616185594
2930.63535603137
2923.93373080885
2932.03274148191
2926.24269076238
2919.95909026854
2908.38779662063
2901.28202665824
2887.37249994547
2871.32610211513
2859.62424210643
2839.29920963596
2817.16086922488
2794.6923920683
2772.2025084441
2764.0668504994
2749.26380222976
2718.43474553326
2709.9288500037
2701.47778957041
2710.06384169781
2703.13889234275
2701.10318785409
2698.58400110247
2697.36437311505
2691.54654051723
2683.92070067012
2690.37877644748
2690.22324601581
2698.50193575714
2692.57116344439
2687.28178458168
2689.9030784592
2693.12065432129
2703.41476165466
2715.06328610492
2707.94399329823
2711.38262737724
2720.79734991723
2739.89250143367
2738.36828646652
2736.63659340101
2747.17594918518
2757.51337367385
2750.4583328701
2741.21463137656
2738.03502621153
2741.0984991857
2752.56309437658
2742.63073069734
2735.38927211335
2738.93944433296
2740.64456107783
2730.38716293505
2712.8266557754
2708.15038471113
2686.6047499072
2670.6049828604
2658.05010408655
2642.37674888307
2617.93292856664
2604.60648032551
2585.89327624108
2565.87296612127
2538.50287854915
2533.98990734286
2529.09447885308
2512.57500594662
2508.84850376683
2497.7029925017
2487.69653790371
2475.36498816613
2468.91320191873
2465.74932472526
2458.12840240289
2455.37033541503
2458.71806337941
2438.29955671178
2442.5868424824
2443.73578439253
2431.45248687995
2419.49237419802
2429.318743094
2430.72338276156
2417.78610672252
2423.27640878813
2426.77506213324
2418.36004251754
2413.81447411714
2428.37223730525
2421.43813308323
2413.23460796299
2405.2755393024
2411.97729221594
2411.90150581382
2411.82399881548
2409.15487824853
2414.75899230259
2414.2403908188
2407.63013357984
2418.02888811887
2422.67218707838
2438.12565412773
2464.2478694684
2510.68901670511
2570.96834289407
2633.69679825171
2679.86664899746
2708.21290893789
2728.99564082463
2755.01338604499
2768.40964565462
2773.44526869343
2784.75674299981
2787.99831011244
2794.65433025797
2806.97467895249
2816.4886684838
2808.75112120986
2803.14478272913
2816.53412727172
2826.2641862512
2828.98764135565
2837.33564630503
2844.99326062835
2860.29304895325
2859.72166770823
2870.47192867772
2877.7319369796
2882.74123382528
2867.56212311347
2878.95836142629
2884.40271991724
2888.45847558509
2887.93069492801
2884.7275629072
2886.95724783533
2892.68516662896
2893.5308903115
2891.50940109597
2891.8222064351
2899.34276216217
2903.95902835284
2900.67169245004
2905.53088387242
2910.21801436024
2897.03765930553
2903.3221807106
2907.72689187166
2910.92414879107
2905.01235159991
2902.65605782693
2898.02844891613
2893.70901043719
2882.83894730151
2881.81041424496
2888.52806987598
2884.33338341083
2877.83860496129
2869.99155034648
2866.21412815082
2877.56729116048
2884.70160524032
2876.77120811827
2885.29363310315
2873.18688404286
2868.27700715287
2868.33755089585
2870.91596247745
2880.39339498941
2865.83594661241
2866.90457604864
2865.81123592073
2864.79914064599
2875.09474016536
2863.3551160091
2868.45969947199
2864.51488943001
2859.40088825309
2872.40207138908
2862.9846715017
2860.8180811827
2857.29947998276
2854.76442952768
2857.52092112126
2844.44004732902
2843.60281978686
2848.28461521832
2858.59460022632
2851.78257408655
2853.18859165478
2849.72604748304
2851.2307920247
2850.76032868636
2844.70398012611
2841.38036395893
2848.86704424091
2853.28593105982
2853.13808636277
2844.51411872797
2835.06558935193
2834.65818109377
2846.64724860644
2844.82675479267
2834.95954780715
2842.25493559351
2841.41015687315
2848.86589169541
2847.78130215087
2842.30889680691
2848.76550866897
2855.99734250913
2853.6040527057
2853.01704643174
2853.58551360967
2851.39785859678
2857.3111279438
2867.12029944659
2905.82463659785
2921.25617639955
2933.0793564461
2946.62213357498
2958.14296415928
2955.59224265227
2948.00543494279
2948.00754557509
2948.27987532129
2955.35517811151
2952.70714152099
2949.7644490625
2952.44944093189
2949.71606683835
2936.55824276078
2939.36937098059
2945.25026102263
2941.86238914457
2936.39772452807
2936.07015046458
2931.22486937355
2921.41887549933
2924.72464280101
2926.44586717083
2922.95663443752
2918.60239328223
2912.85160026978
2915.73461426949
2916.94937473458
2911.18956951804
2909.19982712022
2900.63656192397
2902.56842293428
2900.27514988288
2898.56795263871
2911.56096332781
2911.38441343043
2911.0189167535
2908.5786819066
2920.82792336255
2927.3067889304
2924.28710705011
2930.0153126745
2919.13506584891
2919.75305246602
2933.44124869645
2916.8737360355
2908.99194169326
2922.71803499025
2922.05241260646
2925.88339957987
2915.46493525454
2912.89323408951
2910.98804021259
2909.27345874766
2905.90396158528
2902.68600855051
2900.54660286388
2894.09724416694
2872.81459615087
2859.87027589389
2852.27293031708
2836.38331018719
2817.65569573257
2802.57524730302
2781.1783333115
2760.88485570536
2753.4648915921
2735.74761728802
2720.06064545895
2705.96187631459
2696.3982618352
2699.27682416816
2704.69134795855
2689.67032738474
2680.29943570613
2688.45910410881
2704.41887829612
2683.41458697969
2680.99557675273
2701.82697913805
2697.43320936234
2693.77044757687
2688.87849710471
2694.98638393711
2700.19516821261
2710.3274001344
2711.11750157675
2713.81178799207
2719.3542637618
2737.42819409336
2741.11920525952
2753.19891606261
2752.94272500008
2747.73953386598
2747.1953350515
2745.88216594967
2750.74658385795
2744.95522350936
2736.12789957412
2746.17522004268
2733.41025284969
2727.11413615865
2734.28090044933
2729.44906583878
2722.48234569241
2697.76917738711
2681.83819354129
2677.93310486779
2657.84996524434
2640.18722598677
2625.9394915849
2607.23262558669
2590.377626322
2574.44798505857
2564.83077403192
2544.34371574933
2530.32028272498
2523.72876703425
2512.77758034168
2516.80673685836
2502.79767237425
2480.27334833933
2473.98030772107
2477.30501941308
2470.83933816648
2465.07797752866
2460.65902893451
2460.02857200804
2455.49139650808
2451.38830327645
2433.92303814568
2437.65808025326
2442.25168533291
2439.12319344193
2444.11203255727
2435.33508232211
2425.36992443999
2418.02254537318
2420.48529369388
2424.00247393448
2428.51838622268
2419.88734123939
2423.19305729687
2424.54603632034
2423.36578499279
2430.65601678347
2427.01391421459
2412.99447599089
2414.63599444063
2437.49334989303
2446.06327163611
2469.42361259353
2524.40776667752
2571.00900811067
2631.4412056918
2669.9880582243
2694.83648845267
2720.54543676298
2744.75809906404
2761.83271417899
2755.31678298186
2767.1753389274
2781.57720182358
2782.34537763221
2784.19360956348
2800.60197799445
2790.72890855112
2802.5997839793
2810.83489782817
2808.70147230157
2813.57883860419
2825.06451192539
2826.60458389225
2836.42444076395
2855.94356935132
2845.18442160527
2849.55896135713
2863.21926195723
2857.85141041352
2861.27481473382
2876.3411846294
2882.79077592243
2867.16605398499
2864.45121708692
2887.87060810099
2892.75373178803
2888.01070321527
2887.10473532446
2885.95657086743
2882.13121295668
2884.06417979404
2891.21247432501
2891.1363432816
2890.68927339657
2883.74562228316
2889.96062080351
2892.4246641286
2886.92476650888
2878.84525571916
2877.4437753553
2883.86591057073
2878.67267661569
2882.0335807895
2884.12508947948
2874.2283602072
2871.45410550051
2875.27713920675
2876.59839142686
2869.03692017603
2866.88145135893
2880.50509745857
2870.14672012133
2867.02774827608
2850.14337338966
2853.51360916704
2870.45514875423
2860.82301729157
2861.28187056492
2856.37176376323
2857.12652419975
2852.71868510968
2853.63322785752
2849.13684021139
2851.60288249652
2863.28903810399
2842.81076810974
2844.3182603798
2860.97933772955
2857.3436547564
2850.66895987523
2840.98752969639
2846.50855413443
2839.14420652514
2839.55318081481
2846.73204689133
2840.20331772285
2842.66383157448
2837.77333219705
2841.21897912366
2850.0499401379
2839.6579250033
2842.36109623879
2833.16868547948
2833.13353245866
2834.43186155527
2832.82439603547
2843.83814158834
2845.06822580104
2837.3673876433
2824.68005424331
2825.64058538577
2837.26023147673
2835.51261754375
2828.09293794367
2825.22354612263
2834.15107634849
2833.93954508994
2844.63240911872
2836.97564562823
2843.37767196642
2850.01178640538
2858.82574186153
2899.804199547
2918.30596336833
2917.65825335972
2927.37303483443
2939.24615866685
2939.31688430314
2929.9476635906
2938.26864040728
2938.02272692951
2940.03574699002
2945.66467536748
2933.52441287667
2923.52629872852
2926.32843859125
2929.7434975412
2931.10575214869
2920.39604211995
2923.45731494963
2928.69620918818
2919.09449668446
2912.54216822041
2912.0782943509
2916.92406770605
2906.23838346406
2901.37233976971
2897.03347058299
2899.34063982255
2897.2344946809
2890.30748233189
2888.56187694227
2889.79926165376
2893.2944468389
2894.22391792861
2891.17153372714
2889.97140491649
2893.57634463691
2889.65275250445
2890.19012793456
2896.52607155768
2899.3686991281
2902.46749426857
2915.40420432427
2906.94251807619
2909.71190404978
2912.04776372468
2900.2866447088
2903.14689183938
2913.8457027362
2919.85153412525
2918.20254433978
2910.56448836983
2896.6174385423
2903.53484923249
2908.38013799427
2903.8451601893
2905.93368512169
2889.58782861587
2880.23642618988
2887.79994110821
2868.84031541753
2852.36399742694
2850.93022246823
2845.08347690042
2817.11394747731
2803.02446990761
2789.43076533353
2766.88140121427
2746.2951981838
2740.43003138806
2721.82141081766
2716.22141995115
2713.95886866707
2709.91394220831
2697.52252833497
2703.63569384658
2718.14524899536
2701.97106048266
2697.00885553451
2705.43043714687
2699.14296240885
2703.73591461059
2711.73347190207
2704.37285262927
2705.27779999335
2701.18899429486
2706.48039708421
2724.20719445969
2736.99944440258
2730.39498124502
2732.00389890753
2745.85114473753
2758.71690594208
2754.41253046257
2760.55943764521
2749.52398549121
2743.39698931364
2741.75152025785
2736.75574588017
2741.00178985515
2745.68119702397
2740.8107080463
2732.20649636913
2727.92936092674
2730.0593020118
2723.20956594043
2712.50713495047
2703.16053747195
2687.01721843566
2678.09324901814
2668.40268426817
2651.93861178831
2618.82855699169
2608.70846552554
2608.98310509536
2593.22362762857
2584.86954202936
2569.84353101277
2542.02027081313
2537.4078335871
2530.04391461548
2520.38469852082
2510.67040603557
2512.8892072168
2506.05675487111
2497.50414617327
2493.19158198138
2492.9919649415
2487.24763089694
2475.28585926706
2470.90884384476
2466.569805054
2463.56100680475
2461.60222447245
2460.52216267877
2459.62868499876
2463.33436989049
2459.8238164847
2449.44516883618
2456.0308053658
2448.47216581543
2449.21911950888
2446.92807520027
2444.89228034741
2443.58275087719
2430.04262104332
2447.36826353294
2443.30115936558
2442.69690932726
2446.66864080327
2445.69331481439
2453.18962842645
2441.52913595833
2441.65182564429
2441.0965893877
2443.33240599994
2449.67795545133
2443.77620290722
2454.23987564393
2478.90465317366
2511.2677269047
2548.38821492674
2595.21823093905
2644.76651721211
2680.21727297268
2700.35103154151
2721.09714251925
2745.88642154599
2758.21777734943
2769.64317756538
2777.68745591953
2782.46027020161
2791.9969106613
2793.58484032199
2790.00835007406
2799.50490196092
2808.84674217721
2808.38509971879
2820.8837288673
2822.39143687398
2831.27935324645
2834.43749247659
2846.77177140228
2841.24883449819
2845.30679542967
2853.31856709148
2847.77202624738
2852.1775570161
2867.01686416986
2871.86373283373
2869.48371569018
2878.21299513316
2889.9272770781
2873.9233991157
2871.97021203305
2875.09973303826
2884.83093757299
2888.28546602706
2878.71891821735
2873.70069983739
2889.30782429073
2891.9854161739
2888.04329521649
2900.92030757125
2893.18908447844
2877.68183053766
2874.30092975051
2888.52616493542
2893.33908498808
2895.08960542868
2880.21765870517
2871.17714172649
2873.21830249455
2871.34154764243
2869.80499922331
2868.31685458166
2863.42624440659
2868.18693841182
2872.52324802504
2866.82472438493
2867.2399151292
2860.71720774414
2855.86811253442
2855.66412286533
2852.3991039927
2854.91944213002
2856.69002418773
2854.46494503088
2858.45867720596
2856.65644910712
2855.3495325894
2854.32774960271
2845.15749914278
2859.30281264803
2852.59949921949
2847.91013909347
2839.17222643398
2839.8150192538
2853.64822003804
2844.33086244242
2845.68117665326
2841.85704957616
2847.01977896212
2850.46586228002
2841.09540262256
2830.23350286323
2833.28313479339
2826.99566741462
2834.81569981201
2840.3526351233
2821.14111192316
2829.72649265504
2833.80892274048
2825.84916206076
2832.20462818229
2833.67393134723
2829.97912436786
2831.81933614224
2826.12549300734
2820.14980681042
2820.89539723311
2822.99343638097
2828.4390662516
2828.67942731965
2825.1418337556
2839.88390080009
2847.86234511604
2840.00695550571
2835.98925767543
2842.55570982243
2847.11460695971
2835.41749950606
2841.11225406984
2846.72335035384
2842.49849339806
2835.95708973408
2844.95442054861
2859.20930694583
2859.28104438292
2840.90500330534
2843.98048717552
2837.79856843316
2844.1031556903
2856.29741592615
2857.32246120403
2873.23076013617
2896.03335828819
2911.40996421681
2914.09636759568
2923.92379911905
2929.27202305345
2922.63229816776
2934.52919040688
2932.18927553845
2922.99108146993
2923.0210584082
2928.10232129587
2920.94257344142
2912.31472557728
2919.7941604225
2918.15589199113
2910.65033086778
2913.88192729027
2913.96040600374
2910.63135797525
2906.02774316658
2896.51520329097
2898.38684017223
2889.23584713988
2896.29134988729
2903.63509307389
2892.97590445054
2895.2413620737
2892.35248719728
2902.17204611416
2900.13824105745
2897.69421246574
2889.0786428605
2876.87284279596
2880.70919369373
2882.8639514438
2885.91781652686
2878.80011138996
2875.54563038466
2893.28854306255
2886.13847228632
2891.21923732626
2876.18666541921
2884.02877514539
2899.53298613972
2898.57851057692
2888.57479646676
2896.56373977455
2899.67133068668
2904.34907429855
2895.46474471
2904.06325324646
2910.23836723967
2895.49580388824
2892.69687012441
2895.62666253527
2879.7210508813
2883.36347838454
2885.80728137075
2850.675902494
2847.83003917413
2843.5828593549
2841.77513891784
2834.76928668071
2812.17899326839
2788.73354340443
2781.20919471373
2764.69289468395
2746.10325636106
2732.29499480519
2727.83282173497
2723.32751196891
2725.71517983195
2720.16721256471
2721.46987107806
2712.15939838176
2703.67837354658
2708.5918972463
2706.82503857414
2713.566958604
2704.93583491987
2702.80204744106
2714.23698961801
2712.91255766834
2713.68822882982
2722.30255418009
2728.22690782253
2730.07614007283
2732.08205342138
2731.41352093697
2744.52433674243
2740.44987915021
2731.362646921
2748.44863636615
2752.12879392825
2739.3314777658
2741.74547361291
2741.14932450702
2735.63609070216
2738.27823479761
2719.19843757888
2707.81013973136
2709.21061019498
2707.95979665093
2702.69990082309
2705.63880226399
2708.15102015623
2685.73560676354
2681.56477344977
2676.96058405697
2660.31521819233
2651.86697850754
2650.27900258295
2629.60637516227
2614.54025252705
2598.15217787703
2581.10479686108
2586.90682577677
2578.05774187326
2555.70219318265
2553.6595669798
2545.0530575079
2534.85911935014
2528.89715795041
2529.86027085609
2521.64415751867
2499.82741653356
2502.90322647256
2499.46187707585
2490.06856178731
2499.49216634684
2496.12889422802
2495.11066472329
2487.68358004891
2488.36293260638
2484.56428885672
2472.97189633707
2501.14708138477
