1000
454.201268497272
740.62085923549
860.972626250162
917.009972680836
940.528277943593
948.879457673272
968.884905988996
968.700485205483
970.149608160642
977.787340653964
982.743419233673
980.442789178407
976.753904594074
980.117773466997
977.179798474328
980.620453456868
980.690440827817
975.926829450527
983.009706175009
983.706247916088
978.930632396726
980.928079133999
976.841118376049
971.114418310242
977.52675014686
985.718716121692
981.007378328445
983.293894846861
977.600347482852
974.847973437775
975.44915912534
984.361548102257
981.630021074279
986.553285799267
983.56127137023
977.544146886189
983.070290396056
985.070974647759
978.277796976294
982.267404918297
977.344673419007
973.68468342519
973.262356082607
2159.67834820631
3929.75734480092
4461.48359134542
4668.83490270746
4730.80979294616
4761.42690753454
4773.43601375803
4800.98276378155
4799.39065149396
4813.94669643213
4811.36650464883
4818.28637360873
4855.20830331659
4864.10686634471
4821.08670204626
4815.07295123012
4842.91964675301
4882.17001432389
4872.69814883751
4855.12901090664
4856.37216798917
4845.97146198704
4840.03900847002
4815.38518762763
4807.38910795203
4830.65632788626
4826.04715489488
4820.74282838783
4804.51882268993
4851.43063333782
4835.07868557694
4835.10494372564
4845.34445453741
4819.90075461086
4865.65549656842
4875.36374760164
4850.45300294867
4808.13300391243
4793.70181742997
4821.62511740427
4822.14803078629
4822.53638918747
4875.68644444172
4860.47885290261
4847.39250874817
4817.74598080221
4850.23963575444
4865.74718456891
4834.81145134851
4811.28831130537
4788.2867679126
4841.64358890747
4830.3215766671
4832.30453474606
4862.90515227656
4862.23883295687
4821.65444721755
4801.18144157369
4849.0829043218
4848.75185732942
4802.92481302965
4835.16507342401
4815.77021688391
4818.84524602147
4801.44259814311
4820.19528485045
4817.93756798238
4830.06924059199
4864.43266748808
4861.66800727363
4831.20865995389
4813.59997851392
4821.37787831939
4835.66063997098
4823.01671008346
4803.5811271507
4813.23954544661
4836.94654643329
4822.13444980204
4838.39741259919
4821.22770058221
4841.03933113688
4877.64651268479
4832.33221719573
4812.33909086272
4844.9436845471
4815.039103885
4786.34624135698
4823.19806269551
4822.02309651322
2485.16004327616
1325.00620300873
1087.34213207594
1035.82186848883
1006.43052293816
988.845248596128
980.644434402481
976.882312681143
985.152136153914
986.597044417032
985.073464788986
972.847967403847
971.566912325238
976.482968771886
975.979922307663
975.661290447193
974.1667564742
979.392031099909
975.832950609142
975.784978447227
971.750564606108
980.774318419244
987.829894348635
982.191854048092
983.840473759738
978.980625844553
976.955985589444
977.599766959911
972.913503374145
972.572232158527
973.396590088431
973.883270076787
972.572012608886
985.284700822272
986.200149855314
977.976400744123
982.137145884906
979.566764890387
977.585896333627
971.384319177725
975.223697535978
980.727235423241
977.67910699886
975.444165276112
975.751119660425
