1000
463.230679318482
749.24456543185
857.020833437553
910.862567377935
939.640204027217
958.133711208796
972.795736459943
974.369927288941
975.639705641411
972.729087476066
979.453609560314
985.033561776484
982.528231858847
984.604491475505
987.888250595557
985.880794565052
973.637124133916
983.086372260252
980.490915013055
975.869880205579
979.173719399372
975.343889835183
986.900333561962
989.213543907851
975.365717589925
977.175482693781
978.734733666577
984.678507464254
992.785362507907
980.626496723865
981.269502502615
982.047337826348
979.448142222995
979.746258724276
979.680441064073
983.678196350703
986.913514696462
985.595414401678
989.668347112048
982.218215828976
972.849767155086
985.326026374896
992.243547900908
2167.76276085779
3947.95594751088
4487.29368649673
4659.0531813224
4776.73693504131
4805.3558471679
4849.65585812933
4892.17246256549
4865.6999773133
4852.31178986468
4854.13937092107
4858.2343443246
4887.82178365162
4910.71150153169
4877.97481043519
4906.48933014526
4888.46663688861
4836.37834337251
4903.13537340908
4891.2325781961
4899.86405659025
4864.79321830522
4831.16748194399
4897.67477875567
4911.99636837189
4857.1586654588
4888.36826929296
4887.79087818184
4873.8085625097
4873.33594476601
4875.11788348712
4925.44018892256
4933.85668482855
4875.9718961848
4855.83690814387
4830.88984573978
4855.14822862241
4881.4786330622
4905.53838478634
4918.34985943292
4863.14774116678
4875.00428458998
4870.14058727927
4899.74255666892
4876.83386780637
4914.67891727587
4878.40012399909
4821.25081739453
4863.32183214817
4926.13166663146
4939.84409328064
4893.09846673733
4839.53487950995
4903.33049179649
4891.51906348567
4832.80831524404
4879.0526605619
4887.96593889917
4894.54941105567
4920.18782800627
4865.7658104321
4834.89228354782
4900.64704621204
4894.33479324153
4889.70171297132
4906.36553975162
4905.3580536308
4897.1795884775
4904.48241685634
4910.72104677659
4905.20567594575
4884.0544884966
4876.84589713104
4876.57717975182
4891.83500050687
4883.35790098945
4859.4851718442
4889.99836021446
4923.38358662223
4909.88236136138
4864.36853639364
4871.41778578174
4883.14913785136
4828.24879094277
4837.05098840357
4884.1360700684
4859.85596947741
4850.66239913868
4874.81602234924
4851.10589431188
2517.31340594676
1349.49599025555
1091.80261397547
1026.17524173558
1005.90716833547
990.127099209384
985.388727734657
984.366266710421
988.134692448919
985.287135117264
985.971471701012
982.2982291537
979.970851564956
972.856856294792
975.428284971517
977.76507714917
980.895423204474
981.616730217718
978.55115879169
975.598345399295
980.295814745255
978.227326958018
979.485359547167
983.449139068394
975.915061933082
975.500715365579
975.67305156984
981.161498790906
987.272201310832
983.463185338785
977.064853110757
985.175094411627
987.179902800479
983.422955134356
981.920747821479
983.866312734018
978.926384671262
975.371976221659
984.395673426294
985.757689387024
984.825617586938
975.116486363458
974.203260963816
984.76139122759
990.598374256302
