2500
2757.06913930368
3152.45614074038
3277.27811492696
3518.96379103806
3769.23037602443
3778.10284879265
3928.99088302231
4020.8234840913
4104.00106137867
4062.99330756127
4050.44383157533
4018.66066380483
3983.84521604019
4013.76619910773
4008.85057534711
4036.15642800404
4036.57896619724
4059.46390410957
4009.6952946014
4029.94851235061
4064.22664301328
3983.91858172617
3969.41284829534
4013.16198525317
3959.96229308232
3943.09024175547
3917.43945951399
3901.34251813026
3916.04118416117
3989.14370177805
3977.45034886702
3925.57601973616
3857.80726764871
3881.39413718211
3879.11571125995
3912.85354725919
3913.71886020822
3893.45202254752
3852.35870443678
3883.71145733599
3898.69176945807
3849.89145891604
3909.37101251731
3960.8529387405
3962.59662784236
4002.91611447736
3973.41020770564
3943.68758751245
3985.78791277041
4025.42083406219
3984.13068404081
4086.82684221237
4103.08876608043
4042.37344926391
3996.80371285771
4041.90114293151
4129.33174741108
4196.59215360053
4090.79533184699
4143.91917551318
4269.70646052835
4307.36161785041
4266.49300203783
4312.15893875232
4314.99531373722
4303.06877212937
4329.57013369412
4362.44287922918
4297.16819391277
4282.41093071106
4329.87630229611
4345.52384207258
4369.04401858055
4367.00476342855
4371.09492255838
4444.18127607083
4412.43048345437
4421.56681934244
4434.80929769518
4456.68893614312
4427.59952255683
4401.64081642111
4417.14442475669
4492.18539611993
4483.0123078207
4500.44422060714
4501.2322609386
4475.56856242091
4485.23193757207
4512.00059504046
4536.61417774121
4531.30615827394
4496.6455429084
4547.09871241637
4586.07527932869
4598.51601285709
4584.60698274655
4585.01460499671
4589.02876614448
4585.45301180046
4582.45711331792
4631.33590583457
4598.8236391857
4580.76336274824
4570.49447143375
4596.58563188119
4588.98281767882
4553.6751309494
4541.33462555412
4514.46692994085
4545.46776709365
4601.68719041567
4582.89191919798
4562.65660209422
4580.79510359063
4595.19745575921
4673.23275241374
4634.71583411356
4620.61034415205
4620.85589659358
4603.16482400549
4662.20887488392
4694.04325396643
4637.0620243499
4618.28085740413
4618.42590044688
4598.50276115178
4601.76870680044
4577.33656686915
4559.47670470526
4595.27169638611
4604.21865615668
4584.37740036006
4572.16598918111
4577.20313218854
4578.95634974496
4569.59391927059
4581.83068506308
4590.62709310728
4581.89597708492
4581.93055348146
4601.54490261767
4560.3068346628
4566.79293085868
4613.63452056798
4618.08240697522
4615.35442798346
4620.05222841094
4630.00232591806
4656.52989795579
4708.95883455001
4743.28069085208
4740.28669765145
4710.05463316
4694.28804037256
4691.53200525234
4696.5162622855
4670.70629953821
4651.52656229056
4629.89240563715
4619.92179159486
4605.12667632333
4574.4670334991
4562.96092640602
4533.62213329641
4510.74225121768
4494.54914649737
4473.31259004491
4459.58396863528
4449.65077628579
4440.75012800374
4425.78445329969
4420.71233709033
4425.02076182185
4379.47298909513
4362.13143520606
4369.33105057208
4365.52471972748
4353.43269647077
4323.90678106933
4307.75018428836
4307.9278196176
4309.5403238443
4287.09645343184
4266.38789057051
4247.62540689584
4204.78356696194
4171.36027711626
4151.37915412585
4108.66285106877
4065.72987647724
4023.75379994788
3992.883144531
3975.66357609226
3967.81953237709
3961.84232501927
3968.7074467704
3973.6652544893
3969.73314515192
3970.57919759337
3995.05618196405
4019.25050484169
4028.88986227305
4043.76601607386
4056.19342064479
4061.71941951507
4076.37146586157
4072.42414389695
4042.06699899364
4035.57561292477
4014.63842069087
3982.31999382565
3955.61960701499
3915.59832342952
3898.795871309
3882.92833447137
3854.79864628119
3839.08422612082
3808.75071858266
3786.65884450831
3793.24903467505
3812.40677684833
3796.05056118107
3781.08541809697
3786.85171553749
3774.07795362406
3776.39953772313
3784.84991385499
3784.01928471809
3796.77516935224
3788.90429504933
3782.44105214068
3780.3451244788
3789.26528317094
3795.4547679992
3794.67300455669
3789.36192523967
3791.57978229617
3797.71409912588
3781.34941499305
3763.85549892991
3770.68400769135
3759.3735678458
3743.49834560862
3728.2319782832
3733.30217895182
3718.52923435581
3700.40540386163
3683.82464080444
3679.28479842955
3667.48116055206
3650.28808262265
3634.20273234325
3631.62418037301
3618.0670718641
3605.56944072663
3598.44983379858
3599.09771863161
3594.02216800199
3589.1333450837
3579.50132655657
3575.5393858216
3574.35361673794
3560.39324252715
3540.22819341039
3526.87790175611
3515.69273079622
3485.17769804534
3473.52825276938
3469.96418449286
3459.69824209265
3450.09288486226
3438.09734216567
3426.67202379725
3429.19277337508
3424.3645306199
3399.10699740072
3391.66650870909
3398.87988304003
3383.27766681322
3362.20641528685
3360.9301346413
3374.61854600393
3362.66443731087
3360.54636848383
3348.61489733957
3339.74962726993
3351.06765579179
3342.49569979868
3338.59838194908
3339.34826574642
3331.17599473893
3321.12503962269
3305.31644879756
3304.30180070184
3323.81921396021
3322.3625803994
3304.2860745719
3309.3465348608
3309.01480932718
3309.04388303475
3316.00872830309
3314.45076792888
3314.62994735299
3333.10049418377
3391.27210514788
3450.70426772203
3486.35851968587
3528.14663085278
3561.3691190834
3585.00667957758
3610.92347469127
3637.97416603147
3657.15294559645
3666.48736547882
3675.73571279437
3685.12629105906
3702.99588416897
3726.85750665526
3732.00113982785
3735.02118699825
3752.73489432339
3779.38254783478
3796.38507008454
3806.33150361315
3859.85653157307
3906.5967266411
3946.69516153218
4004.05948491369
4033.77925679003
4069.2403038452
4126.70828072752
4148.3580608362
4162.47133659398
4200.96306255491
4234.5966374175
4241.07625792961
4259.12037402779
4287.3432863891
4306.82806569083
4307.60452294657
4338.80817484168
4346.04297937686
4351.22283286896
4370.24538621054
4362.11608915689
4371.35694214462
4382.88435114075
4344.41910596179
4372.80649993186
4396.09995983681
4382.29130840709
4398.4935003958
4419.83684984203
4413.30636442613
4407.71088704198
4441.2790435415
4454.32946348215
4425.43311879212
4444.69114519682
4457.26196322921
4437.86993995944
4463.10397723607
4467.34149976204
4485.62354365568
4488.03185427073
4478.88500388966
4482.50532708579
4483.29031892942
4484.33476256284
4480.24700919888
4480.81923123257
4506.62123498871
4484.77797369211
4487.51366580766
4486.07132435676
4483.78471713004
4479.1773127838
4474.35427398899
4472.78394689942
4474.36226040184
4446.04146260766
4450.52104353299
4464.41381183038
4437.98600780086
4444.49739533515
4426.78859806087
4409.2950436606
4423.63046512995
4429.96695127902
4432.92834423457
4418.07521418398
4401.59208648372
4403.38360246746
4374.38526914011
4351.96151418898
4367.44317022363
4360.835177635
4381.42220895761
4362.91928102537
4345.11315522603
4330.64470218054
4335.45663161472
4343.64170625789
4321.02332154854
4319.0963035944
4317.91980148387
4302.865650059
4293.7568176884
4290.78287421374
4303.26806500212
4314.88584030918
4309.6864898437
4297.04748337918
4300.321165693
4295.40247518653
4309.68415571926
4299.32039432024
4284.80646934863
4296.16541992978
4357.53581114706
4439.79190300401
4529.78106733301
4598.28888451444
4596.38308341761
4580.91215828739
4589.70695830485
4591.13513693964
4592.80017377198
4583.58137695868
4569.30273786864
4555.45123036572
4542.37786805063
4532.7304861377
4508.39100478763
4487.4031244711
4466.81096716552
4458.58444633365
4426.88525233412
4409.80585995086
4366.59106560234
4357.15884639402
4361.34191176843
4347.76298063664
4319.59873442815
4313.17889444944
4310.74920827891
4305.26391001053
4301.69243359219
4295.46192056276
4299.54953354587
4281.72821173071
4284.58243706851
4289.51681060542
4279.07584031885
4277.10867357626
4302.77545418963
4318.10858440401
4302.55350255054
4316.43268972266
4330.42986361175
4328.42728288772
4329.09288376399
4342.10435734205
4331.54232100161
4316.27978157611
4319.84421288567
4304.44259683128
4301.68544112562
4332.83746417804
4319.69110603049
4315.0259834236
4337.571278626
4336.30758509292
4328.26785559627
4323.25787985247
4316.05714657277
4295.61777779799
4297.28607951978
4275.53501220367
4239.70452422063
4188.00646892831
4153.39744571106
4108.61466351929
4049.36194133715
3999.30769503296
3963.55102048206
3948.38353475822
3904.37376240344
3873.61553169901
3853.82351604585
3845.16410426918
3834.50349880676
3823.38642330247
3803.9896185049
3792.83622302883
3796.44424379784
3793.54980301993
3785.90239141087
3779.3009923588
3770.89161264328
3767.54566489698
3762.82268588217
3778.73719062052
3785.75262600122
3785.82904447498
3789.57404409723
3797.47124972435
3802.9507029695
3796.68113861865
3791.96223486484
3801.06990225186
3820.81509363842
3833.43124088956
3839.81986371952
3834.369473957
3826.47246792725
3822.56126751238
3828.33304691436
3831.81180161536
3815.59452818048
3805.07216905345
3801.09716842507
3811.52048414037
3817.34945351065
3798.7640394179
3797.92703490056
3791.12616404362
3775.86874611397
3785.55641065539
3774.1605812488
3759.01435527119
3758.77000948158
3747.05540851025
3728.23269584079
3710.21856129453
3675.76122222939
3656.00062299896
3628.08928825155
3614.43254953539
3620.89698051199
3611.8980793478
3593.78248509817
3574.62693698825
3555.31572810992
3541.77652223543
3533.40147577286
3528.66518711754
3532.88175182164
3515.87662146848
3508.95435094798
3505.55998530421
3502.62136674712
3482.75403385905
3476.02110495879
3476.99057236601
3470.96316945892
3463.7225056382
3465.82045461341
3471.10509028181
3468.16681602296
3452.88607003411
3452.01334339953
3450.00707976791
3455.96189273511
3457.75546139578
3445.71610023909
3448.89919956973
3450.74142910822
3448.42562053962
3441.85053141323
3425.07160622114
3422.18284673487
3445.30762736064
3429.22228814877
3432.25133774561
3426.90955278975
3429.18108255966
3445.30548363201
3443.39783024596
3427.96105212851
3432.35319360316
3433.74500840703
3429.97341183439
3438.07414258346
3441.99515535849
3424.6665966038
3433.70529609216
3452.40495676816
3489.82346266745
3554.69682887879
3624.37782525345
3697.80903935632
3764.69558650802
3809.46327837371
3840.38107367866
3863.10544828022
3895.30464325507
3923.09704487647
3932.3248017009
3958.96894957853
3986.91148745548
4002.44438428427
4022.25351127497
4039.30518773995
4041.18314853833
4061.98740363328
4087.15197290734
4106.45905784725
4122.83142918887
4128.5566231543
4181.49118240936
4225.15439613136
4283.12921629396
4343.4114464565
4398.40707664885
4438.89620508428
4478.88049102437
4501.31129500962
4548.73102821325
4558.70222908236
4597.34626011863
4627.45952679495
4646.89069659979
4661.70128723578
4678.42023480002
4686.20580900828
4694.43449955589
4702.38609295729
4705.64818257638
4739.40256771379
4780.65996635397
4777.07141236801
4749.48274612166
4755.87219326186
4748.66745951594
4726.7348725163
4723.50224721267
4711.03011199532
4697.61691904147
4689.14838293485
4664.03330252688
4630.25968722199
4635.2171150426
4644.89206558099
4625.76315939062
4616.63006200579
4593.46815467691
4576.73665564639
4593.04121244836
4580.32755708824
4586.49354696057
4581.56512772541
4557.1727611297
4558.07745003336
4563.58204626667
4573.98881781895
4545.38125006718
4543.41338527999
4529.01050120157
4518.15513974027
4517.59878524089
4504.87074994642
4505.05277180907
4497.97087968753
4500.9447436472
4504.62818706712
4490.09240309768
4475.86165765358
4481.83150432535
4459.38667416737
4467.6538950026
4453.69961989502
4456.89943082551
4475.52037918368
4460.97251994586
4421.35685527345
4409.97737839929
4441.18361566503
4432.48360182082
4412.97520737085
4395.93329762399
4367.97343735474
4372.1377396791
4375.33678307882
4352.98250836916
4328.75278044044
4325.84799338868
4311.73707177923
4288.71563553237
4306.62114689609
4308.66179418159
4274.82880833196
4298.33661293015
4305.31264660487
4296.40998593481
4303.82882237419
4326.29031554322
4343.68035811132
4338.35059452785
4328.29845828724
4327.24247425957
4337.66165470705
4334.85917488677
4336.03868669696
4341.45623746295
4333.33029745486
4323.84400270898
4316.34360459906
4303.16084936646
4297.53611567916
4289.60592242625
4285.5347307034
4276.37742888218
4277.20327420339
4260.68298150655
4242.57916723773
4252.91356436918
4245.13268580554
4299.17309336603
4440.49210001187
4575.22981438538
4651.35571221951
4673.60856479184
4688.05576027501
4676.52398274882
4662.87779518546
4655.12173112664
4645.6715204057
4639.82120664629
4637.14866439173
4610.55726659101
4580.4034335311
4571.35570127927
4545.42218351742
4530.15370195808
4512.3983514209
4469.85264542722
4431.61577577962
4424.98715284381
4394.38086158294
4354.49066723271
4338.38434038119
4325.6136006527
4293.95172652074
4261.08487723773
4256.6918359719
4253.55812219647
4250.47222500576
4245.36917889741
4249.5850079716
4257.41584901652
4256.82882636547
4258.23538762033
4262.80970666776
4289.77557804966
4285.79127190834
4279.42728280504
4308.16417863228
4316.94348182859
4332.57797959496
4345.99744177006
4336.415480344
4323.39627574027
4324.77270419116
4325.19959560918
4352.18292182218
4358.45575424105
4354.92170462818
4347.39665899212
4357.29861501804
4387.65156595567
4384.41427173935
4380.65351281658
4382.88432503849
4369.87742892221
4341.24051527276
4304.69819000579
4251.06181638053
4194.48569274163
4139.21945112714
4096.33794259957
4030.98446443586
3965.35754023818
3917.51539858857
3861.3592626679
3815.90820755689
3797.40437875665
3766.77294367415
3737.50967749581
3728.44047927855
3721.12275647243
3714.10408869873
3708.4374181342
3714.7019428506
3696.14059885032
3675.3060267203
3698.73894003591
3699.40965162382
3693.60488260392
3694.12934217078
3693.12966847773
3694.89568444678
3704.97114374357
3708.46116307912
3720.58833073761
3703.32642697832
3723.90140349227
3746.86628444444
3752.46333841326
3767.6724503283
3757.30351790624
3754.04908822182
3785.16334471728
3798.02301385627
3789.00606015434
3795.58521082816
3796.91089233713
3802.1378758712
3807.4553452903
3801.48178802467
3786.23685565281
3788.55608891071
3802.73520407618
3788.52006638606
3779.91302252164
3786.30181849854
3781.27539642337
3790.4979372836
3791.55525154566
3791.31990985551
3777.68373347648
3766.96041755821
3782.23006266833
3758.84416950559
3735.71607594088
3718.27225406201
3705.78778039474
3711.45581975599
3704.55469852565
3698.45469700183
3688.61752976501
3671.40793034583
3662.07382617641
3656.05986967521
3659.35730684391
3666.20519010338
3664.74706825674
3655.12433969561
3653.48024966088
3639.53454947538
3624.62197948014
3623.77635841243
3642.65553877089
3640.40324094685
3624.54325274667
3646.56731179489
3635.92434548936
3615.97498562698
3625.72777491677
3636.18712378229
3624.58281255848
3635.37764409898
3646.30734131784
3634.54980753094
3652.86821224405
3657.58271942898
3646.70086903932
3655.82525270678
3647.5357809702
3667.70365614142
3715.88261177729
3752.30737712982
3789.63077174398
3806.85958886425
3824.86303341522
3837.9651442105
3843.32004449025
3864.30489450278
3880.85058853305
3929.740485034
3953.62032070391
3961.75255442704
3983.64806668829
3998.8907467105
4019.26653612163
4032.97157971474
4048.55380202906
4042.87343942208
4051.35678351588
4060.96122724726
4072.40907065288
4125.21603236187
4169.2465816051
4247.35510831722
4321.33281219641
4334.28838509639
4375.28335173193
4422.53105173292
4451.39365412508
4443.47318123068
4468.5256095951
4504.39753501584
4536.0965621044
4552.47495046815
4560.63673720382
4598.47902172617
4639.11259455845
4635.27370239492
4651.20242025679
4688.85323554199
4691.48669873258
4700.63277177414
4750.98107999169
4767.86511590483
4755.62081124405
4745.09243320565
4776.05512382413
4758.13380669773
4753.24080142003
4731.91212566724
4713.60841414644
4691.91144087604
4673.10936845916
4634.55097048189
4616.30227589285
4647.32449220925
4621.1742986551
4596.00135782957
4582.96624962833
4559.81796707108
4524.49007561119
4511.99092308464
4500.30599235739
4463.87841468112
4467.37917225947
4477.74512623521
4453.70221491164
4447.02517927084
4456.49831133657
4438.35163858682
4427.80532123953
4452.77023027769
4439.62061386718
4415.15917491417
4438.7906657771
4447.58790098363
4443.63022157639
4424.11704600685
4423.26294310654
4411.62385195467
4401.96838235525
4391.62238541361
4393.19163190452
4395.72330586748
4390.23526712303
4383.11921432411
4358.60098349986
4344.48678227887
4354.29258440555
4332.52705309019
4327.64917369416
4317.80470680464
4320.18150013684
4294.46709502307
4281.11300631075
4271.86109872188
4254.3178043339
4228.9582307977
4240.73173392321
4232.50713794334
4249.33746200821
4260.09698113388
4249.5450842978
4273.7769164883
4309.74699791185
4357.67424296583
4406.97490021887
4405.33728095695
4405.65897989999
4411.26557394821
4425.35292712137
4383.40477025727
4369.91724831402
4390.1580191661
4551.63598093282
4693.15978717139
4750.09158598968
4798.85391430941
4793.37670472179
4763.86317326961
4767.01092632667
4789.47398697756
4788.25686330515
4786.90151625501
4772.60528876865
4758.49891504738
4732.83375280159
4720.42690986373
4701.18588479948
4667.32035237948
4647.80990681221
4623.34887338842
4615.63252628516
4593.51674360472
4555.89443222001
4538.67316084168
4520.58975840677
4517.07775746235
4504.41375957992
4486.75373934021
4452.55981926064
4433.51220472383
4419.09607217103
4392.09763911974
4389.53926278018
4364.9772939157
4348.9847141119
4359.40677490963
4362.55174618533
4349.84096265531
4364.78502558808
4345.61223630348
4364.83679369075
4372.80557743398
4338.67339969827
4335.52387087166
4344.94310701789
4341.49027804253
4334.23854610006
4362.29938037422
4368.05438716835
4369.86104322128
4384.65038504624
4382.7008303654
4390.53324395326
4396.58213269915
4390.78402197028
4397.47240779828
4377.46883843845
4345.36140650336
4308.10009663968
4275.77872601189
4218.71854812917
4177.7460750793
4133.61943354039
4062.65482066731
3996.28257070999
3962.43013488459
3912.94679483269
3877.14848169248
3836.67228742831
3791.27606832948
3778.09168020025
3765.47296859174
3748.89341382092
3729.27133910418
3717.36581253299
3701.3068295209
3690.7316262853
3689.95815172921
3671.08706068735
3669.56655404343
3670.10884311888
3670.13879508875
3668.12543748733
3686.82691200331
3690.54736886185
3696.70828801393
3713.99752292473
3708.64311124288
3717.42313737101
3715.69801433893
3729.62168615659
3737.09351698223
3745.39846234109
3756.68800764832
3774.20318685942
3791.43754204575
3805.84967947725
3797.90280111477
3797.42883518812
3801.84501387904
3807.78071034277
3799.66450855489
3820.64453886856
3811.75430398309
3815.92934327127
3818.12272240295
3791.93294779845
3807.4113455651
3801.06433294416
3800.16040077852
3805.7484179515
3800.53789936198
3818.51167660314
3803.46219231472
3790.74090366849
3781.91764666467
3780.19096500795
3766.62188104702
3754.79714311168
3752.18010808742
3735.81428181547
3736.2873785481
3724.60379255153
3729.06503173099
3723.2705423121
3702.89986239987
3709.72458126238
3707.37194496648
3688.11988934337
3680.62730692747
3681.93618911774
3678.31210151154
3675.65905130234
3683.53558270046
3682.68215390353
3671.71258778008
3660.56051107378
3657.79290238526
3672.00345146065
3668.96831891058
3674.24477583596
3676.17301224409
3655.10027773409
3658.04918460008
3659.95701044401
3664.22182250552
3680.00731566621
3672.10887721208
3669.4151109691
3655.95533978932
3657.16603680627
3691.4974177883
3733.67131385608
3766.20975365106
3784.48870059977
3809.66879406779
3822.2012783013
3818.25715590241
3848.54791729393
3871.80034597484
3904.49738401138
3932.01243792996
3942.2873617733
3973.07923412557
3982.52753051428
4005.09478633846
4015.34945551265
4003.99250318975
4033.07276992746
4042.51949668171
4072.74653285151
4051.47591087709
4061.00142573175
4121.54437361395
4159.01611570185
4176.18583403728
4223.56046622151
4278.89296749195
4307.38117950811
4334.92604192229
4363.27097657973
4399.50808402065
4405.87507320765
4439.40916788579
4482.32652638916
4520.62594665271
4544.96591097918
4560.02482666647
4601.57485931797
4624.75954436643
4619.08805964161
4641.7381365336
4665.97278617659
4691.05169126266
4714.46869978276
4740.76661721489
4747.11766213413
4742.81461044716
4727.31254956687
4724.52554941045
4695.22037421507
4665.53855399677
4629.92043467569
4596.92708059187
4550.30276031033
4546.71513188084
4545.14836192402
4538.45535866523
4516.91449509251
4493.75963022852
4469.56959482576
4430.99488974251
4419.53309493696
4412.94445490815
4404.99820407668
4400.25821104552
4377.80118582585
4389.94862829212
4392.97469878008
4404.63192444142
4433.03413762814
4406.95291667976
4395.85076752242
4436.17266388537
4415.54158248573
4398.14801666942
4386.32076476667
4381.73547229369
4393.85978813081
4394.10891434896
4389.24834900549
4382.45868472685
4374.68176719942
4369.23713596348
4369.43175530207
4357.88843277472
4310.14096368975
4336.39574222832
4358.85902491579
4313.80273500886
4300.68902583459
4301.08361285901
4270.1603650449
4240.24924163518
4243.60477211784
4244.1904936052
4268.30106918041
4249.21636662804
4213.62023006309
4202.89826474012
4213.27735152298
4224.5273182161
4213.08196515426
4227.09742484575
4227.66725896127
4253.58481341012
4284.76018619926
4306.89375355033
4325.58757124604
4334.24889144551
4331.41127664634
4311.26162320637
4311.8111787264
4304.23365957659
4282.20242531864
4258.81270058921
4321.43892976113
4480.66867816667
4607.66411023307
4709.2367242172
4743.37926473006
4726.22578107445
4751.97345428065
4785.18654929739
4765.30454637575
4746.87188271003
4753.92491151053
4750.81773197651
4737.46636100803
4736.50795172662
4709.98565792686
4682.3737827775
4643.48897989
4621.33614443588
4570.35520552689
4540.6667302277
4491.10967023349
4458.71158473515
4451.16349096929
4423.0653354084
4426.21992564828
4418.400651429
4392.96563900301
4393.0626884886
4364.79883212785
4324.81117132685
4317.39759038662
4272.26827046306
4277.93941404358
4283.74310068029
4269.56560479013
4259.98934108327
4256.09492475567
4265.17147850045
4225.54677514727
4198.08325164686
4166.45523216612
4133.53043982619
4105.65049975466
4112.71367415996
4118.53989589118
4134.53894447679
4149.77472480003
4171.60495015768
4181.31976160579
4169.02116316518
4171.73572857547
4182.67539375228
4174.8670985511
4164.78460787746
4150.06802864225
4142.18426711516
4102.13833721025
4042.87934090928
3988.29745380484
3942.76393552907
3892.39395426199
3836.91082660291
3772.04941666851
3709.37707096651
3671.03700499654
3630.98820438879
3597.78245099542
3580.69002267927
3574.19505345428
3560.44300586971
3562.48804765031
3545.66458569275
3547.31434123356
3567.02848476128
3547.26145200505
3530.5346491833
3535.9840079521
3559.69838451656
3558.64063519255
3557.55877273165
3572.00907918961
3581.22096237139
3578.82115902684
3591.4519919977
3599.94533809212
3620.42855316107
3633.36237331519
3652.76885595138
3659.18539978465
3665.68129152407
3676.15803684637
3692.96744850507
3693.69325201096
3703.24531917201
3711.12171228224
3732.17505431742
3746.57743138512
3749.45413612318
3776.33327826654
3783.58360162804
3799.01366723151
3795.42249734414
3794.93634485116
3810.61286420306
3788.11543258636
3774.54598223224
3777.81275857611
3784.84405501021
3793.64318388401
3769.57347092122
3753.10861892157
3758.76578249247
3783.8186950459
3773.39214419792
3766.83082021789
3751.1594295961
3727.48602267218
3725.68249516637
3723.28840277533
3707.96696637249
3691.77376634294
3681.70706782641
3692.92338733202
3684.35159123716
3696.90179656091
3675.60924516525
3662.58157141842
3666.69322721561
3672.8109701876
3664.07413738798
3643.08444421501
3645.63265654505
3647.39120042412
3647.38461785957
3639.8775693086
3634.91347133022
3640.23970259978
3645.10475949553
3629.89548942199
3621.23440326373
3633.46271436742
3641.25040221205
3629.25212188048
3628.64118423885
3618.15771731453
3625.84675092756
3609.86373582464
3621.48423711502
3633.55462667029
3637.20640092548
3632.98812559939
3636.77015720958
3643.60620760792
3638.05271129305
3628.62055231398
3623.58325729155
3625.06331420501
3628.94084345745
3653.43817038047
3655.23790612863
3632.85163152861
3639.79959994885
3633.84129729554
3647.2249333489
3656.37764327035
3689.67756083024
3748.22463937352
3800.62691458373
3815.83453951358
3821.60758242248
3825.89540291947
3843.66424721758
3863.54166084923
3880.48477062626
3905.29261598604
3924.61918599193
3938.12896398957
3971.76796486429
3977.46268273224
3985.78228897085
4006.96722435725
4036.63648719903
4058.25759709861
4057.14819280459
4063.56021547086
4075.39341134639
4091.71308851022
4122.00588579228
4162.08862235629
4200.95946568019
4217.41513177501
4266.99312072248
4300.68318081477
4332.92621057201
4380.6115857071
4391.42211908142
4388.64673898882
4399.15574418154
4446.57036915771
4468.57579280499
4484.24929236055
4534.29028323368
4567.56419754763
4599.63979466616
4601.99674279613
4633.36251381947
4653.0546435172
4663.94266117459
4697.29599401806
4727.07304707868
4731.78273074521
4769.85782052615
4760.87718866329
4749.82846343711
4743.72459784953
4712.00530798492
4695.17629097912
4669.28671268173
4635.80998812351
4618.10134532618
4591.83885728753
4574.29796904742
4539.03103099617
4533.09784781661
4560.20257096266
4536.51701838898
4466.85182122844
4422.6032958282
4398.98526586775
4398.71856293625
4374.7679832339
4383.13422817718
4367.56943563179
4354.23969509297
4364.20149349375
4378.27059760304
4385.65916004654
4387.81293411889
4386.02655882326
4397.133166495
4395.74531526607
4369.63642005624
4368.27297983623
4377.31562593049
4367.12495644305
4348.58757156695
4350.18446449008
4329.26534188182
4319.65318878243
4330.2612534022
4313.7421304006
4307.44629696577
4304.04813278447
4296.56615048185
4275.4261545151
4286.82827130372
4276.11003487602
4264.43674279655
4258.86127188613
4254.42008818508
4306.4290501435
4334.55415627852
4335.12130599502
4331.86140241789
4312.34854468772
4288.47391895439
4297.46153702846
4291.19940435374
4278.70483039907
4272.48931931777
4259.41686778814
4259.97646590034
4289.37587837286
4298.21439052603
4297.51019339359
4295.68521173733
4294.05465107422
4328.8019651056
4489.61903932732
4651.24033233075
4728.1845262402
4760.31351018971
4785.61899910385
4804.43039671585
4803.52887104902
4793.99557687441
4795.56987404295
4798.00515537708
4760.97873217056
4747.48060910641
4742.46169779706
4725.97477924404
4699.58642489776
4680.08761378821
4669.88436913563
4617.99671785702
4607.93803292888
4612.90812746836
4557.29258622352
4512.19753867354
4523.82295667498
4504.82017104018
4465.25295651797
4448.67360455456
4413.54252446358
4372.13008434724
4343.18993495649
4315.01327177397
4277.41612528522
4234.17982164081
4196.17670344321
4165.50558254503
4128.98843225048
4116.17076056888
4096.29111235976
4048.31366772567
4030.58951190958
4018.58559952155
3990.66576466471
3999.42440781009
3980.77063284238
3973.30502270453
4017.33722589885
4036.70535380997
4037.04846162701
4057.37181495527
4070.0625451403
4073.82695269332
4091.55905906186
4089.36920476141
4070.43008644374
4084.84522667527
4054.45890012904
4013.59697192185
3972.01341652812
3899.57557823446
3840.30711374038
3782.76976436621
3704.13305275743
3669.24436345841
3621.52313417531
3566.21619195032
3522.56342299175
3497.78029939774
3488.79550792422
3474.60478377996
3466.36314762533
3471.6993765124
3448.95394244634
3448.08341909851
3456.79422648873
3458.39249174352
3468.5707768592
3480.10431732511
3480.43119694224
3493.95241660434
3504.71666706542
3532.4440968385
3549.97777500954
3552.17383302496
3571.00618595745
3601.7068487516
3626.20354269603
3634.42552674815
3646.48637350295
3678.05035314512
3670.83312516007
3670.49149841675
3682.54523376608
3708.86124740871
3722.56981126215
3726.94045655872
3737.95636166213
3748.43489887408
3753.52501131277
3762.7402243698
3771.99185159555
3775.89475118672
3780.37507653887
3780.40364956358
3787.05241023891
3776.57143898516
3778.94903202196
3788.68503329133
3802.00903919881
3789.23735189779
3790.52201593114
3788.89971872933
3781.58599750541
3788.97160544523
3800.12081168393
3783.70058799104
3753.26724121557
3735.05009337024
3737.5785222086
3724.8327979639
3713.14498144865
3714.81481903009
3693.54129918526
3674.87137252804
3676.46596124951
3669.71319478318
3652.8044459648
3641.16782525406
3654.51364459108
3669.98207427473
3650.77857577093
3633.05561563081
3628.4172462214
3642.22683629596
3645.33921445105
3633.78042376759
3625.38030908318
3629.46263634675
3632.54536675332
3635.21755807941
3626.27443633842
3611.86986774557
3619.29712562405
3620.20435814564
3620.90568707741
3631.42955033171
3624.22010861641
3622.24229915789
3616.45463921045
3622.74493472457
3632.67060167238
3643.81363745815
3690.28118145796
3753.03701108643
3768.30567181688
3797.11725686394
3812.67510481341
3837.84686368086
3856.11753810454
3879.68700179505
3893.16223125285
3907.74614251808
3936.57622989796
3961.14971038953
3975.39142586241
3989.64935456243
4024.39016941613
4054.55677849242
4049.66131126847
4077.4573807888
4090.49157367129
4068.57211159024
4085.6532328296
4153.39272744101
4166.7311865004
4175.74025875776
4214.49508314579
4247.83485371009
4249.15643220738
4274.48106343485
4308.20903684953
4329.49254923813
4348.84368690506
4376.95620763863
4395.19862439111
4443.0550753563
4464.18378516082
4480.67904485724
4503.96694366435
4518.59109164222
4520.83289310814
4558.43659292722
4591.55904620167
4618.56846027114
4645.16199160556
4646.47436822159
4648.74507886331
4672.08060837777
4650.08373783223
4630.83877877842
4616.0822851616
4611.68300312365
4606.04507525482
4558.93885676999
4526.87334770338
4524.90931169284
4490.64871660238
4489.10926796321
4483.94783295367
4478.72813267734
4468.58673970634
4470.3580127166
4466.78488842461
4468.96728861364
4460.55965420792
4443.07347572485
4438.20763226237
4435.18253857139
4423.64334870461
4445.24903879425
4416.09471752646
4380.29575834909
4370.1067401024
4368.19194584879
4365.45729227431
4388.01754907807
4385.78917969732
4363.09246267381
4354.88191817958
4355.86517658139
4349.74147096682
4330.24882286826
4335.80343584784
4326.27961271618
4312.79876946939
4298.10767394379
4278.4032338875
4283.34343488267
4269.52788465058
4277.40488992109
4271.55518383962
4257.89107009556
4263.44038895909
4255.27463956113
4254.56054972811
4277.18569125492
4293.75377957344
4293.48006815665
4266.98383291667
4256.89975130092
4272.49413715845
4262.55861288609
4262.64721188004
4299.74661959914
4301.71471633714
4275.08846106897
4280.8210189643
4285.84561277735
4293.18789938757
4313.49055312727
4307.36590791924
4314.30628568765
4302.04067290606
4309.19145327497
4277.08893942694
4261.20656555118
4257.69400166099
4269.69705018582
4273.55125827888
4242.02259473329
4228.78725563491
4229.96985025626
4320.98231404368
4497.76748874147
4647.11336331488
4710.40091816298
4718.12874919752
4740.47589034944
4741.37130680824
4758.49085563202
4762.48330213179
4718.74559242993
4688.79420615392
4695.03607511556
4675.89292930719
4664.61749492946
4678.66858862226
4673.29418435604
4641.54923158342
4606.96332123857
4607.05229972688
4571.55133690047
4540.78181481575
4530.01768982295
4524.78379626257
4502.3530783129
4514.22622796818
4476.07959722655
4442.52499401469
4428.87193156969
4416.43745926441
4379.37769749865
4346.62955226927
4338.35739076
4292.61317626379
4242.58372417887
4228.91694667889
4168.10835451031
4131.4374097515
4080.75355945869
4041.61951334997
4013.70168374611
3983.51676220502
3985.1772720057
3993.14686596518
4009.60293404753
4005.77276182882
3991.26579261091
4022.58972732651
4049.89784852627
4051.984927053
4066.65434487371
4046.26415764873
4062.9613773026
4069.29101290169
4086.22485428828
4046.30152074096
4013.19620827216
3988.65296794646
3935.60131371342
3882.8795783891
3843.80321139424
3782.6504620125
3737.35842089687
3667.25354377642
3617.21163235155
3585.31679737135
3536.56715526792
3504.59497413047
3485.93543464172
3479.65778154014
3490.11534205144
3483.7088011574
3479.78435550024
3474.40642137381
3471.50907331631
3469.90018072312
3475.79351912451
3481.10399975333
3515.83227993229
3515.70735120452
3529.20212280015
3551.13480904977
3565.28884963932
3592.59373171907
3604.18278682235
3607.74119204884
3624.63111767342
3640.48987868498
3645.35655754975
3667.96868968617
3684.32500857075
3677.41714885578
3694.9535558107
3712.75875508567
3720.91634758345
3732.39103885613
3742.88938731259
3753.38602649966
3757.56403319762
3761.63551041596
3763.23880198788
3785.58062099234
3775.87914682126
3784.81784551696
3792.64786597825
3783.78650520209
3791.67197891381
3802.69904493715
3802.06396411192
3786.89082573039
3773.91031724164
3795.48887006413
3799.4040174815
3788.65520939861
3783.69040795246
3774.50493859331
3757.22594299848
3747.43352148044
3733.96860036791
3711.9992103829
3702.76189930585
3700.9506231097
3709.36354237506
3709.709483456
3702.09942595076
3686.53016807816
3686.66291297374
3677.99350088009
3674.17189986894
3673.1937936255
3651.20347162756
3645.70582198067
3644.85954798226
3652.85910410403
3663.05085605366
3643.92976312356
3630.8261556759
3628.72780266205
3645.01867615103
3639.3005062346
3631.23690150531
3628.15440352905
3633.29570996115
3640.13566776462
3616.99322248242
3629.01958094683
3642.67763886922
3656.46474589098
3647.45615076052
3639.18837212282
3634.77738532411
3679.87063141938
3680.95932568821
3709.26736161009
3756.14483910852
3794.91163525338
3814.89412185963
3836.06755484669
3860.07290840293
3870.37191482319
3877.17522377479
3899.19059022651
3916.64715257064
3930.27712518409
3983.11488226058
3988.12263969011
3995.78672713389
4009.99345740633
4028.25387527292
4022.62852772067
4045.01896486882
4044.30518651635
4047.63562548542
4102.48072363151
4126.8116960247
4142.10813873199
4168.75960214297
4190.74199871447
4223.43201023188
4249.09155457729
4248.70021191616
4268.8902079533
4291.38802757175
4307.23216569584
4337.14759784803
4352.70033739508
4369.67343061894
4421.23975320634
4456.78470209199
4474.8876454057
4469.60502176401
4504.50940358474
4533.30710285309
4553.64483233221
4562.11101784474
4585.95934261158
4600.15704918158
4606.85092710582
4651.27124297781
4615.854751449
4580.00022663027
4595.83323123191
4590.79909867092
4568.42707080376
4578.36592089242
4534.27291111681
4506.14982606561
4491.40992891013
4480.17044858613
4468.09205511231
4445.89215518228
4431.50014277871
4435.59540788482
4441.792144989
4461.40009145394
4435.08643665986
4402.93787255649
4389.13732908962
4408.6889010669
4400.29478964479
4396.38384211658
4368.98417674652
4376.12550849633
4368.23775475518
4366.51783693421
4331.91066831126
4315.27216426847
4355.9258384588
4330.0417484423
4310.41256679165
4320.10912880684
4316.36490475137
4308.59438265286
4315.33677105529
4301.1260944873
4285.70889650974
4257.17005043307
4244.03198267375
4262.77478914777
4263.9751924461
4245.77917747841
4239.63750502029
4243.53012370004
4236.36425462448
4211.38154818052
4215.29505689022
4215.93587008305
4216.118774316
4230.84545416572
4213.80947650031
4198.40643435025
4174.61217210596
4168.23541162667
4171.34298737079
4166.07896594471
4171.56856765148
4169.13055152929
4150.47382051721
4161.11892741236
4153.08431837792
4179.43000518992
4199.73953416573
4212.16773413714
4246.95315063061
4245.52155441362
4210.37326679161
4187.63354426416
4191.48948244448
4205.83687081749
4199.10992985945
4198.14038357094
4388.90340489564
4601.97577863131
4719.21336938641
4768.43571923174
4763.67931856572
4756.64536134554
4764.08283287846
4751.97770115633
4739.56503182834
4739.72539799968
4707.2943625339
4709.22402424287
4675.83483979018
4665.37771980907
4649.63849200358
4632.15551001969
4615.57206805989
4576.82442654411
4555.50525848829
4555.74453611864
4524.41847208848
4464.9967165909
4463.58201522013
4448.63933984283
4430.31926205745
4406.67906134203
4365.57167407583
4354.06660463801
4325.89498417309
4307.17631064113
4291.44347539794
4217.63588318941
4169.61452477548
4121.89674012292
4052.27839660575
3984.69665102098
3947.83756536704
3906.15956840812
3887.88305424066
3867.53133441475
3854.17921962964
3844.62359419208
3838.46540515368
3829.24269022135
3842.84700859168
3859.67986050998
3888.95740913469
3921.62936970913
3927.08549548318
3937.48507860915
3931.05989869106
3924.98131155226
3933.73722798515
3936.01964918107
3933.25449100526
3903.88107759087
3882.74875185277
3848.87443750695
3786.78317384062
3740.01704004749
3694.58262969826
3643.07734792742
3590.74954340912
3544.68625891936
3506.05738057699
3488.25656960875
3466.84171856072
3463.17495301806
3465.28007689243
3459.22546084498
3462.78984899459
3460.69241642602
3459.22397114878
3464.51315599685
3467.45547827347
3472.48902924942
3486.04218583284
3528.79769881571
3533.24505392678
3538.27384136869
3562.71727596787
3578.52530139535
3581.04800183674
3595.73335312229
3601.18011222433
3619.06214270763
3639.87815141863
3650.94412709321
3651.06835753311
3671.14224545011
3675.36804281598
3694.02886367104
3710.9091103952
3722.42117221745
3719.96407795841
3752.42611899164
3741.81543951349
3737.03959175674
3738.84409718916
3749.07015658585
3759.13041960864
3767.11315162042
3776.92865639291
3755.67714028657
3752.00792398799
3770.16672839489
3767.79614965432
3755.53552763559
3766.08183018952
3763.68454025161
3753.34981700726
3755.0163288954
3772.69046016337
3764.93982204182
3753.87037969568
3731.19945082933
3715.31934487017
3709.0626714632
3673.04585574762
3656.22483260828
3657.33428930569
3673.29604492897
3679.53844429719
3656.75257885681
3635.03174159062
3660.24610578687
3653.26401670278
3617.4928020497
3622.55309819932
3608.63383466419
3606.85273353453
3618.03456673995
3599.51767111062
3615.12912262322
3623.19018019099
3601.53558377363
3588.79570546127
3592.95901815757
3607.95092586599
3609.43014457268
3602.48866219998
3585.14584938052
3596.09477927125
3603.48972229534
3601.2596882178
3607.58260405505
3598.22788062601
3634.77500271516
3640.70018049564
3684.50806706459
3742.77166563898
3762.15351672587
3782.3806991484
3792.93018351357
3807.57133938536
3833.39083319312
3846.23945783011
3854.28303119082
3895.71730157882
3919.4757308214
3925.75506546533
3953.77632710969
3985.76013694026
3941.5549587739
3964.58921307113
3992.63091375373
4013.4431630252
4018.77180238493
4016.88596665157
4048.8286365107
4070.72338859417
4079.90470714545
4117.5505037444
4158.35346157696
4180.50845759302
4213.4331876317
4240.61975330706
4236.27776963263
4254.20803798113
4257.12172324716
4278.83346372043
4319.98691355262
4340.05818020154
4387.44643222008
4419.89534072268
4432.52211096602
4424.3228433544
4451.96184699018
4473.31345423894
4509.84367861052
4538.66838211284
4540.80553292147
4541.34348759239
4577.2096521391
4577.47631666803
4581.93869484586
4600.1257026212
4569.26064618395
4532.96545578067
4519.41884491129
4491.11832073978
4451.50630022898
4445.16107304552
4430.99562851065
4424.43048130557
4393.76891474605
4386.6404952384
4336.64842078636
4330.82743928625
4370.35282053701
4366.92834541491
4364.69839539695
4344.27423109386
4330.61830705019
4353.80198536924
4346.03270573579
4327.2237214931
4313.55262052762
4345.79187860485
4315.85374617403
4324.09277421886
4322.52757423582
4304.84027961804
4327.70960679327
4315.76743276065
4309.30925292139
4327.86733747502
4304.30786212654
4286.91758709972
4309.17608953061
4289.67517152601
4265.22766082661
4264.28983129581
4253.00367945351
4249.49052372195
4254.80995821263
4239.48378150186
4238.21943338016
4245.42057028433
4211.92129097876
4191.0574881075
4201.75902126526
4206.88539921837
4221.25744651069
4202.34201536219
4180.18584791072
4190.77214624898
4170.20017095057
4143.51040137027
4171.99958896121
4155.63847037219
4145.46356741779
4126.37024360843
4103.56717204688
4116.05130864174
4120.45625203416
4122.4675594978
4141.14173109129
4149.73550088476
4156.87764725839
4151.09852077764
4136.60977347206
4117.244955981
4117.58333888999
4249.58687235528
4465.50107554678
4624.56040580502
4663.4675296767
4702.2662984471
4728.94490696365
4727.45756013497
4720.67609545738
4704.6425583477
4703.00531281754
4682.05666055283
4674.92609622496
4659.2291705791
4662.17380713485
4630.40172781885
4604.55699420225
4598.19181730825
4554.82808449738
4508.33905944398
4499.3722659544
4497.24595061761
4476.91537881043
4438.31172343992
4398.44110280969
4385.49308680784
4374.97148500513
4367.95389806576
4344.12244306941
4303.73690799213
4286.01665437066
4270.56988211357
4233.5234429698
4191.76884861726
4150.00263667544
4105.22428821129
4075.59093419547
4034.2816150826
3996.14248032113
3948.0701488515
3908.02266401847
3876.30590698678
3862.34235545777
3847.46296233738
3850.17038836911
3852.72914853977
3841.95435779792
3852.67523414804
3884.61724238793
3920.09225281558
3927.48174416514
3919.88878390154
3909.86694436606
3939.26586077228
3938.58607018546
3925.53018051159
3922.9560003928
3890.1169688054
3846.65715707301
3830.35110122192
3791.51781430221
3739.91528322641
3693.7657453179
3661.04445053614
3594.35087638985
3542.52367681338
3498.33853237067
3478.93122953608
3494.13012001904
3493.29300453364
3484.95798773428
3484.57082684807
3491.64340391822
3485.34319862363
3477.16932275732
3489.45960714779
3498.65198430422
3503.46000090155
3502.61345307798
3513.41702692804
3544.2488002011
3550.03551863392
3563.61434781339
3573.9160422138
3595.92146114252
3601.42807929284
3617.84143057156
3628.81456302005
3631.5609695964
3634.50503426648
3668.21477308891
3675.14949683413
3671.05865860659
3691.46151509659
3698.77368240694
3707.70722731932
3701.78587111157
3708.64518698819
3720.96316002314
3728.12943002687
3735.60324586765
3737.12125424311
3740.49018655573
3739.01450974226
3742.61391822648
3739.51991510206
3742.05876948172
3735.57449928999
3744.39455354185
3734.0755008981
3740.0686620716
3756.93606799424
3745.44231639494
3737.94530394537
3736.05009574688
3723.58292900553
3717.69710215537
3709.42688248199
3691.94923287867
3682.97722258629
3664.99966698207
3653.70223027717
3649.35888696503
3639.05417395758
3622.28574924466
3620.72529371291
3618.42281851584
3612.97336470239
3604.91702266562
3584.35046365155
3573.11752100128
3578.15729145808
3583.16678526146
3575.72659338904
3560.61482969622
3561.31451386893
3564.16786760637
3550.16749661949
3542.63233961371
3536.92181954847
3548.29370758244
3552.6073284252
3552.54371740495
3542.84810195916
3546.28576099915
3551.27367972136
3531.08920837631
3563.36935454208
3577.24799703055
3559.24923532912
3551.68665801885
3557.4341866199
3569.53138023777
3546.17969007916
3543.69901901223
3562.09812591875
3584.04757787088
3561.69094605622
3551.95111586125
3567.1784764706
3569.33671166158
3577.72057810176
3574.39680385989
3585.7504525141
3629.45775560312
3665.76566421269
3697.28263306254
3752.96049335334
3789.07432224054
3794.53599561085
3805.20376075022
3821.99095464747
3825.50343971955
3866.24739179517
3894.23776907246
3916.81090805749
3947.68277570796
3958.2561224021
3963.7923161864
3987.54458816386
4000.10425927736
4021.6141299297
4029.8811720427
4025.03149196565
4040.8133544176
4016.76522674707
4043.27944143313
4082.42088907581
4107.40709492616
4166.31365892476
4197.50947294517
4196.91918210054
4187.15451397407
4239.56157257352
4246.12740447809
4285.16015892102
4281.24244158977
4289.4774900052
4335.46399978626
4357.41994448508
4369.07346422146
4414.22947744349
4413.67667740228
4462.5130403932
4480.6316813025
4463.90726169446
4505.20179932452
4540.35845420614
4539.52333138037
4572.65285499098
4569.61744797362
4622.91711175368
4636.65992750352
4637.85294276344
4642.72557965338
4614.75628715459
4563.20590788191
4536.14128887103
4522.78289662723
4517.01397442703
4468.4975605196
4444.13034858786
4449.82661208488
4440.96796483404
4398.0391422861
4372.17770463562
4365.83877201083
4325.21230694859
4319.02170219793
4354.59746750573
4359.45670820837
4344.62300072623
4350.62824213144
4376.00187243197
4363.23526326298
4356.86368643141
4358.53256099832
4363.1722811593
4337.34078595579
4336.65698673455
4344.22694552793
4366.77970428076
4348.25624825759
4313.09582388669
4343.09204592912
4328.13542992313
4345.90458214855
4345.57898688902
4327.01845911968
4303.81424824611
4288.57390960052
4295.59502499716
4286.65351699287
4279.92002909126
4264.971814331
4286.30350322194
4306.40131848784
4271.94100049468
4241.18730456774
4219.09943751961
4236.39204306803
4252.73994596221
4251.7975440105
4239.29957754903
4231.75461035943
4221.44555094516
4192.93552031454
4200.45467944461
4224.14249817048
4258.85001309293
4273.07731917464
4259.96679734058
4255.59753563899
4268.24252824318
4287.5437312219
4298.61240520972
4290.647620409
4290.16061132957
4267.96397450124
4241.20806326984
4212.25746540123
4219.35929913158
4172.47614512357
4175.37337383623
4186.04829121487
4168.11292981501
4171.66487324429
4141.72768371857
4303.82392691477
4529.8294889307
4660.38489222012
4719.85816666338
4707.01803857374
4732.61340566778
4742.17256225763
4724.1020129866
4728.58585807432
4709.17430373134
4711.85760122541
4714.01884849235
4694.58249880123
4682.41644138325
4639.95565895046
4629.0769968875
4634.65339251999
4613.16524018276
4582.94208732307
4549.85277158887
4545.88923997577
4527.33774328277
4485.77782001186
4463.83343466728
4451.28222661349
4411.86930613197
4388.25672520366
4376.90309627243
4404.67057423946
4389.81681855877
4349.14239758261
4308.78530138512
4284.03177485797
4244.84045681578
4209.9272709993
4191.45548800529
4154.12545866691
4083.8328001366
4038.65751425922
3982.67158088098
3944.73892031972
3946.76147368299
3932.34254076552
3875.23041433891
3862.76354002042
3877.99556683594
3880.24342726946
3892.71568064939
3912.09991556325
3927.39757394747
3932.01636300811
3936.57671230118
3937.00908402938
3955.02745726686
3970.09285040995
3945.72841400913
3926.87618861176
3918.60703447353
3892.79892789436
3828.54654109751
3781.11568946413
3752.26440572429
3700.1961599296
3648.44759929611
3596.88753860665
3563.3368356685
3558.4042729791
3546.05670328267
3535.65291376382
3527.22251784651
3516.06725470878
3525.93709268573
3520.38720149583
3513.54360980891
3511.05226998766
3523.7933646851
3521.30495718124
3520.56462386949
3543.77362741186
3544.00635739079
3551.78464414904
3582.46785345655
3597.0526352893
3620.07647759132
3628.13279505368
3623.01893843822
3625.31319798899
3643.21946702486
3654.97282697914
3670.5333348147
3674.0312410482
3663.81386571206
3669.8219714987
3669.76391186108
3682.09481353095
3685.50803907997
3729.09372268655
3731.94205378906
3726.13112601015
3729.72120970103
3729.84355562392
3720.73160820971
3738.14073007382
3758.80390785761
3755.53035463373
3745.57918950395
3741.40721426323
3748.98532696917
3751.39467978217
3767.794556477
3762.6865140056
3746.40230426061
3743.52236695023
3757.58989241771
3755.52307989905
3741.13153253785
3730.84858844328
3710.34774160528
3694.2759308775
3676.55020517999
3661.08164255557
3671.43077356208
3655.20847111176
3652.33354802625
3652.19677292699
3635.91672129896
3614.02448205603
3597.22751748854
3614.59075057918
3622.13174071624
3605.75307768113
3610.62523348766
3607.82625748419
3610.20552001982
3601.99166973933
3590.88501241205
3596.91982988502
3582.93766130323
3575.18397242131
3586.64525913821
3585.3568341177
3581.31034107687
3572.95748951925
3583.8232494577
3578.6598237687
3584.93870260956
3573.95111976591
3579.27846510122
3590.18512801123
3565.02770868504
3561.19855323314
3577.20650400482
3582.39977885325
3576.01548233565
3572.42188301487
3597.24646474012
3580.26192727505
3566.59563239495
3579.01607895516
3590.55443435675
3576.32161874578
3550.63060185467
3551.07096377777
3569.78141880456
3584.67741883388
3596.00943194434
3599.19916142777
3588.13122052201
3591.82320303137
3591.75158485974
3589.89923349162
3601.36680661965
3612.03952549473
3590.45718927011
3587.5378738432
3588.58904567572
3619.04497428065
3589.85600660943
3590.88794603914
3622.63094327185
3633.65931961994
