1000
462.307030859369
752.444890287718
859.006071955263
918.750069883421
953.572335413907
966.001374618741
972.809071849949
975.120677730247
977.356807120395
981.436946806677
985.139932530611
987.172543199823
987.705069660134
978.809426414986
986.612034046134
985.720450040193
982.712852051882
994.712617969969
997.47043390907
995.538399118756
983.496530096359
987.787685010261
988.554213363477
986.28262415293
982.562296372098
989.47087261894
994.882847452885
990.870743566283
982.957634597484
984.181702282151
985.03391209262
985.106506549369
996.103683504961
984.94600321815
983.038692755403
996.690267118529
988.81244061195
983.568851701638
993.481778733166
994.252380302562
991.380152487422
982.757034462613
986.232857690555
2181.83592466502
3933.88525378964
4390.52792015294
4594.590237394
4709.41111309416
4800.03968160727
4836.79514802883
4859.62743907396
4819.60495259142
4814.2677207398
4836.96209359638
4792.09026773652
4789.26473138259
4799.84481074251
4852.25273531781
4854.72514598676
4810.57757303984
4821.45439422401
4818.71353486211
4792.09646575528
4825.69862759452
4873.36126049858
4885.34493785074
4867.62825107329
4803.82798161622
4803.59175042374
4806.48568102666
4827.22649483142
4830.6766471636
4822.73010363302
4794.5677839858
4787.58826746562
4832.08621668859
4860.22978698805
4868.56168464344
4870.98218968836
4815.08215700516
4781.14887901846
4796.78688836728
4803.94776200874
4857.28093006577
4827.73025085444
4820.9876296355
4861.3873140555
4859.10191288695
4831.84342740185
4810.30012110996
4811.12377846123
4840.08659944966
4839.41149388713
4818.26585624741
4790.37666363053
4819.45966514365
4848.63250292309
4805.71264890566
4820.03868025821
4839.45777879902
4816.83411824652
4781.90270725405
4804.24166719591
4841.48031705347
4854.91615870422
4829.50514870024
4843.33455358929
4817.51322825029
4807.24656983074
4855.88926081917
4883.65451844323
4827.74887001819
4785.77459398458
4816.7172290422
4807.22130713948
4788.53596802888
4804.94806447397
4824.02644903553
4863.96852183029
4837.27102755839
4811.87794997966
4813.90856852425
4809.09011032134
4836.41173830835
4860.51964864129
4847.82745441601
4858.53875801731
4806.4604997504
4794.19572427143
4824.96158726115
4830.78284527563
4871.95849706035
4861.05044369876
2494.28683309842
1329.55356755584
1110.95008069137
1049.18270182386
1013.19458469942
993.873036258135
988.267188764507
986.054752196259
989.630819026404
996.864598667595
991.445099736306
979.076294794655
989.11854013456
992.051538386389
983.075057605534
990.040320887805
988.640086755022
989.638235361225
985.310861069121
988.20942177422
989.7849214232
978.041792538664
980.568121392826
986.368381819032
987.475086728173
989.020327997916
987.275226768067
992.940323581962
989.195069038717
983.770230048883
984.393613769241
992.201405950334
988.76495019814
980.744457264852
987.586643685078
987.356138500739
985.21477645215
990.906509377545
988.753019958533
992.460433835303
988.514799947234
982.579868860522
990.900830704073
983.123932385074
979.381570568168
