1000
439.637490373187
913.109522228526
1092.70708265591
1184.15743746807
1245.54024745165
1283.96064559245
1317.51151175291
1340.5395766039
1356.62339014988
1369.29031658164
1371.6021442931
1378.58478013879
1389.43551690927
1395.05318785603
1402.03688991023
1402.59363099262
1407.88338715413
1409.40808853146
1410.39258391989
1414.01675490828
1414.19656143031
1411.30705455444
1413.01314269779
1417.42016757255
1428.16234525454
1438.58743936576
1441.32533455187
1449.83401007852
1465.08187357209
1475.94042764274
1479.77773921505
1485.52780569321
1500.1746041629
1515.98067275843
1532.08429400087
1552.27181704631
1568.27736771361
1578.83730854767
1606.89915773638
1638.27987192359
1669.4744693475
1703.47705200319
1739.21985822787
1773.97529807223
1812.60772593767
1856.99766763117
1889.08745853031
1912.473728461
1928.29559937046
1953.31630873846
1970.97413547149
1981.80490804252
1997.64210603845
2023.4470169314
2040.18356904289
2062.13466297436
2074.08255652422
2075.5399921821
2087.77218667539
2100.78296193599
2118.23308525899
2126.69649471143
2139.99258509823
2156.74275059823
2164.25179353258
2179.40964043
2204.71383042034
2199.60262757808
2208.28269341489
2228.072920031
2244.49954662283
2257.289459112
2261.71920694315
2251.45043629304
2249.82685499138
2245.54804143392
2252.71772368572
2261.96184284224
2258.30482309592
2252.50227668071
2265.51827593158
2266.86906828022
2266.11267696901
2268.79648064536
2272.75544235065
2287.69475629177
2299.46980146307
2303.27663993534
2311.07828504512
2331.09563037614
2351.61496684686
2362.40665286623
2382.02154844427
2400.16748655008
2403.03037919115
2420.90086305764
2442.75341097843
2457.13339857994
2492.81864152161
2514.9032660885
2540.67107436307
2563.6022685453
2601.97055791305
2628.81630132616
2653.91428100328
2693.91537825136
2747.07607398454
2794.59709126247
2827.8115139548
2874.04177474501
2913.84370456064
2951.57710588141
2969.24934158051
2981.69039984251
2995.37680688248
3005.10268691746
3036.24639397853
3051.66485165856
3073.10674576968
3092.11713892176
3101.66354587676
3118.92908615073
3134.68811513117
3145.87333196812
3149.94003751326
3144.75252674149
3150.0168157918
3164.781324818
3167.53143299696
3179.27413031814
3181.15705528372
3202.20367232004
3211.55311535991
3199.24714977856
3205.24858028728
3210.32154200122
3203.13029732424
3192.59568265183
3200.46166966565
3199.32220875503
3203.12968050443
3199.94573469557
3194.46981425088
3186.96758404789
3195.88725627303
3185.5827112347
3178.83525279361
3185.97892653905
3167.22065715266
3181.69757818879
3195.10903451692
3222.3900232279
3284.76903245885
3288.12680708932
3280.20615455735
3279.23300745631
3259.29530209607
3236.73550546762
3218.06393503027
3205.63760365254
3175.14271139229
3145.34123590621
3108.61437929842
3069.22792649685
3050.30024397448
3019.66023267661
2980.57197293374
2956.09496661586
2930.416778995
2906.92024177502
2876.19640793372
2858.89837326915
2830.65950052071
2797.81631766175
2772.90286037061
2759.86279548297
2741.05622280285
2712.89941317007
2685.31100745492
2662.48462696524
2647.54112033465
2620.90139707355
2595.12646508371
2565.90312664334
2538.00680001831
2527.65692328893
2521.3816630365
2505.49322925582
2486.35458859862
2477.24266334057
2462.9586036207
2431.22442395429
2418.34073728304
2420.0525925593
2414.72067206706
2419.05048662771
2440.61491926581
2458.12999643598
2459.56648058402
2461.86405140331
2475.95738754845
2484.01317051812
2492.11292233273
2495.20447088267
2480.59908870001
2470.45443204041
2462.68315426161
2448.01851234705
2430.18063674067
2410.35009533508
2367.65042884817
2341.64673491649
2306.0100274359
2280.76822421223
2248.3101077325
2214.82871724939
2198.19843504871
2167.32914955774
2143.96943977976
2134.71861643975
2116.02996356007
2096.75715588912
2083.71380166811
2063.1961721102
2048.21058231275
2046.04589560298
2042.22694516717
2036.85467777918
2027.62295730953
2021.27139178746
2021.90667981633
2024.50576530495
2018.80838481311
2011.43903870485
2010.25113422005
2008.32442569046
1996.71176580484
1989.78765753172
1986.74712532071
1976.89001150621
1977.28733436831
1967.82392605458
1954.46213743691
1950.62028903973
1945.46887601284
1939.69350818781
1935.65180738914
1928.21964347252
1918.19157007813
1910.97069106391
1911.75764322626
1900.52593033787
1892.41501686069
1887.87294825711
1885.65733941839
1878.6353709092
1866.5189375197
1862.28712169778
1846.44682247583
1829.09146606686
1823.81967009525
1810.4824964448
1796.80727630455
1781.78305081752
1770.27346363911
1754.58172864352
1743.51298510876
1729.50319054802
1716.31042395396
1707.00112104261
1698.68718942122
1687.09251882823
1682.20582893572
1671.68726393945
1664.44884056618
1662.81918740525
1661.83635967373
1654.71187708129
1646.37310631172
1642.38593308214
1643.8954962764
1640.99173675446
1653.02724621918
1662.7764564631
1672.79831316078
1695.57495928227
1709.96295528334
1720.83950458997
1752.30982713354
1781.34458787998
1806.39761031531
1834.2267572289
1861.3690870692
1874.42166413569
1887.88469242049
1906.79768451454
1916.45445907023
1914.11050920286
1917.1111519746
1929.78331888555
1939.08205646165
1947.03086158835
1958.91807977567
1982.15921475871
1996.80041307322
2015.99900350957
2026.85368043437
2043.22750031487
2068.51239513994
2084.01961836955
2096.21377450524
2104.33853685883
2113.85332300095
2120.41403873822
2141.86000181847
2152.21552974044
2161.65428182388
2171.20975558744
2186.31018703111
2207.78289095652
2222.45544095809
2239.85339804111
2264.8001348146
2269.41391821083
2286.16690057019
2309.42164971026
2317.1838427918
2330.16897975293
2335.59027658407
2341.37062647757
2341.62663398491
2347.97643161006
2344.0730347744
2331.8534617236
2329.87334622697
2332.27065639218
2328.2100737434
2334.39510236496
2352.0671483485
2355.40761820649
2355.97687860521
2371.08410168187
2384.49823002662
2401.75427202163
2421.12270773892
2431.62462380067
2461.94597141564
2481.67759579629
2497.28648486069
2526.16810893199
2549.68868601421
2585.12415948453
2630.2613925889
2640.77842907987
2668.46927328359
2713.6585589399
2757.50379070421
2801.22928041255
2845.70410497265
2903.55814065366
2950.75576794951
2981.27152056787
3008.1784634937
3023.20100608793
3045.35335231324
3067.82378447476
3075.56871310383
3093.24805731172
3098.28386770989
3117.60416991157
3111.73495165252
3096.27358386907
3108.20622307589
3127.58177212053
3116.66910177226
3110.25354353314
3122.63706822313
3139.50168250496
3149.55612523957
3151.94122060999
3158.23455895755
3163.05748305224
3171.67216071911
3186.64074643262
3190.12970883206
3207.70208982734
3221.6060607337
3204.4090646411
3204.19778864586
3228.27410588294
3225.63983488693
3215.66158129137
3208.91935562593
3197.98726792592
3200.75632379824
3199.14886749636
3195.01707462578
3199.86454348601
3220.9190732275
3266.59907064138
3281.70271801137
3275.71025898082
3256.01985746784
3251.71584471108
3245.67253550261
3201.52642772242
3175.39107127045
3163.90594683265
3143.39770383118
3109.89933242358
3091.33970304495
3065.45147731705
3048.96876776835
3027.3207773659
2994.02938351756
2971.90812199726
2965.99478984049
2938.48040520339
2901.54737534298
2880.28375252881
2860.26058666443
2832.084975602
2808.05149890878
2789.94196752274
2772.95654718596
2738.37776681375
2713.32628373267
2705.75786619465
2677.68791691122
2668.29846685723
2646.52127606172
2622.68564134599
2606.94005832549
2589.38881338189
2566.47495541306
2546.72012825033
2535.60832810174
2517.26298258405
2492.77097993018
2471.91872690428
2467.17279489309
2485.68069890887
2500.39125399153
2505.67219049429
2522.66287476362
2531.64655742586
2545.95501268407
2549.13470217037
2552.96066069909
2561.28352433691
2550.53256368786
2540.75235252757
2535.44081108729
2529.88616053575
2496.4153553689
2471.22149610749
2444.0058285629
2401.80319149778
2364.09905787519
2324.19511749017
2297.42471652923
2266.0677816917
2222.7706124369
2206.17764776205
2190.80176546517
2167.45857100054
2151.68915449833
2136.11066320081
2115.14464615667
2095.63434391756
2098.46428748918
2088.1428743052
2070.2529536396
2072.59866775524
2064.53071637861
2054.23245683406
2048.07285256416
2044.42004380287
2040.17783664542
2037.37362304524
2034.7968816975
2031.01357318546
2025.40768660221
2033.63645637643
2016.84823415683
2014.65844871373
2008.56190354141
1999.39579894235
1993.73822894334
1985.90798596765
1983.3475355803
1975.38133497989
1965.88715383882
1959.79673972954
1959.46834860322
1949.80382514576
1943.42450941337
1941.6623099671
1938.85817122045
1932.56113425317
1933.47427264892
1930.68533282226
1922.78522227053
1916.14683865922
1903.18315173311
1906.40475593369
1898.02804129265
1883.32330566881
1869.40308906548
1856.67937468904
1846.61499306538
1824.11021978884
1807.18099526515
1796.50407086089
1782.40278928727
1764.49650077345
1763.74902677833
1750.60022767124
1738.24366619023
1731.51430958774
1724.60040641349
1718.5292967135
1714.26016543506
1710.95591068886
1709.28402728014
1690.66640695026
1691.26362451766
1695.26528844519
1681.32254591145
1673.60282873273
1679.89268087454
1682.50740943701
1681.8710939191
1688.29986711796
1702.90971816962
1723.66824301038
1740.29568147326
1757.95129545294
1785.10094129477
1809.2454241552
1836.39160223418
1864.68274943651
1886.72048419177
1895.18068798982
1909.64811443574
1930.61617170509
1939.71272790229
1947.2465899177
1957.18669452774
1955.08813988278
1957.78453091279
1971.54418526068
1986.37835456854
1995.76895522693
2001.35113913912
2018.44589447415
2041.09833271057
2057.63901021454
2070.40868282863
2086.96813200403
2107.94674219461
2118.43975790997
2122.601872364
2136.34360858013
2149.0907360336
2167.06941761515
2186.10223203828
2189.44448283348
2208.68646599504
2231.59197285707
2251.1171754078
2272.06388403681
2279.84956569189
2306.09350614586
2331.02162029974
2335.23454429242
2339.36817080229
2347.73106891355
2364.3519278176
2381.7926402502
2391.94158464658
2405.43098482777
2416.80032855076
2410.70993558984
2424.55625720697
2436.0230885857
2433.30279268422
2437.37326979866
2448.05052441758
2447.68257754219
2459.41369189349
2464.40987654209
2464.49730061915
2481.65836662458
2497.83171179578
2529.24452282767
2552.12996768207
2561.8471198732
2588.50227872232
2621.60659372344
2653.86445373933
2679.44594097302
2712.95388330003
2767.09309436648
2819.21115374326
2863.17993638177
2910.98997797253
2968.99078063007
2994.48323446175
3016.85471509911
3048.22119187116
3065.67445065965
3080.26033146947
3075.36319719305
3083.6478729046
3098.46055676626
3112.22031370002
3107.30005789357
3098.05180844412
3099.90386991558
3109.06142426795
3113.4815224967
3134.78224397506
3133.84987247672
3115.57350175906
3123.35182717452
3131.85054148239
3130.07662171782
3127.29303698998
3134.76238795649
3143.24020166454
3144.56659194443
3140.91270517774
3142.65380579916
3158.20941000199
3150.64459999191
3156.86501871422
3168.59296622503
3166.75628648599
3159.51768788566
3169.50317218914
3185.9886020895
3188.63393638907
3181.84596848406
3174.80439219732
3184.79886273112
3176.30740943026
3167.63151887659
3180.91084722364
3186.50969980198
3182.29483960988
3169.85916294566
3169.56272660263
3175.79630643538
3166.0245696804
3168.1513041734
3160.78822572538
3174.54601590013
3184.25106130607
3209.72260662729
3228.40466684163
3222.76153664043
3215.32781552825
3190.83650079779
3167.89974579702
3138.61528476946
3111.49601131776
3076.25794505853
3055.6554490761
3032.9422002452
3020.6450167056
2983.72870004924
2953.62685703572
2934.89900853169
2925.99955781957
2905.41293407519
2867.4517194257
2846.56691634676
2828.54399815402
2817.04714831408
2800.57086462261
2761.53686883105
2733.30704490372
2714.35038491255
2689.86736815589
2669.66979582734
2660.24277432498
2648.90115304878
2629.80073563284
2611.30401820721
2599.73729009743
2594.4875568215
2572.76298353166
2549.74551524591
2528.02022294795
2520.26613446549
2496.05243213839
2471.78513414443
2454.95045884521
2442.53358546203
2453.35616992631
2461.58468080445
2473.25178517425
2501.79021765455
2518.44707088043
2534.97200161031
2556.3714279278
2566.98701691393
2568.13255690891
2563.83985155661
2569.53753159839
2572.11072012315
2565.62013114915
2558.97281654808
2532.25200538906
2500.53845893125
2475.97794045454
2443.82478200809
2402.70782621244
2367.51252360888
2326.52830697157
2295.98252054892
2264.7156763167
2227.13466450863
2208.34761594493
2187.51355326156
2159.0552413527
2154.09165631581
2130.71716293523
2125.28844790966
2116.82672366774
2101.52348549847
2084.44787211888
2089.84488436715
2082.3905631512
2071.96916921335
2060.65780736912
2061.41692778288
2054.03165638886
2046.42321615672
2041.48886396088
2034.67682711196
2040.54490774125
2042.63620489712
2031.57244119265
2035.22349108341
2028.54794984513
2029.43874146337
2016.26680404203
2009.66910132414
2001.91396716496
1995.67459947994
1989.33801265091
1980.92917377276
1976.00916547867
1969.85819996125
1965.15401030587
1964.74080894415
1960.44218297635
1953.6718984453
1952.53698170889
1944.64595664707
1940.81526599747
1951.32564980726
1943.83130532323
1940.52339302229
1935.19764932971
1924.23146823055
1922.01666991584
1917.46638612578
1903.77848926512
1889.30312506939
1873.43241642961
1858.3097237671
1842.58202476356
1833.00393827362
1822.6472056597
1803.01249357142
1804.95287822966
1800.06663168327
1785.55631398647
1779.7822573357
1775.45256688647
1781.11187922118
1790.94472352031
1793.98668859043
1807.89124509316
1837.1452795759
1864.79551013558
1878.43190090268
1900.43793908168
1923.28132965958
1924.09396894093
1930.16361089532
1937.8048678108
1950.04281971043
1961.22406115768
1965.27066434656
1979.4073118572
1987.13037590864
1983.25719645327
1996.66086417965
2002.37963822894
2008.05462722214
2010.61841596118
2024.50090011565
2051.07419589213
2062.76868490272
2075.43654316875
2086.23666632986
2098.12898322226
2112.85352960602
2122.68747711869
2146.8852237506
2156.23601955638
2163.93605982495
2186.80730784776
2197.42285209244
2221.20352842587
2249.42366004407
2265.79769128274
2264.41879448619
2284.36692304309
2304.13371153594
2337.71479465144
2358.35228615577
2362.03348810446
2384.61770544654
2396.13768317739
2412.86809291426
2432.87892887231
2454.22474271059
2466.05382101349
2476.82031418187
2481.39559559614
2473.72181390374
2481.0588113591
2495.89042885763
2496.14478763522
2499.0158673675
2503.0934186206
2516.24362935087
2515.80693639342
2525.994929023
2546.95846081988
2571.43129500959
2595.80036686185
2602.14423376864
2630.96171122914
2673.57290850233
2721.66579204929
2754.47856102642
2796.76563534935
2821.32195442662
2890.71724435945
2931.7995315569
2963.8913646584
3004.86682447842
3034.31564885384
3055.53598001034
3074.39631712236
3075.94887778385
3049.65981168343
3056.49652173928
3078.37240494224
3071.20765300544
3079.3487226871
3084.63318713964
3085.44547466355
3081.91034604887
3074.76135036441
3100.87629098312
3102.68734312978
3102.73901553634
3110.95779312815
3124.1727425604
3115.82636203496
3111.79721790761
3117.78676084672
3133.04718055605
3138.53628699057
3137.58463400486
3143.34932739935
3155.25157169847
3145.74849618128
3136.33086995233
3148.52369171076
3142.87684267405
3139.42260641713
3152.75053845736
3139.98032143183
3141.37132587419
3150.64735976736
3159.41258510818
3162.04707702192
3149.26791222262
3143.30374005218
3152.2575547203
3149.02378383304
3155.38281874011
3174.69726150596
3205.40644062456
3218.95220801448
3193.36281312284
3188.97263269708
3158.58067491885
3134.89042898268
3102.08939649203
3085.71753999843
3066.07740285538
3043.41836072837
3030.41236236531
3007.98388507916
2973.54236845706
2954.33424366077
2931.57071660004
2912.22933606384
2890.37225352899
2854.55816864704
2830.43900928671
2809.95129755482
2800.18234787446
2780.58133945809
2755.02182006669
2724.72588976025
2707.56213468326
2687.95929986357
2661.20341047608
2655.9527328818
2659.2825404335
2626.45154940233
2600.04264732242
2593.36306023104
2581.17331147338
2567.21469485507
2549.40033816133
2531.14567497867
2509.6527998441
2482.15086555089
2470.96741163079
2474.39463069113
2475.88612141104
2477.57338785771
2475.09214956522
2506.08375919444
2528.40367147122
2528.14483239596
2549.20789757261
2571.4139256079
2579.63736444731
2572.09662321965
2570.12214100752
2573.35900938335
2555.96967725345
2551.42144940606
2532.96312617021
2506.02432747687
2480.07678334626
2439.2321837018
2408.40214272468
2366.25794004889
2325.93561264239
2289.19247138139
2262.7614983526
2225.09784962231
2207.79734396493
2189.4047114073
2167.85229530837
2150.95340732707
2142.09859858713
2129.85853811136
2113.15392787142
2100.03838577833
2099.08281683757
2102.40935546393
2091.76181141525
2083.68116891602
2069.85828481246
2063.18434951436
2055.75344759391
2051.13085933052
2052.29960047769
2045.71366638476
2036.79462181143
2037.65001670872
2039.53395721736
2034.718888766
2034.97804198004
2032.01946879718
2022.28156464207
2023.43125282337
2012.30433300541
1996.00460729518
1997.35961835828
1994.23448700358
1987.90450286309
1987.77093488275
1985.77867985718
1978.95764075508
1981.1444145905
1969.70430094821
1969.12843966591
1972.16310625313
1964.13336255484
1964.88141665903
1960.01850327885
1958.21359006078
1957.50997131859
1949.22855103457
1945.78904215718
1936.48551087441
1927.07645705227
1913.71764237618
1906.03160716194
1890.64733442055
1877.53254365049
1865.08816798294
1857.18851163259
1847.66547715703
1836.61268570215
1831.08290713798
1825.14288122577
1814.96699279679
1813.10020061484
1799.179859105
1796.92814424283
1796.2111688628
1792.42145947951
1789.71364773075
1792.2913477852
1795.80291064987
1802.52022508633
1805.62734771246
1825.04006173357
1848.16323805434
1863.38990179765
1894.44980490438
1915.98042007057
1924.047033046
1937.48329419198
1938.43276009366
1950.07583612465
1967.50358507123
1967.27011713612
1978.77863491973
1988.56887524213
1992.99338001636
2009.09344798746
2015.1992099986
2009.19242676758
2020.45895571053
2035.04880101491
2037.83873658484
2064.22120753423
2077.06029120047
2077.44543454374
2087.1300698187
2110.68859125626
2121.23353219192
2136.26583908861
2156.55802275601
2172.71616350795
2174.75220948055
2197.47890602246
2219.94656025778
2245.12035488344
2250.72704015678
2270.53111036025
2289.52809946445
2316.33638276122
2327.9109506827
2350.31961538359
2369.33509699704
2380.20225757734
2388.2556144044
2399.25416288014
2417.57245087098
2430.23428787525
2426.15631623994
2429.05276892335
2446.91780389922
2454.65701428633
2454.01520711826
2461.14000706257
2467.05351699136
2478.9101921335
2489.17030343491
2504.52795380231
2520.08957883803
2535.54832760222
2544.4048489303
2547.82094771405
2559.29889471801
2588.47251071946
2616.98087043997
2640.94358634219
2659.33850903937
2692.20216810007
2721.1636501993
2759.65757823301
2782.62481513726
2823.54961006707
2868.94123623698
2919.92953588121
2974.96357695197
2998.64394944367
3031.32325582162
3051.23253214737
3052.23981950064
3048.22537298798
3031.4174047303
3025.69030631823
3030.87908031867
3033.5103269157
3026.27489228091
3014.31184133106
3017.1175278266
3019.74319990081
3017.88325193458
3029.51367774115
3043.44103571407
3057.88137974556
3055.56086463908
3055.11105672866
3067.7025056196
3053.47842263136
3060.41853899311
3078.22435941988
3074.56906810366
3072.31581149166
3064.48812825577
3078.19343385731
3090.93514628385
3104.97229717998
3101.92436941622
3095.50661795252
3105.27419682964
3103.83277246058
3111.87461016888
3123.8812867751
3136.78806327521
3128.4944630198
3119.79359949618
3133.28497624851
3150.59183014786
3124.26742049424
3120.11792169992
3123.05488523137
3131.15108432438
3141.25963476738
3143.01836862653
3141.44877711113
3155.69058136245
3177.8947801679
3169.09965697004
3165.18102609445
3151.50566295436
3140.53107095739
3122.07105429868
3086.44403148378
3070.54107736409
3043.83179841872
3018.86801199078
2990.00629221059
2940.56906708797
2929.31037074526
2913.75956331922
2900.58761968224
2877.72309622223
2846.26959320328
2810.2297455498
2792.77787806612
2779.22052987593
2765.73088447775
2739.02518406246
2706.12005539473
2699.55078756885
2690.23476446131
2676.02488865505
2652.70526730602
2637.45713494114
2628.44797430849
2609.02650128093
2591.25021038629
2587.16454500366
2576.48462948702
2556.96891151515
2543.220763715
2520.75671638302
2497.26598873874
2473.13385628709
2458.2000278943
2449.7212497226
2456.10025245343
2470.38068335689
2470.97553348603
2484.54492113293
2502.87632969931
2528.6592782823
2550.60677383792
2552.75283214059
2577.17193677503
2594.78861968906
2597.30541478144
2599.46817007954
2601.39134942799
2587.19372173368
2570.85293065258
2544.62054095498
2525.25725443417
2503.29304377623
2460.81291121557
2429.28935612289
2393.80911188659
2346.66897111769
2308.9126077773
2268.33330557131
2247.5026392236
2222.3060735861
2186.69707548198
2183.06506124376
2166.58682648647
2143.78431447064
2133.61297154611
2133.21398171308
2123.65008250503
2118.76798999558
2111.4649385033
2095.68980346785
2088.52503887405
2085.45411278475
2077.84725557294
2069.42428668217
2067.57621053501
2057.34024805485
2048.67174715429
2048.91908762875
2048.98981838333
2047.60465429478
2045.99076614605
2049.10813028446
2041.6193379426
2036.8941606771
2033.32822777812
2026.21817955443
2022.95186243547
2014.25823121007
2005.98260996736
2001.04805543048
2004.71380663816
2002.90081012812
1992.75066544022
1988.33262760337
1994.31230132267
1990.84450418333
1984.00328869943
1984.74832030959
1983.68512466863
1980.34394424063
1980.16100799237
1967.93866608361
1967.46326546806
1963.55173199761
1962.43079517525
1953.36796874655
1941.28519482431
1931.9956397856
1917.46872369192
1897.6584683001
1891.16714097833
1886.65964064525
1884.02077802979
1878.24482921593
1867.00227711219
1852.92903357551
1845.88432145927
1849.43330612949
1843.20487563145
1840.16054271426
1836.05463781546
1826.74228971942
1827.87979901231
1823.31125894094
1821.405614255
1823.93188555369
1817.74942153287
1827.35107020197
1842.72972107447
1859.27298965807
1872.93726370478
1891.39002928511
1915.07738675656
1935.60504512423
1956.85745884891
1958.15237252286
1961.69643656294
1972.57005835018
1973.77422675441
1991.03794187363
2007.61719899539
2017.35742817536
2019.77354489717
2017.77219339216
2024.73289560342
2031.30828564129
2033.04119681011
2044.2766838624
2060.46766140464
2065.88402058551
2076.84162078234
2088.06293416655
2096.62906372613
2116.52300034727
2124.64282917068
2145.340057096
2163.2075258005
2178.53848168388
2187.72239461705
2196.46886032351
2228.05696295584
2247.81898288341
2268.6250106824
2293.80113420888
2302.87805819616
2323.25198306926
2344.74865623458
2374.07677995447
2374.10623711956
2384.15624364596
2410.16292109831
2430.96627559153
2450.17653798498
2475.19090360414
2483.81763837356
2510.08480630222
2538.89886756083
2547.06711135168
2552.1678197559
2543.91037479909
2546.15940569701
2532.00284050752
2540.54606693245
2537.33571501117
2542.06803160409
2561.33654153609
2577.19415823919
2609.83507457817
2628.82516753371
2630.60982087401
2644.97489619682
2666.74071981602
2690.16145007815
2705.48435347256
2744.37565499938
2791.79676550664
2825.07105019101
2859.98596509622
2911.28651719194
2954.08109134065
2997.9663712271
3024.10917433595
3046.14910641514
3053.88451605092
3043.83757556478
3046.34833063726
3041.66974006592
3030.38528800873
3017.71768306096
3034.11439406117
3021.59314862255
3026.61553315325
3028.35828504825
3030.11837981268
3040.7545063483
3031.40509243165
3027.21239643792
3039.02080303715
3041.3443586539
3052.9363630345
3052.50902584068
3056.82114932159
3065.03128078443
3073.98616617424
3069.50222289938
3074.53253065736
3071.31460608373
3066.56694137085
3072.86261711591
3076.73873319636
3082.1482540143
3091.80515930926
3105.15437107142
3108.48258218838
3116.46715209085
3112.50257529443
3114.83897211034
3107.70585167921
3118.34265113922
3120.05433885653
3123.19387516696
3120.68112419795
3127.36654600416
3110.63827050246
3109.71618119506
3121.21177163129
3144.37515175504
3155.3546745193
3138.92734483488
3131.46980348133
3126.68755058908
3098.67867283412
3075.76651372145
3046.5525690767
3017.80088053959
2995.83340284
2967.76121174956
2945.27027219819
2905.2544042812
2883.41160720568
2882.02933265348
2862.58932966415
2841.01057876075
2834.22105033868
2810.33147820234
2773.73367211861
2762.7071108897
2742.99686393212
2702.07932923651
2691.37718328717
2676.63175265411
2654.01298460331
2640.10986313273
2634.51442134276
2614.4035509373
2594.69554950976
2590.48849373595
2574.09391801903
2558.83075024793
2534.44726482757
2507.55532528755
2503.86891083897
2481.68806221699
2449.93050431405
2437.35275617592
2433.85624629246
2442.93371357836
2459.52040722053
2474.88881007249
2491.00479901483
2511.90617632185
2531.23898478688
2550.85931301345
2567.23891334674
2563.2853788698
2568.24294731324
2569.74044061367
2556.91876035196
2558.54502709073
2557.58290745753
2534.56350782399
2517.64100916672
2486.94990018816
2446.11348785158
2410.88717811641
2374.72193887825
2332.06806486038
2297.75597450573
2260.95128076145
2224.28764826642
2208.19041771489
2194.27142109276
2161.86713354926
2146.8015704812
2139.32675701169
2123.76742019014
2119.04200141816
2110.13886091499
2098.65060784589
2103.58081630967
2097.16866279683
2085.85424295947
2079.86333613001
2073.1208904154
2064.33618651693
2054.00237557743
2054.45599062468
2047.43867398005
2043.01219751494
2044.08354721064
2043.04864504471
2041.10012294664
2035.41936211941
2034.36296030972
2027.02924533488
2024.97598084046
2022.97636237798
2009.24837247148
2001.56506218657
1999.12043854779
2000.75617583498
2005.48993211819
1997.41513542083
1996.47311011086
1995.39916957071
1996.84278867992
1984.15596085101
1981.87267171606
1981.30876029904
1980.10133606314
1974.04775772514
1972.18839428206
1974.56465234858
1972.28559618754
1960.3299608175
1960.78996106821
1959.25104174834
1946.020606952
1939.12789089567
1919.53433090902
1903.3861188374
1903.81140307087
1894.88693366584
1887.96495732953
1881.33871695321
1877.3005530282
1871.53962271029
1862.32172566752
1858.25473529964
1858.95909005518
1846.41161930529
1847.40586991718
1847.19244472477
1838.87209679074
1835.70076628806
1848.50557155003
1867.46965260805
1873.3689433098
1896.89789620695
1914.10649267493
1929.14991464588
1943.73320064179
1960.62474324123
1967.90475912817
1966.02516048534
1970.86068286557
1977.42601776804
1988.08351335061
1997.80715836466
2003.78772539433
2006.46182794539
2011.60560358324
2021.30578781967
2025.24405328602
2025.06514346832
2040.26256126237
2054.12995530917
2062.20598359752
2064.61038399512
2078.98320865579
2091.28249382841
2117.25321918303
2127.36711419248
2131.07557418316
2154.22536669916
2174.99443684364
2189.91825454782
2206.98440600647
2216.27197229434
2233.76046114266
2255.95686802677
2280.68515973787
2298.55070147952
2303.96938170768
2336.39588496278
2353.58735291224
2382.20900556558
2403.48325293466
2424.0461192722
2437.2900190857
2461.18755239588
2493.48141012156
2503.42319275144
2513.07664749504
2525.91289896708
2538.73432203488
2536.64607903097
2528.42762047543
2522.20277221636
2542.24727677312
2547.4640553417
2524.46485832378
2527.20135717886
2554.62595047969
2568.19159822514
2578.77435367102
2606.49270917484
2624.86896948055
2644.38637115774
2675.07142615045
2691.71576480126
2716.34017340671
2766.92438768253
2815.4962904684
2849.97044091509
2894.52236802372
2943.33969560021
2980.90104402211
2997.48244833019
3003.03563346391
3015.63186847249
3008.1602891281
3002.46975324152
2988.69222181895
2981.69180078699
2998.50621190041
2987.45673823096
2987.02103352439
2983.68583054883
2983.65506428239
2995.27087210093
2993.63178052691
3001.40175627124
3003.83288152029
2992.92213499076
2990.3658004414
2994.53418955343
3006.67734380791
2998.35365515839
3013.55934136515
3021.71548143259
3027.33115445167
3014.20281378848
3011.70755729689
3018.79981481504
3033.58843232328
3039.85034414979
3041.03912387941
3041.63736809456
3034.77393503901
3045.64222680282
3046.64590999437
3043.76888654883
3050.91901333655
3084.92178307868
3091.91011993805
3063.91922824999
3072.27442249086
3092.46752532959
3074.2794549118
3074.32450364268
3090.48578023419
3090.00864885591
3099.24211441191
3116.24125864716
3131.48689472261
3133.29298063649
3108.22296839769
3083.77999819679
3083.27270320251
3051.17404554673
3033.0309936254
3004.32751898647
2968.78460645616
2943.78395575442
2904.65072609629
2905.4719651714
2882.59315139177
2847.07611356415
2830.08362087936
2823.71015421188
2817.2969844295
2777.96912581825
2751.99481011867
2731.52969793832
2717.05704046233
2707.15248639332
2689.69101462364
2666.90697260458
2656.11844998615
2634.74559459435
2627.37392278232
2619.48564040566
2593.81947131666
2571.16784702794
2563.25415065896
2540.83497206413
2514.72058160091
2506.26084171528
2486.49005401523
2467.42440236849
2440.67818020684
2418.77593237952
2423.00028780691
2423.09853135472
2420.60628519369
2420.99929030689
2440.98133270197
2456.62817857159
2466.43651617722
2501.84699326558
2544.18829670432
2565.35438659234
2568.36793047238
2558.18378077645
2549.27900913591
2564.41368135349
2552.3368130644
2548.68455077291
2525.97194750325
2495.05702676219
2465.6421660053
2423.71246613181
2388.3951942267
2346.174046255
2304.30905298806
2265.03437351103
2237.52315312403
2213.01842323848
2189.45263067646
2170.2267559445
2158.87760068823
2138.20237764249
2134.43856272155
2122.29931151237
2115.05805464939
2105.26604457914
2097.46671080889
2096.99756489557
2083.76794385144
2069.62108136711
2072.65673858143
2070.24638998037
2062.60697483938
2057.72654230003
2049.53163141869
2035.11000343872
2032.95078417161
2035.43222985176
2032.50612658226
2039.28830851264
2036.92877183933
2025.1898434866
2022.64361173582
2025.60456620992
2022.79430656639
2021.11295147725
2014.92273495243
2006.89077830055
2007.44842068579
2003.17236107798
1992.9675415936
1984.78180409696
1992.05940603673
1989.87030415092
1992.07929027719
1993.93800030074
1987.24370406924
1986.98074443759
1978.97989394978
1979.89297489547
1982.66231924058
1973.13138690775
1963.89816795617
1956.94930239287
1960.82021424626
1945.37632505703
1934.25573374585
1928.39842048991
1922.40034902344
1912.3348904719
1908.15696775499
1898.45016868843
1895.43782312884
1887.164850895
