pos,load,Var3,time,Var5,Var6,T_oven,T_Cu1,T_Cu2,T_Inco1,T_Inco2,T_Cu3,T_Cu4,Var14,Var15,Var16
-6.277,-0.024,0,43200.617,0,261,141.919,115.539,112.683,102.284,70.159,59.71,58.931,2301.495,2301.495,2301.495
-6.251,-0.023,0,43201.323,0,261,141.93,115.536,112.681,102.316,70.192,59.772,59.008,2301.515,2301.515,2301.515
-6.238,-0.024,0,43202.015,0,261,141.928,115.488,112.658,102.325,70.217,59.838,59.108,2301.492,2301.492,2301.492
-6.235,-0.023,0,43202.717,0,261,141.943,115.457,112.642,102.345,70.262,59.94,59.237,2301.499,2301.499,2301.499
-6.21,-0.024,0,43203.423,0,261,141.934,115.437,112.62,102.342,70.277,60.062,59.364,2301.482,2301.482,2301.482
-6.182,-0.024,0,43204.117,0,261,141.952,115.427,112.628,102.385,70.326,60.2,59.533,2301.503,2301.503,2301.503
-6.179,-0.023,0,43204.822,0,261,141.958,115.397,112.613,102.385,70.349,60.336,59.682,2301.495,2301.495,2301.495
-6.157,-0.024,0,43205.522,0,261,141.962,115.373,112.597,102.395,70.389,60.466,59.838,2301.488,2301.488,2301.488
-6.13,-0.024,0,43206.226,0,261,141.983,115.368,112.583,102.41,70.444,60.624,59.992,2301.5,2301.5,2301.5
-6.13,-0.024,0,43206.925,0,261,141.992,115.336,112.569,102.421,70.502,60.772,60.146,2301.509,2301.509,2301.509
-6.115,-0.024,0,43207.616,0,261,141.994,115.323,112.556,102.429,70.541,60.922,60.304,2301.503,2301.503,2301.503
-6.087,-0.024,0,43208.317,0,261,141.989,115.287,112.535,102.424,70.592,61.06,60.455,2301.489,2301.489,2301.489
-6.094,-0.023,0,43209.019,0,261,141.999,115.276,112.531,102.434,70.661,61.207,60.598,2301.492,2301.492,2301.492
-6.077,-0.024,0,43209.728,0,261,142.006,115.271,112.511,102.444,70.736,61.362,60.756,2301.502,2301.502,2301.502
-6.046,-0.024,0,43210.416,0,261,142.013,115.248,112.487,102.446,70.799,61.497,60.908,2301.496,2301.496,2301.496
-6.033,-0.024,0,43211.118,0,261,142.017,115.233,112.481,102.446,70.869,61.655,61.065,2301.504,2301.504,2301.504
-6.02,-0.024,0,43211.819,0,261,142.028,115.223,112.47,102.457,70.954,61.799,61.216,2301.505,2301.505,2301.505
-6.008,-0.023,0,43212.524,0,261,142.026,115.184,112.451,102.449,71.027,61.947,61.357,2301.498,2301.498,2301.498
-5.984,-0.023,0,43213.223,0,261,142.037,115.182,112.456,102.462,71.105,62.095,61.513,2301.508,2301.508,2301.508
-5.99,-0.023,0,43213.917,0,261,142.04,115.16,112.438,102.465,71.189,62.237,61.666,2301.509,2301.509,2301.509
-5.993,-0.024,0,43214.117,0,261,142.047,115.152,112.41,102.465,71.273,62.379,61.811,2301.506,2301.506,2301.506
-5.996,-0.024,0,43270.817,0,261,142.045,114.542,112.012,103.619,78.188,71.337,70.825,2301.522,2301.522,2301.522
-6.001,-0.024,0,43271.454,0,261,142.051,114.542,112.022,103.642,78.283,71.432,70.923,2301.53,2301.53,2301.53
-5.993,-0.025,0,43272.149,0,261,142.045,114.528,112.011,103.662,78.341,71.515,70.999,2301.51,2301.51,2301.51
-5.989,-0.024,0,43272.849,0,261,142.048,114.532,112.013,103.68,78.427,71.602,71.102,2301.524,2301.524,2301.524
-5.999,-0.024,0,43273.548,0,261,142.04,114.523,112.014,103.694,78.495,71.686,71.179,2301.51,2301.51,2301.51
-5.999,-0.024,0,43274.249,0,261,142.043,114.532,112.023,103.723,78.574,71.787,71.269,2301.521,2301.521,2301.521
-5.981,-0.025,0,43274.95,0,261,142.035,114.535,112.024,103.744,78.65,71.874,71.372,2301.523,2301.523,2301.523
-5.99,-0.024,0,43275.651,0,261,142.044,114.534,112.032,103.768,78.719,71.96,71.453,2301.517,2301.517,2301.517
-5.999,-0.024,0,43276.352,0,261,142.045,114.529,112.034,103.793,78.814,72.05,71.549,2301.535,2301.535,2301.535
-5.993,-0.025,0,43277.049,0,261,142.052,114.534,112.042,103.816,78.879,72.146,71.634,2301.534,2301.534,2301.534
-6,-0.025,0,43277.748,0,261,142.045,114.531,112.048,103.825,78.954,72.229,71.72,2301.529,2301.529,2301.529
-6.025,-0.024,0,43278.449,0,261,142.03,114.535,112.048,103.839,79.01,72.313,71.805,2301.52,2301.52,2301.52
-6.037,-0.024,0,43279.16,0,261,142.028,114.541,112.05,103.859,79.088,72.394,71.895,2301.524,2301.524,2301.524
-6.038,-0.025,0,43279.848,0,261,142.032,114.54,112.052,103.879,79.17,72.488,71.972,2301.528,2301.528,2301.528
-6.071,-0.024,0,43280.559,0,261,142.031,114.539,112.048,103.895,79.23,72.56,72.04,2301.524,2301.524,2301.524
-6.077,-0.024,0,43281.259,0,261,142.033,114.541,112.06,103.916,79.31,72.642,72.124,2301.522,2301.522,2301.522
-6.084,-0.025,0,43281.96,0,261,142.024,114.548,112.068,103.952,79.387,72.721,72.208,2301.535,2301.535,2301.535
-6.113,-0.025,0,43282.652,0,261,142.02,114.552,112.061,103.958,79.443,72.798,72.275,2301.525,2301.525,2301.525
-6.109,-0.025,0,43283.349,0,261,142.029,114.566,112.084,103.989,79.524,72.869,72.35,2301.533,2301.533,2301.533
-6.143,-0.024,0,43284.049,0,261,142.033,114.575,112.088,104.017,79.605,72.946,72.422,2301.542,2301.542,2301.542
-6.161,-0.024,0,43284.75,0,261,142.023,114.568,112.084,104.03,79.655,73.004,72.478,2301.53,2301.53,2301.53
-6.164,-0.025,0,43285.45,0,261,142.008,114.57,112.093,104.053,79.729,73.077,72.545,2301.538,2301.538,2301.538
-6.193,-0.024,0,43286.158,0,261,142,114.56,112.091,104.063,79.792,73.123,72.584,2301.523,2301.523,2301.523
-6.193,-0.025,0,43286.85,0,261,141.994,114.567,112.106,104.083,79.862,73.188,72.642,2301.53,2301.53,2301.53
-6.218,-0.025,0,43287.555,0,261,141.995,114.569,112.096,104.109,79.92,73.225,72.653,2301.521,2301.521,2301.521
-6.237,-0.025,0,43288.252,0,261,141.997,114.574,112.113,104.128,79.985,73.272,72.686,2301.534,2301.534,2301.534
-6.229,-0.024,0,43288.965,0,261,141.994,114.577,112.113,104.152,80.054,73.294,72.692,2301.534,2301.534,2301.534
-6.26,-0.025,0,43289.651,0,261,141.987,114.576,112.105,104.155,80.1,73.286,72.656,2301.519,2301.519,2301.519
-6.259,-0.029,0,43290.351,0,261,141.995,114.601,112.126,104.196,80.162,73.288,72.583,2301.544,2301.544,2301.544
-6.246,-0.039,0,43291.053,0,261,141.983,114.587,112.136,104.213,80.217,73.22,72.462,2301.531,2301.531,2301.531
-6.271,-0.064,0,43291.758,0,261,141.984,114.603,112.139,104.226,80.269,73.126,72.336,2301.539,2301.539,2301.539
-6.275,-0.083,0,43292.452,0,261,141.969,114.608,112.152,104.223,80.312,73.016,72.203,2301.534,2301.534,2301.534
-6.26,-0.094,0,43293.151,0,261,141.954,114.628,112.157,104.2,80.357,72.893,72.062,2301.539,2301.539,2301.539
-6.279,-0.094,0,43293.852,0,261,141.943,114.639,112.152,104.175,80.381,72.76,71.914,2301.525,2301.525,2301.525
-6.278,-0.097,0,43294.553,0,261,141.941,114.668,112.172,104.159,80.401,72.632,71.788,2301.535,2301.535,2301.535
-6.261,-0.101,0,43295.25,0,261,141.944,114.69,112.185,104.162,80.431,72.526,71.674,2301.552,2301.552,2301.552
-6.28,-0.107,0,43295.954,0,261,141.929,114.687,112.183,104.151,80.42,72.393,71.539,2301.526,2301.526,2301.526
-6.282,-0.111,0,43296.652,0,261,141.919,114.714,112.184,104.146,80.42,72.279,71.431,2301.528,2301.528,2301.528
-6.265,-0.112,0,43297.351,0,261,141.906,114.713,112.182,104.129,80.413,72.173,71.304,2301.51,2301.51,2301.51
-6.28,-0.117,0,43298.065,0,261,141.909,114.734,112.208,104.142,80.396,72.073,71.213,2301.525,2301.525,2301.525
-6.284,-0.118,0,43298.75,0,261,141.908,114.75,112.211,104.145,80.376,71.972,71.113,2301.529,2301.529,2301.529
-6.267,-0.122,0,43299.455,0,261,141.898,114.777,112.227,104.147,80.354,71.886,71.016,2301.538,2301.538,2301.538
-6.288,-0.128,0,43300.15,0,261,141.881,114.774,112.239,104.161,80.332,71.787,70.919,2301.532,2301.532,2301.532
-6.295,-0.131,0,43300.853,0,261,141.885,114.791,112.255,104.162,80.306,71.702,70.83,2301.535,2301.535,2301.535
-6.281,-0.139,0,43301.556,0,261,141.875,114.812,112.258,104.17,80.267,71.616,70.735,2301.533,2301.533,2301.533
-6.302,-0.149,0,43302.256,0,261,141.864,114.824,112.268,104.177,80.236,71.522,70.635,2301.531,2301.531,2301.531
-6.314,-0.172,0,43302.951,0,261,141.868,114.836,112.284,104.174,80.198,71.431,70.546,2301.538,2301.538,2301.538
-6.307,-0.206,0,43303.65,0,261,141.857,114.854,112.295,104.187,80.159,71.345,70.456,2301.538,2301.538,2301.538
-6.321,-0.244,0,43304.351,0,261,141.842,114.866,112.31,104.175,80.123,71.247,70.36,2301.531,2301.531,2301.531
-6.339,-0.283,0,43305.059,0,261,141.827,114.884,112.313,104.166,80.077,71.157,70.255,2301.532,2301.532,2301.532
-6.343,-0.323,0,43305.768,0,261,141.829,114.898,112.329,104.155,80.033,71.061,70.147,2301.531,2301.531,2301.531
-6.335,-0.367,0,43306.463,0,261,141.824,114.93,112.349,104.139,79.988,70.963,70.047,2301.542,2301.542,2301.542
-6.357,-0.411,0,43307.151,0,261,141.817,114.948,112.358,104.125,79.952,70.858,69.944,2301.546,2301.546,2301.546
-6.374,-0.464,0,43307.869,0,261,141.788,114.965,112.352,104.097,79.893,70.754,69.82,2301.531,2301.531,2301.531
-6.381,-0.512,0,43308.56,0,261,141.792,115.002,112.391,104.098,79.86,70.65,69.711,2301.558,2301.558,2301.558
-6.377,-0.565,0,43309.255,0,261,141.773,115.017,112.401,104.072,79.791,70.526,69.575,2301.54,2301.54,2301.54
-6.385,-0.616,0,43309.951,0,261,141.765,115.045,112.405,104.051,79.744,70.406,69.452,2301.542,2301.542,2301.542
-6.403,-0.669,0,43310.65,0,261,141.75,115.071,112.42,104.036,79.691,70.29,69.325,2301.541,2301.541,2301.541
-6.418,-0.721,0,43311.352,0,261,141.737,115.097,112.426,104.022,79.639,70.163,69.204,2301.538,2301.538,2301.538
-6.425,-0.775,0,43312.051,0,261,141.73,115.125,112.452,104.006,79.575,70.051,69.092,2301.542,2301.542,2301.542
-6.427,-0.831,0,43312.754,0,261,141.696,115.152,112.448,103.976,79.514,69.927,68.965,2301.517,2301.517,2301.517
-6.422,-0.883,0,43313.455,0,261,141.703,115.2,112.492,103.985,79.478,69.836,68.866,2301.554,2301.554,2301.554
-6.442,-0.94,0,43314.152,0,261,141.676,115.23,112.494,103.973,79.405,69.714,68.751,2301.538,2301.538,2301.538
-6.457,-0.996,0,43314.851,0,261,141.664,115.261,112.521,103.967,79.351,69.62,68.653,2301.553,2301.553,2301.553
-6.466,-1.056,0,43315.572,0,261,141.635,115.286,112.521,103.942,79.275,69.495,68.517,2301.515,2301.515,2301.515
-6.469,-1.118,0,43316.252,0,261,141.64,115.339,112.552,103.965,79.239,69.394,68.439,2301.558,2301.558,2301.558
-6.477,-1.186,0,43316.952,0,261,141.618,115.351,112.565,103.942,79.162,69.285,68.323,2301.53,2301.53,2301.53
-6.466,-1.252,0,43317.666,0,261,141.605,115.41,112.598,103.965,79.114,69.194,68.233,2301.547,2301.547,2301.547
-6.484,-1.322,0,43318.361,0,261,141.588,115.436,112.612,103.945,79.044,69.09,68.121,2301.534,2301.534,2301.534
-6.499,-1.388,0,43319.061,0,261,141.561,115.463,112.631,103.955,78.975,68.982,68.017,2301.535,2301.535,2301.535
-6.508,-1.459,0,43319.751,0,261,141.554,115.506,112.647,103.948,78.908,68.884,67.904,2301.522,2301.522,2301.522
-6.516,-1.531,0,43320.468,0,261,141.537,115.547,112.686,103.975,78.842,68.782,67.806,2301.539,2301.539,2301.539
-6.518,-1.613,0,43321.154,0,261,141.515,115.582,112.708,103.975,78.771,68.675,67.694,2301.536,2301.536,2301.536
-6.516,-1.7,0,43321.853,0,261,141.506,115.613,112.731,103.991,78.711,68.566,67.582,2301.542,2301.542,2301.542
-6.52,-1.78,0,43322.555,0,261,141.487,115.638,112.755,103.99,78.623,68.456,67.462,2301.531,2301.531,2301.531
-6.54,-1.871,0,43323.252,0,261,141.477,115.683,112.783,104.008,78.556,68.345,67.354,2301.538,2301.538,2301.538
-6.556,-1.942,0,43323.962,0,261,141.465,115.706,112.81,104.031,78.48,68.23,67.23,2301.544,2301.544,2301.544
-6.563,-2.02,0,43324.654,0,261,141.456,115.737,112.842,104.044,78.404,68.117,67.108,2301.551,2301.551,2301.551
-6.565,-2.096,0,43325.356,0,261,141.443,115.768,112.862,104.064,78.317,67.985,66.987,2301.547,2301.547,2301.547
-6.558,-2.168,0,43326.052,0,261,141.432,115.777,112.876,104.075,78.228,67.865,66.849,2301.53,2301.53,2301.53
-6.568,-2.241,0,43326.761,0,261,141.43,115.818,112.914,104.096,78.151,67.759,66.742,2301.552,2301.552,2301.552
-6.584,-2.274,0,43327.457,0,261,141.401,115.821,112.928,104.105,78.063,67.626,66.616,2301.526,2301.526,2301.526
-6.589,-2.275,0,43328.152,0,261,141.394,115.835,112.956,104.115,77.98,67.516,66.506,2301.529,2301.529,2301.529
-6.587,-2.332,0,43328.853,0,261,141.384,115.872,112.987,104.128,77.904,67.411,66.405,2301.538,2301.538,2301.538
-6.58,-2.403,0,43329.557,0,261,141.38,115.893,113.011,104.149,77.826,67.298,66.3,2301.544,2301.544,2301.544
-6.595,-2.47,0,43330.255,0,261,141.368,115.91,113.031,104.153,77.738,67.193,66.178,2301.536,2301.536,2301.536
-6.611,-2.533,0,43330.959,0,261,141.365,115.949,113.061,104.178,77.671,67.097,66.096,2301.553,2301.553,2301.553
-6.615,-2.587,0,43331.653,0,261,141.361,115.968,113.088,104.189,77.59,66.999,66,2301.568,2301.568,2301.568
-6.605,-2.643,0,43332.36,0,261,141.352,115.992,113.121,104.198,77.508,66.901,65.906,2301.558,2301.558,2301.558
-6.623,-2.698,0,43333.058,0,261,141.334,116.02,113.139,104.199,77.427,66.81,65.805,2301.558,2301.558,2301.558
-6.638,-2.758,0,43333.769,0,261,141.325,116.025,113.145,104.2,77.34,66.702,65.707,2301.548,2301.548,2301.548
-6.635,-2.813,0,43334.457,0,261,141.305,116.054,113.16,104.194,77.264,66.615,65.624,2301.544,2301.544,2301.544
-6.639,-2.879,0,43335.153,0,261,141.3,116.088,113.189,104.198,77.189,66.535,65.548,2301.553,2301.553,2301.553
-6.66,-2.94,0,43335.856,0,261,141.296,116.116,113.221,104.212,77.128,66.458,65.464,2301.567,2301.567,2301.567
-6.66,-3.007,0,43336.555,0,261,141.274,116.136,113.242,104.207,77.051,66.365,65.366,2301.555,2301.555,2301.555
-6.657,-3.057,0,43337.271,0,261,141.281,116.168,113.256,104.212,76.986,66.283,65.281,2301.556,2301.556,2301.556
-6.679,-3.104,0,43337.955,0,261,141.257,116.185,113.275,104.205,76.912,66.187,65.201,2301.55,2301.55,2301.55
-6.682,-3.152,0,43338.672,0,261,141.254,116.223,113.31,104.209,76.864,66.113,65.134,2301.563,2301.563,2301.563
-6.679,-3.195,0,43339.354,0,261,141.232,116.252,113.322,104.2,76.799,66.032,65.051,2301.566,2301.566,2301.566
-6.702,-3.256,0,43340.053,0,261,141.232,116.282,113.346,104.187,76.745,65.96,64.975,2301.569,2301.569,2301.569
-6.7,-3.303,0,43340.755,0,261,141.206,116.292,113.35,104.172,76.668,65.868,64.892,2301.543,2301.543,2301.543
-6.703,-3.362,0,43341.453,0,261,141.207,116.344,113.388,104.18,76.63,65.789,64.818,2301.564,2301.564,2301.564
-6.722,-3.42,0,43342.153,0,261,141.183,116.377,113.405,104.165,76.572,65.714,64.721,2301.554,2301.554,2301.554
-6.718,-3.486,0,43342.855,0,261,141.146,116.385,113.412,104.141,76.507,65.622,64.638,2301.53,2301.53,2301.53
-6.73,-3.543,0,43343.56,0,261,141.154,116.426,113.446,104.137,76.466,65.55,64.57,2301.555,2301.555,2301.555
-6.742,-3.61,0,43344.264,0,261,141.139,116.466,113.476,104.127,76.437,65.485,64.5,2301.564,2301.564,2301.564
-6.729,-3.681,0,43344.955,0,261,141.119,116.484,113.478,104.106,76.366,65.395,64.407,2301.543,2301.543,2301.543
-6.757,-3.742,0,43345.654,0,261,141.106,116.522,113.518,104.097,76.324,65.321,64.338,2301.553,2301.553,2301.553
-6.756,-3.802,0,43346.355,0,261,141.106,116.564,113.537,104.105,76.285,65.25,64.272,2301.562,2301.562,2301.562
-6.758,-3.866,0,43347.057,0,261,141.078,116.582,113.556,104.083,76.237,65.171,64.188,2301.547,2301.547,2301.547
-6.777,-3.943,0,43347.755,0,261,141.063,116.621,113.588,104.07,76.186,65.1,64.114,2301.555,2301.555,2301.555
-6.762,-4.011,0,43348.456,0,261,141.055,116.65,113.599,104.063,76.135,65.027,64.041,2301.556,2301.556,2301.556
-6.788,-4.089,0,43349.157,0,261,141.04,116.683,113.631,104.069,76.087,64.959,63.969,2301.562,2301.562,2301.562
-6.788,-4.155,0,43349.853,0,261,141.015,116.702,113.645,104.062,76.03,64.886,63.898,2301.558,2301.558,2301.558
-6.791,-4.212,0,43350.561,0,261,141.006,116.734,113.678,104.052,75.986,64.806,63.827,2301.556,2301.556,2301.556
-6.807,-4.271,0,43351.257,0,261,141,116.764,113.697,104.056,75.926,64.749,63.767,2301.567,2301.567,2301.567
-6.791,-4.331,0,43351.969,0,261,140.991,116.79,113.724,104.05,75.878,64.68,63.689,2301.57,2301.57,2301.57
-6.818,-4.391,0,43352.683,0,261,140.966,116.813,113.733,104.027,75.821,64.605,63.622,2301.55,2301.55,2301.55
-6.804,-4.446,0,43353.356,0,261,140.965,116.831,113.771,104.039,75.781,64.539,63.558,2301.556,2301.556,2301.556
-6.825,-4.486,0,43354.054,0,261,140.946,116.86,113.785,104.037,75.726,64.475,63.494,2301.561,2301.561,2301.561
-6.827,-4.538,0,43354.764,0,261,140.94,116.883,113.797,104.023,75.679,64.413,63.424,2301.548,2301.548,2301.548
-6.827,-4.585,0,43355.472,0,261,140.935,116.915,113.828,104.021,75.646,64.365,63.375,2301.567,2301.567,2301.567
-6.84,-4.626,0,43356.156,0,261,140.915,116.921,113.835,104.007,75.583,64.288,63.306,2301.549,2301.549,2301.549
-6.824,-4.662,0,43356.854,0,261,140.909,116.95,113.876,104.018,75.538,64.237,63.255,2301.57,2301.57,2301.57
-6.85,-4.702,0,43357.556,0,261,140.885,116.967,113.894,104.015,75.49,64.162,63.169,2301.559,2301.559,2301.559
-6.834,-4.74,0,43358.264,0,261,140.893,116.992,113.916,104.018,75.431,64.103,63.115,2301.565,2301.565,2301.565
-6.858,-4.782,0,43358.954,0,261,140.88,117.017,113.917,104.006,75.388,64.028,63.033,2301.556,2301.556,2301.556
-6.858,-4.819,0,43359.667,0,261,140.876,117.044,113.948,104.007,75.345,63.964,62.977,2301.568,2301.568,2301.568
-6.864,-4.856,0,43360.367,0,261,140.867,117.058,113.969,104.012,75.283,63.898,62.911,2301.565,2301.565,2301.565
-6.864,-4.9,0,43361.056,0,261,140.85,117.08,113.985,104.006,75.237,63.827,62.829,2301.555,2301.555,2301.555
-6.871,-4.93,0,43361.754,0,261,140.854,117.104,114.015,104.02,75.194,63.771,62.782,2301.581,2301.581,2301.581
-6.878,-4.967,0,43362.456,0,261,140.836,117.115,114.015,104.012,75.132,63.711,62.708,2301.564,2301.564,2301.564
-6.879,-5.013,0,43363.173,0,261,140.82,117.148,114.039,104.014,75.094,63.637,62.652,2301.567,2301.567,2301.567
-6.892,-5.038,0,43363.854,0,261,140.815,117.169,114.062,104.011,75.038,63.589,62.598,2301.574,2301.574,2301.574
-6.88,-5.035,0,43364.557,0,261,140.803,117.194,114.078,104.019,75.009,63.529,62.547,2301.578,2301.578,2301.578
-6.894,-5.033,0,43365.279,0,261,140.781,117.219,114.097,104.006,74.954,63.475,62.477,2301.566,2301.566,2301.566
-6.871,-5.032,0,43365.955,0,261,140.767,117.233,114.104,104.001,74.9,63.406,62.415,2301.561,2301.561,2301.561
-6.894,-5.031,0,43366.664,0,261,140.756,117.272,114.12,104.007,74.848,63.351,62.362,2301.56,2301.56,2301.56
-6.874,-5.032,0,43367.358,0,261,140.738,117.299,114.138,104.001,74.801,63.296,62.312,2301.56,2301.56,2301.56
-6.929,-5.193,0,43368.054,0,261,140.719,117.331,114.18,104.013,74.771,63.255,62.264,2301.575,2301.575,2301.575
-6.926,-5.156,0,43368.757,0,261,140.709,117.352,114.181,103.991,74.721,63.196,62.204,2301.556,2301.556,2301.556
-6.933,-5.168,0,43369.459,0,261,140.693,117.411,114.218,103.985,74.709,63.144,62.154,2301.575,2301.575,2301.575
-6.94,-5.102,0,43370.156,0,261,140.659,117.437,114.225,103.963,74.672,63.086,62.095,2301.559,2301.559,2301.559
-6.919,-5.065,0,43370.856,0,261,140.641,117.487,114.254,103.961,74.644,63.04,62.055,2301.569,2301.569,2301.569
-6.933,-5.015,0,43371.56,0,261,140.622,117.513,114.261,103.945,74.606,62.99,62.001,2301.555,2301.555,2301.555
-6.905,-4.953,0,43372.261,0,261,140.598,117.553,114.29,103.936,74.564,62.929,61.94,2301.55,2301.55,2301.55
-6.918,-4.903,0,43372.969,0,261,140.598,117.591,114.32,103.937,74.551,62.881,61.898,2301.568,2301.568,2301.568
-6.905,-4.859,0,43373.657,0,261,140.579,117.622,114.339,103.929,74.501,62.833,61.835,2301.567,2301.567,2301.567
-6.906,-4.805,0,43374.357,0,261,140.565,117.654,114.358,103.929,74.449,62.784,61.78,2301.563,2301.563,2301.563
-6.897,-4.751,0,43375.065,0,261,140.549,117.688,114.396,103.944,74.42,62.728,61.74,2301.575,2301.575,2301.575
-6.891,-4.684,0,43375.756,0,261,140.536,117.709,114.416,103.949,74.362,62.679,61.68,2301.564,2301.564,2301.564
-6.884,-4.618,0,43376.458,0,261,140.511,117.724,114.441,103.946,74.32,62.635,61.625,2301.561,2301.561,2301.561
-6.871,-4.529,0,43377.156,0,261,140.506,117.761,114.457,103.955,74.266,62.563,61.568,2301.558,2301.558,2301.558
-6.866,-4.458,0,43377.856,0,261,140.496,117.778,114.485,103.97,74.229,62.52,61.525,2301.567,2301.567,2301.567
-6.854,-4.38,0,43378.583,0,261,140.482,117.804,114.504,103.979,74.179,62.473,61.464,2301.556,2301.556,2301.556
-6.849,-4.298,0,43379.264,0,261,140.469,117.824,114.534,103.991,74.127,62.419,61.429,2301.568,2301.568,2301.568
-6.84,-4.231,0,43379.956,0,261,140.458,117.846,114.559,104.006,74.079,62.376,61.377,2301.571,2301.571,2301.571
-6.831,-4.169,0,43380.67,0,261,140.435,117.858,114.553,103.999,74.013,62.323,61.314,2301.54,2301.54,2301.54
-6.829,-4.104,0,43381.356,0,261,140.449,117.883,114.614,104.041,73.987,62.291,61.305,2301.578,2301.578,2301.578
-6.813,-4.035,0,43382.064,0,261,140.44,117.912,114.637,104.055,73.933,62.261,61.266,2301.584,2301.584,2301.584
-6.814,-3.944,0,43382.756,0,261,140.417,117.921,114.657,104.08,73.887,62.221,61.227,2301.579,2301.579,2301.579
-6.785,-3.858,0,43383.457,0,261,140.411,117.932,114.674,104.105,73.826,62.181,61.203,2301.574,2301.574,2301.574
-6.799,-3.789,0,43384.172,0,261,140.418,117.952,114.704,104.119,73.779,62.154,61.174,2301.579,2301.579,2301.579
-6.769,-3.719,0,43384.856,0,261,140.391,117.958,114.714,104.131,73.725,62.115,61.143,2301.575,2301.575,2301.575
-6.782,-3.662,0,43385.575,0,261,140.388,117.979,114.73,104.151,73.673,62.081,61.113,2301.571,2301.571,2301.571
-6.766,-3.608,0,43386.256,0,261,140.372,117.979,114.754,104.163,73.621,62.048,61.086,2301.555,2301.555,2301.555
-6.762,-3.546,0,43386.958,0,261,140.368,117.991,114.757,104.191,73.571,62.033,61.077,2301.566,2301.566,2301.566
-6.763,-3.503,0,43387.671,0,261,140.362,118.009,114.787,104.209,73.534,62.018,61.075,2301.57,2301.57,2301.57
-6.743,-3.485,0,43388.362,0,261,140.372,118.017,114.81,104.235,73.479,62.017,61.078,2301.578,2301.578,2301.578
-6.76,-3.46,0,43389.062,0,261,140.368,118.036,114.832,104.261,73.443,62.006,61.067,2301.589,2301.589,2301.589
-6.743,-3.479,0,43389.757,0,261,140.368,118.044,114.848,104.272,73.409,62.01,61.075,2301.591,2301.591,2301.591
-6.753,-3.426,0,43390.46,0,261,140.352,118.057,114.858,104.285,73.366,61.986,61.051,2301.578,2301.578,2301.578
-6.749,-3.413,0,43391.163,0,261,140.345,118.046,114.866,104.293,73.321,61.976,61.039,2301.574,2301.574,2301.574
-6.741,-3.372,0,43391.856,0,261,140.335,118.052,114.874,104.296,73.283,61.947,61.004,2301.558,2301.558,2301.558
-6.747,-3.342,0,43392.557,0,261,140.343,118.071,114.902,104.33,73.265,61.951,61.002,2301.577,2301.577,2301.577
-6.722,-3.306,0,43393.262,0,261,140.334,118.065,114.904,104.335,73.225,61.926,60.981,2301.566,2301.566,2301.566
-6.743,-3.278,0,43393.958,0,261,140.31,118.067,114.91,104.346,73.2,61.901,60.957,2301.557,2301.557,2301.557
-6.722,-3.222,0,43394.661,0,261,140.32,118.095,114.942,104.365,73.19,61.889,60.935,2301.58,2301.58,2301.58
-6.727,-3.163,0,43395.356,0,261,140.316,118.098,114.951,104.37,73.158,61.863,60.91,2301.58,2301.58,2301.58
-6.724,-3.126,0,43396.058,0,261,140.304,118.105,114.951,104.372,73.13,61.833,60.882,2301.569,2301.569,2301.569
-6.72,-3.086,0,43396.756,0,261,140.306,118.113,114.968,104.385,73.113,61.81,60.865,2301.573,2301.573,2301.573
-6.726,-3.05,0,43397.463,0,261,140.299,118.111,114.975,104.391,73.081,61.779,60.832,2301.569,2301.569,2301.569
-6.704,-2.989,0,43398.159,0,261,140.289,118.13,114.985,104.405,73.078,61.764,60.804,2301.571,2301.571,2301.571
-6.725,-2.933,0,43398.858,0,261,140.284,118.14,114.99,104.39,73.069,61.737,60.785,2301.57,2301.57,2301.57
-6.705,-2.86,0,43399.564,0,261,140.27,118.161,115.008,104.403,73.069,61.713,60.755,2301.576,2301.576,2301.576
-6.714,-2.785,0,43400.279,0,261,140.26,118.163,115.021,104.399,73.065,61.69,60.735,2301.571,2301.571,2301.571
-6.699,-2.702,0,43400.96,0,261,140.263,118.192,115.027,104.4,73.066,61.671,60.709,2301.58,2301.58,2301.58
-6.696,-2.599,0,43401.681,0,261,140.25,118.203,115.043,104.399,73.061,61.641,60.697,2301.575,2301.575,2301.575
-6.682,-2.487,0,43402.358,0,261,140.233,118.22,115.041,104.389,73.058,61.619,60.665,2301.574,2301.574,2301.574
-6.669,-2.382,0,43403.058,0,261,140.223,118.235,115.061,104.391,73.056,61.606,60.65,2301.581,2301.581,2301.581
-6.66,-2.271,0,43403.757,0,261,140.226,118.23,115.072,104.376,73.046,61.575,60.634,2301.584,2301.584,2301.584
-6.641,-2.153,0,43404.458,0,261,140.211,118.252,115.07,104.36,73.039,61.562,60.626,2301.575,2301.575,2301.575
-6.629,-2.033,0,43405.16,0,261,140.199,118.255,115.086,104.371,73.031,61.55,60.614,2301.577,2301.577,2301.577
-6.615,-1.932,0,43405.861,0,261,140.206,118.273,115.107,104.373,73.033,61.54,60.604,2301.595,2301.595,2301.595
-6.598,-1.835,0,43406.559,0,261,140.195,118.275,115.108,104.368,73.02,61.53,60.593,2301.581,2301.581,2301.581
-6.593,-1.752,0,43407.258,0,261,140.185,118.279,115.134,104.375,73.002,61.535,60.594,2301.587,2301.587,2301.587
-6.568,-1.676,0,43407.958,0,261,140.166,118.27,115.126,104.373,72.985,61.531,60.604,2301.575,2301.575,2301.575
-6.571,-1.597,0,43408.658,0,261,140.179,118.283,115.127,104.39,72.973,61.538,60.608,2301.579,2301.579,2301.579
-6.538,-1.524,0,43409.358,0,261,140.177,118.278,115.144,104.421,72.953,61.548,60.636,2301.585,2301.585,2301.585
-6.545,-1.449,0,43410.062,0,261,140.165,118.273,115.137,104.426,72.926,61.559,60.641,2301.571,2301.571,2301.571
-6.517,-1.377,0,43410.759,0,261,140.172,118.269,115.16,104.465,72.919,61.571,60.664,2301.589,2301.589,2301.589
-6.52,-1.321,0,43411.487,0,261,140.165,118.254,115.144,104.472,72.886,61.574,60.675,2301.571,2301.571,2301.571
-6.504,-1.254,0,43412.172,0,261,140.16,118.237,115.166,104.505,72.867,61.599,60.686,2301.577,2301.577,2301.577
-6.498,-1.213,0,43412.858,0,261,140.173,118.226,115.173,104.529,72.853,61.614,60.719,2301.582,2301.582,2301.582
-6.49,-1.14,0,43413.581,0,261,140.178,118.214,115.179,104.546,72.841,61.634,60.727,2301.587,2301.587,2301.587
-6.474,-1.095,0,43414.258,0,261,140.17,118.196,115.174,104.561,72.832,61.635,60.731,2301.576,2301.576,2301.576
-6.473,-1.022,0,43414.967,0,261,140.192,118.189,115.179,104.585,72.818,61.65,60.746,2301.588,2301.588,2301.588
-6.456,-0.989,0,43415.667,0,261,140.179,118.181,115.188,104.587,72.805,61.665,60.756,2301.588,2301.588,2301.588
-6.464,-0.944,0,43416.36,0,261,140.176,118.156,115.186,104.607,72.793,61.66,60.772,2301.584,2301.584,2301.584
-6.438,-0.889,0,43417.077,0,261,140.175,118.149,115.184,104.627,72.775,61.678,60.781,2301.588,2301.588,2301.588
-6.448,-0.84,0,43417.771,0,261,140.188,118.132,115.17,104.628,72.78,61.685,60.795,2301.587,2301.587,2301.587
-6.42,-0.794,0,43418.469,0,261,140.187,118.131,115.17,104.642,72.786,61.706,60.81,2301.6,2301.6,2301.6
-6.432,-0.742,0,43419.184,0,261,140.186,118.095,115.167,104.645,72.761,61.71,60.811,2301.586,2301.586,2301.586
-6.405,-0.695,0,43419.859,0,261,140.189,118.093,115.164,104.648,72.777,61.725,60.821,2301.591,2301.591,2301.591
-6.413,-0.635,0,43420.569,0,261,140.183,118.079,115.154,104.66,72.765,61.731,60.822,2301.591,2301.591,2301.591
-6.389,-0.601,0,43421.26,0,261,140.196,118.058,115.153,104.665,72.766,61.744,60.84,2301.598,2301.598,2301.598
-6.401,-0.553,0,43421.961,0,261,140.189,118.05,115.138,104.657,72.756,61.744,60.843,2301.584,2301.584,2301.584
-6.38,-0.513,0,43422.668,0,261,140.189,118.02,115.13,104.656,72.745,61.742,60.86,2301.577,2301.577,2301.577
-6.387,-0.475,0,43423.37,0,261,140.207,118.018,115.133,104.672,72.762,61.777,60.88,2301.598,2301.598,2301.598
-6.377,-0.441,0,43424.065,0,261,140.194,117.978,115.112,104.662,72.756,61.772,60.886,2301.57,2301.57,2301.57
-6.373,-0.399,0,43424.759,0,261,140.201,117.977,115.11,104.673,72.766,61.795,60.913,2301.582,2301.582,2301.582
-6.37,-0.359,0,43425.464,0,261,140.186,117.96,115.097,104.671,72.769,61.803,60.927,2301.574,2301.574,2301.574
-6.353,-0.322,0,43426.16,0,261,140.199,117.938,115.092,104.68,72.779,61.828,60.945,2301.58,2301.58,2301.58
-6.361,-0.287,0,43426.869,0,261,140.199,117.929,115.086,104.684,72.801,61.851,60.981,2301.593,2301.593,2301.593
-6.335,-0.252,0,43427.582,0,261,140.198,117.895,115.065,104.671,72.794,61.871,60.997,2301.583,2301.583,2301.583
-6.35,-0.221,0,43428.267,0,261,140.211,117.891,115.06,104.691,72.822,61.907,61.037,2301.597,2301.597,2301.597
-6.339,-0.19,0,43428.966,0,261,140.209,117.86,115.048,104.695,72.829,61.934,61.082,2301.593,2301.593,2301.593
-6.333,-0.161,0,43429.66,0,261,140.21,117.853,115.042,104.702,72.86,61.989,61.136,2301.609,2301.609,2301.609
-6.338,-0.136,0,43430.367,0,261,140.202,117.82,115.027,104.69,72.855,62.011,61.167,2301.586,2301.586,2301.586
-6.316,-0.114,0,43431.065,0,261,140.208,117.792,115.005,104.695,72.874,62.051,61.217,2301.582,2301.582,2301.582
-6.332,-0.096,0,43431.761,0,261,140.218,117.782,115.005,104.716,72.895,62.097,61.255,2301.595,2301.595,2301.595
-6.329,-0.09,0,43432.462,0,261,140.224,117.753,114.992,104.708,72.92,62.138,61.305,2301.596,2301.596,2301.596
-6.318,-0.083,0,43433.163,0,261,140.219,117.723,114.971,104.71,72.932,62.177,61.348,2301.585,2301.585,2301.585
-6.334,-0.08,0,43433.86,0,261,140.221,117.698,114.948,104.725,72.949,62.231,61.394,2301.59,2301.59,2301.59
-6.319,-0.079,0,43434.564,0,261,140.24,117.68,114.939,104.735,72.982,62.271,61.457,2301.592,2301.592,2301.592
-6.329,-0.078,0,43435.286,0,261,140.234,117.639,114.93,104.731,72.998,62.318,61.49,2301.588,2301.588,2301.588
-6.325,-0.076,0,43435.959,0,261,140.223,117.62,114.904,104.737,73.013,62.358,61.535,2301.58,2301.58,2301.58
-6.312,-0.073,0,43436.673,0,261,140.248,117.608,114.893,104.74,73.042,62.409,61.604,2301.597,2301.597,2301.597
-6.326,-0.07,0,43437.361,0,261,140.246,117.597,114.889,104.742,73.069,62.464,61.641,2301.608,2301.608,2301.608
-6.309,-0.069,0,43438.066,0,261,140.228,117.56,114.853,104.725,73.069,62.474,61.668,2301.567,2301.567,2301.567
-6.315,-0.067,0,43438.761,0,261,140.242,117.545,114.85,104.734,73.096,62.545,61.723,2301.592,2301.592,2301.592
-6.313,-0.062,0,43439.467,0,261,140.248,117.519,114.82,104.734,73.133,62.576,61.765,2301.598,2301.598,2301.598
-6.29,-0.059,0,43440.16,0,261,140.238,117.492,114.81,104.732,73.15,62.616,61.81,2301.59,2301.59,2301.59
-6.304,-0.054,0,43440.865,0,261,140.254,117.47,114.789,104.726,73.176,62.664,61.842,2301.595,2301.595,2301.595
-6.295,-0.049,0,43441.592,0,261,140.244,117.448,114.771,104.723,73.198,62.706,61.885,2301.587,2301.587,2301.587
-6.274,-0.045,0,43442.26,0,261,140.251,117.417,114.759,104.721,73.22,62.745,61.932,2301.586,2301.586,2301.586
-6.286,-0.04,0,43442.962,0,261,140.248,117.399,114.726,104.721,73.239,62.774,61.971,2301.582,2301.582,2301.582
-6.279,-0.033,0,43443.66,0,261,140.252,117.386,114.716,104.728,73.273,62.824,62.017,2301.59,2301.59,2301.59
-6.256,-0.029,0,43444.372,0,261,140.262,117.345,114.697,104.741,73.297,62.875,62.062,2301.595,2301.595,2301.595
-6.264,-0.026,0,43445.062,0,261,140.271,117.33,114.685,104.75,73.319,62.93,62.116,2301.596,2301.596,2301.596
-6.254,-0.026,0,43445.767,0,261,140.272,117.298,114.662,104.764,73.344,62.974,62.197,2301.598,2301.598,2301.598
-6.227,-0.025,0,43446.46,0,261,140.257,117.258,114.637,104.765,73.356,63.051,62.309,2301.584,2301.584,2301.584
-6.207,-0.025,0,43447.177,0,261,140.283,117.229,114.628,104.771,73.381,63.15,62.434,2301.589,2301.589,2301.589
-6.201,-0.026,0,43447.863,0,261,140.285,117.207,114.619,104.798,73.414,63.277,62.593,2301.607,2301.607,2301.607
-6.184,-0.025,0,43448.574,0,261,140.279,117.178,114.594,104.791,73.431,63.405,62.729,2301.594,2301.594,2301.594
-6.159,-0.025,0,43449.269,0,261,140.29,117.142,114.577,104.794,73.474,63.542,62.89,2301.603,2301.603,2301.603
-6.134,-0.025,0,43449.962,0,261,140.307,117.127,114.555,104.81,73.502,63.694,63.041,2301.612,2301.612,2301.612
-6.134,-0.025,0,43450.66,0,261,140.297,117.092,114.532,104.792,73.536,63.822,63.193,2301.595,2301.595,2301.595
-6.124,-0.026,0,43451.368,0,261,140.289,117.058,114.496,104.79,73.566,63.962,63.333,2301.586,2301.586,2301.586
-6.105,-0.025,0,43452.067,0,261,140.31,117.05,114.494,104.792,73.628,64.125,63.505,2301.605,2301.605,2301.605
-6.085,-0.025,0,43452.765,0,261,140.299,117.013,114.467,104.798,73.682,64.256,63.641,2301.595,2301.595,2301.595
-6.074,-0.026,0,43453.463,0,261,140.309,116.987,114.442,104.784,73.729,64.405,63.801,2301.593,2301.593,2301.593
-6.067,-0.026,0,43454.163,0,261,140.298,116.957,114.423,104.774,73.793,64.547,63.945,2301.588,2301.588,2301.588
-6.048,-0.025,0,43454.864,0,261,140.308,116.935,114.394,104.775,73.861,64.687,64.089,2301.587,2301.587,2301.587
-6.02,-0.026,0,43455.565,0,261,140.302,116.927,114.376,104.779,73.925,64.831,64.242,2301.587,2301.587,2301.587
-6.027,-0.026,0,43456.286,0,261,140.309,116.892,114.357,104.774,73.99,64.98,64.379,2301.586,2301.586,2301.586
-6.01,-0.025,0,43456.964,0,261,140.308,116.873,114.348,104.773,74.084,65.122,64.528,2301.598,2301.598,2301.598
-5.993,-0.026,0,43457.68,0,261,140.32,116.861,114.328,104.758,74.142,65.262,64.68,2301.603,2301.603,2301.603
-6.01,-0.026,0,43458.369,0,261,140.31,116.833,114.308,104.761,74.215,65.413,64.828,2301.603,2301.603,2301.603
-6.003,-0.025,0,43459.063,0,261,140.328,116.814,114.29,104.754,74.302,65.534,64.965,2301.6,2301.6,2301.6
-6.003,-0.025,0,43459.763,0,261,140.319,116.787,114.268,104.761,74.389,65.68,65.112,2301.613,2301.613,2301.613
-5.979,-0.026,0,43460.462,0,261,140.316,116.751,114.237,104.743,74.44,65.818,65.235,2301.589,2301.589,2301.589
-5.96,-0.025,0,43461.161,0,261,140.321,116.737,114.225,104.753,74.555,65.951,65.382,2301.596,2301.596,2301.596
-5.98,-0.025,0,43461.867,0,261,140.323,116.71,114.2,104.748,74.633,66.091,65.522,2301.604,2301.604,2301.604
-5.988,-0.025,0,43462.564,0,261,140.314,116.697,114.186,104.739,74.7,66.211,65.653,2301.595,2301.595,2301.595
-6.003,-0.025,0,43463.264,0,261,140.333,116.671,114.176,104.749,74.797,66.358,65.781,2301.602,2301.602,2301.602
-6.026,-0.026,0,43463.971,0,261,140.323,116.655,114.166,104.74,74.887,66.491,65.927,2301.61,2301.61,2301.61
-6.019,-0.025,0,43464.671,0,261,140.304,116.619,114.124,104.729,74.96,66.602,66.032,2301.578,2301.578,2301.578
-6.05,-0.026,0,43465.376,0,261,140.314,116.599,114.114,104.735,75.038,66.752,66.174,2301.59,2301.59,2301.59
-6.061,-0.026,0,43466.065,0,261,140.325,116.591,114.104,104.749,75.14,66.876,66.303,2301.602,2301.602,2301.602
-6.059,-0.026,0,43466.769,0,261,140.324,116.574,114.094,104.748,75.234,66.994,66.424,2301.603,2301.603,2301.603
-6.086,-0.025,0,43467.496,0,261,140.321,116.555,114.073,104.745,75.328,67.119,66.544,2301.606,2301.606,2301.606
-6.105,-0.026,0,43468.176,0,261,140.323,116.53,114.047,104.747,75.405,67.236,66.665,2301.601,2301.601,2301.601
-6.11,-0.026,0,43468.873,0,261,140.317,116.518,114.034,104.752,75.483,67.347,66.776,2301.598,2301.598,2301.598
-6.131,-0.026,0,43469.573,0,261,140.32,116.493,114.012,104.76,75.579,67.477,66.901,2301.606,2301.606,2301.606
-6.158,-0.026,0,43470.264,0,261,140.325,116.484,114.007,104.752,75.669,67.585,67.014,2301.614,2301.614,2301.614
-6.159,-0.026,0,43470.965,0,261,140.315,116.46,113.986,104.757,75.754,67.687,67.104,2301.597,2301.597,2301.597
-6.177,-0.025,0,43471.662,0,261,140.323,116.438,113.964,104.758,75.842,67.784,67.21,2301.606,2301.606,2301.606
-6.199,-0.025,0,43472.364,0,261,140.324,116.42,113.954,104.766,75.934,67.899,67.302,2301.613,2301.613,2301.613
-6.2,-0.026,0,43473.064,0,261,140.316,116.407,113.935,104.763,76.011,67.991,67.389,2301.607,2301.607,2301.607
-6.219,-0.026,0,43473.764,0,261,140.321,116.379,113.914,104.776,76.099,68.076,67.472,2301.613,2301.613,2301.613
-6.239,-0.025,0,43474.475,0,261,140.313,116.371,113.908,104.787,76.184,68.162,67.534,2301.617,2301.617,2301.617
-6.235,-0.026,0,43475.163,0,261,140.303,116.338,113.878,104.764,76.256,68.22,67.581,2301.59,2301.59,2301.59
-6.258,-0.027,0,43475.87,0,261,140.304,116.334,113.866,104.784,76.336,68.284,67.614,2301.603,2301.603,2301.603
-6.26,-0.04,0,43476.586,0,261,140.298,116.322,113.85,104.784,76.415,68.3,67.586,2301.601,2301.601,2301.601
-6.255,-0.064,0,43477.277,0,261,140.303,116.309,113.836,104.787,76.49,68.303,67.559,2301.608,2301.608,2301.608
-6.275,-0.082,0,43477.969,0,261,140.294,116.298,113.823,104.759,76.563,68.277,67.508,2301.606,2301.606,2301.606
-6.261,-0.089,0,43478.667,0,261,140.285,116.3,113.806,104.734,76.634,68.24,67.439,2301.603,2301.603,2301.603
-6.273,-0.093,0,43479.364,0,261,140.272,116.303,113.801,104.714,76.706,68.181,67.384,2301.612,2301.612,2301.612
-6.272,-0.099,0,43480.064,0,261,140.276,116.303,113.789,104.68,76.752,68.131,67.307,2301.606,2301.606,2301.606
-6.261,-0.102,0,43480.763,0,261,140.263,116.293,113.778,104.66,76.811,68.081,67.266,2301.608,2301.608,2301.608
-6.279,-0.105,0,43481.476,0,261,140.258,116.313,113.772,104.643,76.847,68.035,67.214,2301.611,2301.611,2301.611
-6.264,-0.111,0,43482.164,0,261,140.238,116.298,113.758,104.625,76.88,67.996,67.159,2301.607,2301.607,2301.607
-6.278,-0.116,0,43482.868,0,261,140.245,116.305,113.755,104.609,76.916,67.952,67.128,2301.615,2301.615,2301.615
-6.277,-0.116,0,43483.584,0,261,140.222,116.288,113.732,104.591,76.939,67.9,67.074,2301.597,2301.597,2301.597
-6.266,-0.12,0,43484.264,0,261,140.22,116.276,113.724,104.581,76.961,67.865,67.038,2301.601,2301.601,2301.601
-6.282,-0.12,0,43484.971,0,261,140.211,116.281,113.716,104.585,76.978,67.841,67.02,2301.612,2301.612,2301.612
-6.273,-0.129,0,43485.681,0,261,140.219,116.284,113.724,104.573,76.993,67.818,66.991,2301.623,2301.623,2301.623
-6.287,-0.135,0,43486.373,0,261,140.206,116.269,113.713,104.562,76.997,67.784,66.948,2301.61,2301.61,2301.61
-6.293,-0.138,0,43487.066,0,261,140.195,116.276,113.694,104.554,77.013,67.757,66.926,2301.609,2301.609,2301.609
-6.295,-0.143,0,43487.763,0,261,140.18,116.266,113.687,104.548,77.012,67.719,66.885,2301.604,2301.604,2301.604
-6.307,-0.164,0,43488.479,0,261,140.186,116.27,113.685,104.561,77.025,67.697,66.857,2301.613,2301.613,2301.613
-6.298,-0.196,0,43489.171,0,261,140.172,116.249,113.674,104.546,77.013,67.669,66.817,2301.602,2301.602,2301.602
-6.325,-0.234,0,43489.862,0,261,140.174,116.261,113.672,104.531,77.024,67.617,66.782,2301.606,2301.606,2301.606
-6.315,-0.277,0,43490.572,0,261,140.161,116.259,113.674,104.514,77.027,67.602,66.74,2301.618,2301.618,2301.618
-6.343,-0.316,0,43491.265,0,261,140.153,116.246,113.66,104.491,77.011,67.557,66.684,2301.61,2301.61,2301.61
-6.331,-0.357,0,43491.968,0,261,140.154,116.262,113.666,104.455,77.013,67.526,66.644,2301.619,2301.619,2301.619
-6.359,-0.409,0,43492.663,0,261,140.141,116.271,113.663,104.445,77.008,67.463,66.593,2301.62,2301.62,2301.62
-6.363,-0.451,0,43493.367,0,261,140.121,116.263,113.649,104.409,76.997,67.41,66.526,2301.604,2301.604,2301.604
-6.372,-0.502,0,43494.071,0,261,140.11,116.28,113.649,104.392,76.983,67.364,66.473,2301.618,2301.618,2301.618
-6.381,-0.554,0,43494.77,0,261,140.096,116.288,113.64,104.362,76.975,67.304,66.399,2301.613,2301.613,2301.613
-6.379,-0.605,0,43495.477,0,261,140.089,116.29,113.637,104.34,76.974,67.244,66.343,2301.615,2301.615,2301.615
-6.403,-0.656,0,43496.18,0,261,140.061,116.3,113.631,104.315,76.947,67.167,66.259,2301.597,2301.597,2301.597
-6.406,-0.708,0,43496.865,0,261,140.058,116.325,113.64,104.306,76.941,67.121,66.212,2301.622,2301.622,2301.622
-6.415,-0.762,0,43497.579,0,261,140.049,116.339,113.632,104.278,76.921,67.05,66.145,2301.611,2301.611,2301.611
-6.428,-0.816,0,43498.269,0,261,140.029,116.355,113.645,104.265,76.904,66.996,66.085,2301.617,2301.617,2301.617
-6.417,-0.872,0,43498.966,0,261,140.021,116.372,113.648,104.245,76.891,66.943,66.028,2301.621,2301.621,2301.621
-6.443,-0.924,0,43499.685,0,261,139.992,116.369,113.631,104.225,76.86,66.865,65.964,2301.6,2301.6,2301.6
-6.45,-0.979,0,43500.365,0,261,139.989,116.407,113.641,104.215,76.851,66.821,65.91,2301.608,2301.608,2301.608
-6.444,-1.033,0,43501.086,0,261,139.966,116.411,113.632,104.195,76.826,66.76,65.847,2301.597,2301.597,2301.597
-6.469,-1.094,0,43501.766,0,261,139.956,116.432,113.645,104.193,76.813,66.706,65.793,2301.609,2301.609,2301.609
-6.471,-1.159,0,43502.471,0,261,139.951,116.45,113.661,104.19,76.799,66.673,65.746,2301.617,2301.617,2301.617
-6.468,-1.225,0,43503.17,0,261,139.928,116.463,113.659,104.174,76.776,66.622,65.698,2301.613,2301.613,2301.613
-6.491,-1.295,0,43503.869,0,261,139.924,116.484,113.679,104.186,76.746,66.562,65.64,2301.62,2301.62,2301.62
-6.494,-1.369,0,43504.57,0,261,139.898,116.494,113.673,104.177,76.71,66.5,65.589,2301.605,2301.605,2301.605
-6.495,-1.44,0,43505.268,0,261,139.898,116.517,113.687,104.183,76.695,66.455,65.531,2301.62,2301.62,2301.62
-6.514,-1.511,0,43505.977,0,261,139.874,116.539,113.695,104.184,76.663,66.392,65.469,2301.611,2301.611,2301.611
-6.512,-1.592,0,43506.695,0,261,139.853,116.551,113.709,104.192,76.633,66.339,65.408,2301.612,2301.612,2301.612
-6.518,-1.677,0,43507.365,0,261,139.85,116.576,113.714,104.208,76.602,66.286,65.35,2301.624,2301.624,2301.624
-6.537,-1.762,0,43508.068,0,261,139.827,116.578,113.72,104.219,76.558,66.218,65.276,2301.609,2301.609,2301.609
-6.527,-1.853,0,43508.773,0,261,139.827,116.597,113.733,104.235,76.517,66.162,65.212,2301.62,2301.62,2301.62
-6.548,-1.93,0,43509.477,0,261,139.81,116.607,113.749,104.247,76.469,66.092,65.145,2301.62,2301.62,2301.62
-6.558,-1.997,0,43510.168,0,261,139.793,116.626,113.75,104.268,76.424,66.017,65.072,2301.607,2301.607,2301.607
-6.545,-2.077,0,43510.865,0,261,139.784,116.623,113.76,104.287,76.379,65.945,64.99,2301.612,2301.612,2301.612
-6.572,-2.153,0,43511.571,0,261,139.775,116.649,113.785,104.302,76.339,65.882,64.927,2301.624,2301.624,2301.624
-6.572,-2.213,0,43512.267,0,261,139.757,116.647,113.785,104.317,76.285,65.796,64.836,2301.607,2301.607,2301.607
-6.566,-2.202,0,43512.966,0,261,139.742,116.662,113.81,104.339,76.245,65.73,64.774,2301.618,2301.618,2301.618
-6.581,-2.246,0,43513.668,0,261,139.739,116.666,113.822,104.352,76.203,65.654,64.702,2301.616,2301.616,2301.616
-6.57,-2.318,0,43514.366,0,261,139.731,116.671,113.831,104.354,76.15,65.592,64.634,2301.613,2301.613,2301.613
-6.589,-2.38,0,43515.096,0,261,139.718,116.674,113.841,104.374,76.103,65.528,64.559,2301.617,2301.617,2301.617
-6.598,-2.455,0,43515.766,0,261,139.716,116.686,113.862,104.386,76.052,65.462,64.498,2301.619,2301.619,2301.619
-6.591,-2.517,0,43516.479,0,261,139.708,116.698,113.872,104.397,76.005,65.406,64.45,2301.63,2301.63,2301.63
-6.613,-2.573,0,43517.171,0,261,139.7,116.705,113.88,104.414,75.96,65.346,64.388,2301.635,2301.635,2301.635
-6.601,-2.628,0,43517.865,0,261,139.691,116.703,113.89,104.417,75.906,65.28,64.327,2301.625,2301.625,2301.625
-6.624,-2.68,0,43518.569,0,261,139.663,116.705,113.883,104.409,75.849,65.202,64.253,2301.604,2301.604,2301.604
-6.625,-2.731,0,43519.278,0,261,139.651,116.72,113.894,104.413,75.806,65.162,64.208,2301.611,2301.611,2301.611
-6.635,-2.784,0,43519.967,0,261,139.65,116.734,113.909,104.429,75.772,65.119,64.171,2301.624,2301.624,2301.624
-6.642,-2.847,0,43520.667,0,261,139.629,116.737,113.918,104.421,75.729,65.059,64.11,2301.613,2301.613,2301.613
-6.647,-2.907,0,43521.366,0,261,139.625,116.756,113.927,104.411,75.687,65.012,64.072,2301.625,2301.625,2301.625
-6.658,-2.968,0,43522.067,0,261,139.622,116.767,113.934,104.417,75.65,64.963,64.028,2301.626,2301.626,2301.626
-6.66,-3.029,0,43522.766,0,261,139.597,116.776,113.94,104.402,75.608,64.918,63.981,2301.621,2301.621,2301.621
-6.671,-3.078,0,43523.477,0,261,139.587,116.783,113.941,104.394,75.573,64.868,63.941,2301.62,2301.62,2301.62
-6.674,-3.13,0,43524.165,0,261,139.576,116.802,113.957,104.401,75.543,64.84,63.905,2301.629,2301.629,2301.629
-6.687,-3.196,0,43524.886,0,261,139.567,116.816,113.962,104.383,75.502,64.799,63.86,2301.623,2301.623,2301.623
-6.689,-3.255,0,43525.572,0,261,139.538,116.825,113.973,104.368,75.471,64.745,63.813,2301.618,2301.618,2301.618
-6.7,-3.303,0,43526.266,0,261,139.531,116.827,113.964,104.355,75.432,64.708,63.769,2301.61,2301.61,2301.61
-6.706,-3.352,0,43526.966,0,261,139.526,116.857,113.988,104.354,75.418,64.676,63.742,2301.628,2301.628,2301.628
-6.708,-3.407,0,43527.671,0,261,139.506,116.88,113.996,104.332,75.399,64.638,63.698,2301.627,2301.627,2301.627
-6.724,-3.47,0,43528.368,0,261,139.486,116.888,113.997,104.311,75.368,64.59,63.652,2301.606,2301.606,2301.606
-6.713,-3.531,0,43529.069,0,261,139.482,116.904,114.014,104.312,75.359,64.548,63.603,2301.622,2301.622,2301.622
-6.739,-3.595,0,43529.775,0,261,139.472,116.927,114.025,104.291,75.335,64.501,63.562,2301.619,2301.619,2301.619
-6.724,-3.66,0,43530.469,0,261,139.441,116.933,114.026,104.283,75.329,64.466,63.513,2301.614,2301.614,2301.614
-6.752,-3.723,0,43531.166,0,261,139.434,116.968,114.046,104.267,75.298,64.409,63.469,2301.616,2301.616,2301.616
-6.751,-3.793,0,43531.867,0,261,139.428,116.993,114.057,104.274,75.292,64.381,63.438,2301.643,2301.643,2301.643
-6.758,-3.857,0,43532.57,0,261,139.399,117.01,114.069,104.244,75.262,64.328,63.374,2301.621,2301.621,2301.621
-6.772,-3.93,0,43533.268,0,261,139.39,117.023,114.079,104.228,75.25,64.283,63.33,2301.625,2301.625,2301.625
-6.757,-3.99,0,43533.973,0,261,139.393,117.048,114.102,104.238,75.234,64.246,63.289,2301.64,2301.64,2301.64
-6.785,-4.056,0,43534.676,0,261,139.369,117.066,114.111,104.229,75.197,64.191,63.243,2301.634,2301.634,2301.634
-6.781,-4.12,0,43535.367,0,261,139.354,117.082,114.116,104.206,75.174,64.14,63.173,2301.614,2301.614,2301.614
-6.788,-4.173,0,43536.072,0,261,139.345,117.099,114.125,104.211,75.159,64.103,63.144,2301.626,2301.626,2301.626
-6.801,-4.236,0,43536.77,0,261,139.332,117.112,114.137,104.195,75.128,64.058,63.094,2301.628,2301.628,2301.628
-6.786,-4.309,0,43537.472,0,261,139.32,117.137,114.156,104.195,75.096,64.008,63.048,2301.634,2301.634,2301.634
-6.815,-4.371,0,43538.17,0,261,139.299,117.14,114.164,104.188,75.064,63.96,62.998,2301.625,2301.625,2301.625
-6.814,-4.427,0,43538.869,0,261,139.301,117.155,114.187,104.191,75.043,63.916,62.951,2301.632,2301.632,2301.632
-6.821,-4.475,0,43539.566,0,261,139.293,117.175,114.184,104.184,75.005,63.863,62.906,2301.628,2301.628,2301.628
-6.833,-4.519,0,43540.274,0,261,139.272,117.185,114.194,104.18,74.978,63.822,62.865,2301.623,2301.623,2301.623
-6.824,-4.558,0,43540.975,0,261,139.265,117.201,114.208,104.175,74.958,63.771,62.81,2301.631,2301.631,2301.631
-6.83,-4.606,0,43541.674,0,261,139.25,117.217,114.223,104.175,74.916,63.721,62.77,2301.633,2301.633,2301.633
-6.844,-4.65,0,43542.369,0,261,139.233,117.226,114.238,104.17,74.89,63.687,62.719,2301.634,2301.634,2301.634
-6.833,-4.695,0,43543.073,0,261,139.23,117.243,114.241,104.17,74.855,63.638,62.668,2301.631,2301.631,2301.631
-6.845,-4.745,0,43543.772,0,261,139.21,117.251,114.255,104.168,74.82,63.584,62.624,2301.626,2301.626,2301.626
-6.858,-4.781,0,43544.468,0,261,139.211,117.263,114.271,104.166,74.797,63.538,62.571,2301.637,2301.637,2301.637
-6.845,-4.815,0,43545.168,0,261,139.189,117.26,114.266,104.154,74.749,63.48,62.509,2301.625,2301.625,2301.625
-6.858,-4.845,0,43545.872,0,261,139.175,117.273,114.286,104.157,74.725,63.445,62.466,2301.626,2301.626,2301.626
-6.867,-4.88,0,43546.566,0,261,139.169,117.283,114.299,104.162,74.687,63.404,62.421,2301.632,2301.632,2301.632
-6.856,-4.916,0,43547.273,0,261,139.167,117.307,114.315,104.172,74.67,63.358,62.397,2301.644,2301.644,2301.644
-6.872,-4.938,0,43547.973,0,261,139.153,117.297,114.316,104.149,74.626,63.316,62.344,2301.63,2301.63,2301.63
-6.884,-4.99,0,43548.7,0,261,139.141,117.316,114.33,104.158,74.595,63.278,62.305,2301.635,2301.635,2301.635
-6.869,-5.04,0,43549.367,0,261,139.116,117.329,114.335,104.153,74.559,63.231,62.263,2301.635,2301.635,2301.635
-6.889,-5.043,0,43550.074,0,261,139.094,117.335,114.336,104.142,74.537,63.188,62.218,2301.618,2301.618,2301.618
-6.89,-5.041,0,43550.781,0,261,139.098,117.371,114.352,104.138,74.5,63.158,62.184,2301.636,2301.636,2301.636
-6.87,-5.039,0,43551.472,0,261,139.079,117.384,114.362,104.144,74.473,63.116,62.153,2301.638,2301.638,2301.638
-6.891,-5.039,0,43552.168,0,261,139.062,117.398,114.362,104.138,74.437,63.078,62.115,2301.627,2301.627,2301.627
-6.889,-5.038,0,43552.873,0,261,139.06,117.422,114.385,104.138,74.419,63.043,62.074,2301.643,2301.643,2301.643
-6.871,-5.038,0,43553.573,0,261,139.036,117.425,114.384,104.118,74.382,63.002,62.04,2301.63,2301.63,2301.63
-6.892,-5.038,0,43554.275,0,261,139.008,117.443,114.401,104.125,74.354,62.961,61.999,2301.629,2301.629,2301.629
-6.898,-5.077,0,43554.973,0,261,139.02,117.476,114.423,104.137,74.333,62.947,61.979,2301.652,2301.652,2301.652
-6.925,-5.225,0,43555.676,0,261,139.003,117.486,114.41,104.126,74.295,62.895,61.933,2301.633,2301.633,2301.633
-6.943,-5.22,0,43556.37,0,261,138.978,117.51,114.428,104.096,74.29,62.862,61.901,2301.634,2301.634,2301.634
-6.931,-5.17,0,43557.076,0,261,138.951,117.535,114.433,104.073,74.274,62.826,61.863,2301.622,2301.622,2301.622
-6.937,-5.129,0,43557.776,0,261,138.931,117.576,114.447,104.05,74.266,62.793,61.828,2301.626,2301.626,2301.626
-6.934,-5.078,0,43558.47,0,261,138.915,117.595,114.47,104.044,74.257,62.76,61.788,2301.627,2301.627,2301.627
-6.907,-5.014,0,43559.169,0,261,138.898,117.63,114.486,104.044,74.238,62.723,61.762,2301.63,2301.63,2301.63
-6.921,-4.945,0,43559.873,0,261,138.895,117.662,114.51,104.036,74.222,62.7,61.729,2301.653,2301.653,2301.653
-6.909,-4.88,0,43560.571,0,261,138.88,117.675,114.517,104.029,74.181,62.662,61.683,2301.639,2301.639,2301.639
-6.888,-4.81,0,43561.283,0,261,138.871,117.69,114.539,104.027,74.165,62.615,61.651,2301.637,2301.637,2301.637
-6.901,-4.759,0,43561.97,0,261,138.847,117.723,114.54,104.033,74.136,62.582,61.617,2301.641,2301.641,2301.641
-6.891,-4.709,0,43562.684,0,261,138.844,117.732,114.565,104.033,74.109,62.551,61.578,2301.639,2301.639,2301.639
-6.868,-4.651,0,43563.368,0,261,138.841,117.749,114.584,104.034,74.08,62.521,61.543,2301.642,2301.642,2301.642
-6.88,-4.578,0,43564.087,0,261,138.823,117.778,114.592,104.039,74.054,62.495,61.514,2301.651,2301.651,2301.651
-6.873,-4.513,0,43564.776,0,261,138.804,117.77,114.602,104.044,74.011,62.438,61.47,2301.626,2301.626,2301.626
-6.849,-4.428,0,43565.473,0,261,138.801,117.796,114.631,104.063,73.983,62.421,61.446,2301.652,2301.652,2301.652
-6.847,-4.344,0,43566.171,0,261,138.772,117.788,114.623,104.04,73.919,62.37,61.399,2301.613,2301.613,2301.613
-6.848,-4.268,0,43566.872,0,261,138.772,117.814,114.644,104.071,73.906,62.347,61.38,2301.631,2301.631,2301.631
-6.837,-4.203,0,43567.569,0,261,138.773,117.827,114.677,104.093,73.878,62.327,61.365,2301.652,2301.652,2301.652
-6.811,-4.138,0,43568.286,0,261,138.759,117.848,114.696,104.11,73.839,62.305,61.343,2301.662,2301.662,2301.662
-6.817,-4.066,0,43568.974,0,261,138.74,117.853,114.7,104.113,73.798,62.278,61.314,2301.645,2301.645,2301.645
-6.817,-3.989,0,43569.675,0,261,138.736,117.856,114.728,104.135,73.752,62.254,61.289,2301.648,2301.648,2301.648
-6.803,-3.907,0,43570.379,0,261,138.72,117.865,114.728,104.146,73.717,62.22,61.263,2301.64,2301.64,2301.64
-6.781,-3.833,0,43571.071,0,261,138.721,117.869,114.746,104.173,73.687,62.218,61.255,2301.653,2301.653,2301.653
-6.783,-3.769,0,43571.769,0,261,138.689,117.87,114.743,104.176,73.629,62.178,61.229,2301.629,2301.629,2301.629
-6.783,-3.693,0,43572.472,0,261,138.685,117.887,114.752,104.185,73.597,62.156,61.214,2301.628,2301.628,2301.628
-6.775,-3.629,0,43573.172,0,261,138.683,117.898,114.776,104.217,73.559,62.154,61.208,2301.642,2301.642,2301.642
-6.76,-3.581,0,43573.88,0,261,138.675,117.902,114.779,104.232,73.519,62.14,61.202,2301.634,2301.634,2301.634
-6.742,-3.522,0,43574.575,0,261,138.675,117.907,114.799,104.254,73.483,62.137,61.202,2301.64,2301.64,2301.64
-6.755,-3.494,0,43575.279,0,261,138.664,117.908,114.808,104.267,73.446,62.137,61.21,2301.646,2301.646,2301.646
-6.759,-3.467,0,43575.973,0,261,138.681,117.921,114.837,104.297,73.435,62.149,61.226,2301.667,2301.667,2301.667
-6.753,-3.452,0,43576.673,0,261,138.645,117.907,114.831,104.297,73.381,62.116,61.209,2301.634,2301.634,2301.634
-6.741,-3.444,0,43577.375,0,261,138.638,117.902,114.841,104.31,73.352,62.136,61.209,2301.634,2301.634,2301.634
-6.734,-3.442,0,43578.071,0,261,138.65,117.91,114.843,104.326,73.326,62.133,61.218,2301.645,2301.645,2301.645
-6.745,-3.399,0,43578.772,0,261,138.645,117.914,114.858,104.343,73.312,62.129,61.213,2301.647,2301.647,2301.647
-6.746,-3.36,0,43579.475,0,261,138.632,117.915,114.865,104.346,73.283,62.133,61.204,2301.646,2301.646,2301.646
-6.741,-3.325,0,43580.171,0,261,138.63,117.923,114.876,104.37,73.265,62.123,61.2,2301.652,2301.652,2301.652
-6.731,-3.297,0,43580.875,0,261,138.615,117.915,114.868,104.368,73.237,62.102,61.186,2301.639,2301.639,2301.639
-6.716,-3.266,0,43581.569,0,261,138.619,117.921,114.882,104.377,73.229,62.107,61.181,2301.65,2301.65,2301.65
-6.726,-3.215,0,43582.28,0,261,138.6,117.916,114.889,104.374,73.203,62.091,61.159,2301.641,2301.641,2301.641
-6.73,-3.163,0,43582.97,0,261,138.595,117.919,114.879,104.387,73.202,62.066,61.143,2301.64,2301.64,2301.64
-6.729,-3.144,0,43583.674,0,261,138.585,117.926,114.889,104.386,73.179,62.056,61.124,2301.642,2301.642,2301.642
-6.724,-3.122,0,43584.371,0,261,138.576,117.938,114.903,104.4,73.173,62.049,61.122,2301.649,2301.649,2301.649
-6.711,-3.054,0,43585.079,0,261,138.566,117.949,114.906,104.406,73.164,62.038,61.102,2301.652,2301.652,2301.652
-6.708,-2.978,0,43585.782,0,261,138.563,117.959,114.911,104.399,73.172,62.014,61.075,2301.653,2301.653,2301.653
-6.716,-2.897,0,43586.487,0,261,138.552,117.962,114.919,104.394,73.179,62.001,61.067,2301.657,2301.657,2301.657
-6.714,-2.821,0,43587.178,0,261,138.544,117.971,114.923,104.395,73.171,61.977,61.051,2301.657,2301.657,2301.657
-6.704,-2.74,0,43587.878,0,261,138.54,117.978,114.925,104.398,73.174,61.96,61.027,2301.651,2301.651,2301.651
-6.686,-2.641,0,43588.607,0,261,138.533,117.991,114.938,104.394,73.181,61.954,61.022,2301.658,2301.658,2301.658
-6.67,-2.536,0,43589.274,0,261,138.514,117.987,114.927,104.382,73.179,61.938,60.995,2301.645,2301.645,2301.645
-6.672,-2.426,0,43589.981,0,261,138.513,117.99,114.942,104.378,73.19,61.929,60.99,2301.654,2301.654,2301.654
-6.665,-2.315,0,43590.67,0,261,138.502,117.989,114.958,104.37,73.198,61.926,60.986,2301.657,2301.657,2301.657
-6.648,-2.202,0,43591.401,0,261,138.491,117.999,114.95,104.348,73.196,61.913,60.967,2301.645,2301.645,2301.645
-6.621,-2.072,0,43592.071,0,261,138.47,118.004,114.959,104.35,73.193,61.901,60.968,2301.645,2301.645,2301.645
-6.612,-1.982,0,43592.786,0,261,138.478,118.008,114.956,104.349,73.196,61.892,60.959,2301.641,2301.641,2301.641
-6.61,-1.894,0,43593.491,0,261,138.476,118.017,114.973,104.345,73.199,61.901,60.971,2301.665,2301.665,2301.665
-6.601,-1.815,0,43594.173,0,261,138.463,118.011,114.975,104.353,73.186,61.896,60.975,2301.652,2301.652,2301.652
-6.579,-1.727,0,43594.88,0,261,138.443,118.007,114.973,104.351,73.17,61.904,60.984,2301.65,2301.65,2301.65
-6.557,-1.654,0,43595.582,0,261,138.436,117.994,114.973,104.357,73.151,61.912,60.995,2301.645,2301.645,2301.645
-6.561,-1.583,0,43596.28,0,261,138.435,118.012,114.994,104.375,73.159,61.931,61.032,2301.664,2301.664,2301.664
-6.554,-1.51,0,43596.982,0,261,138.425,118.004,114.987,104.388,73.145,61.948,61.046,2301.656,2301.656,2301.656
-6.536,-1.435,0,43597.671,0,261,138.439,118.008,114.997,104.407,73.141,61.974,61.07,2301.671,2301.671,2301.671
-6.512,-1.373,0,43598.386,0,261,138.433,117.989,114.997,104.435,73.126,61.989,61.088,2301.659,2301.659,2301.659
-6.509,-1.308,0,43599.073,0,261,138.431,117.976,114.992,104.46,73.104,62.007,61.118,2301.662,2301.662,2301.662
-6.507,-1.251,0,43599.775,0,261,138.444,117.963,115,104.481,73.102,62.02,61.13,2301.669,2301.669,2301.669
-6.496,-1.196,0,43600.485,0,261,138.413,117.921,114.981,104.481,73.075,62.031,61.139,2301.638,2301.638,2301.638
-6.47,-1.117,0,43601.172,0,261,138.422,117.918,114.998,104.515,73.071,62.051,61.168,2301.661,2301.661,2301.661
-6.462,-1.076,0,43601.875,0,261,138.426,117.9,114.991,104.522,73.056,62.072,61.189,2301.661,2301.661,2301.661
-6.467,-1.014,0,43602.576,0,261,138.418,117.881,114.983,104.537,73.046,62.075,61.201,2301.651,2301.651,2301.651
-6.466,-0.981,0,43603.27,0,261,138.426,117.866,114.981,104.547,73.037,62.102,61.214,2301.662,2301.662,2301.662
-6.455,-0.932,0,43603.988,0,261,138.419,117.846,114.98,104.551,73.03,62.11,61.223,2301.651,2301.651,2301.651
-6.432,-0.876,0,43604.674,0,261,138.435,117.834,114.978,104.566,73.035,62.124,61.239,2301.659,2301.659,2301.659
-6.42,-0.806,0,43605.392,0,261,138.427,117.818,114.958,104.572,73.025,62.144,61.254,2301.66,2301.66,2301.66
-6.425,-0.764,0,43606.075,0,261,138.424,117.802,114.954,104.572,73.027,62.151,61.258,2301.651,2301.651,2301.651
-6.425,-0.724,0,43606.775,0,261,138.424,117.773,114.94,104.576,73.024,62.156,61.27,2301.643,2301.643,2301.643
-6.416,-0.675,0,43607.475,0,261,138.424,117.745,114.937,104.585,73.032,62.173,61.285,2301.655,2301.655,2301.655
-6.404,-0.636,0,43608.174,0,261,138.432,117.746,114.933,104.606,73.04,62.199,61.305,2301.666,2301.666,2301.666
-6.392,-0.598,0,43608.894,0,261,138.44,117.721,114.933,104.598,73.047,62.201,61.326,2301.676,2301.676,2301.676
-6.379,-0.548,0,43609.605,0,261,138.427,117.693,114.911,104.597,73.045,62.208,61.32,2301.656,2301.656,2301.656
-6.383,-0.509,0,43610.274,0,261,138.425,117.669,114.895,104.601,73.05,62.223,61.343,2301.655,2301.655,2301.655
-6.385,-0.493,0,43610.978,0,261,138.43,117.667,114.893,104.605,73.05,62.249,61.362,2301.669,2301.669,2301.669
-6.385,-0.449,0,43611.674,0,261,138.429,117.635,114.878,104.599,73.06,62.256,61.367,2301.663,2301.663,2301.663
-6.383,-0.412,0,43612.373,0,261,138.437,117.605,114.873,104.598,73.078,62.263,61.394,2301.666,2301.666,2301.666
-6.377,-0.374,0,43613.09,0,261,138.42,117.59,114.844,104.6,73.072,62.296,61.414,2301.653,2301.653,2301.653
-6.363,-0.323,0,43613.777,0,261,138.433,117.572,114.851,104.599,73.097,62.316,61.447,2301.671,2301.671,2301.671
-6.352,-0.279,0,43614.484,0,261,138.428,117.543,114.819,104.586,73.095,62.33,61.462,2301.649,2301.649,2301.649
-6.343,-0.243,0,43615.172,0,261,138.439,117.535,114.819,104.603,73.126,62.363,61.504,2301.671,2301.671,2301.671
-6.335,-0.213,0,43615.894,0,261,138.438,117.512,114.81,104.608,73.145,62.408,61.55,2301.674,2301.674,2301.674
-6.326,-0.185,0,43616.572,0,261,138.438,117.495,114.801,104.613,73.156,62.432,61.579,2301.681,2301.681,2301.681
-6.318,-0.154,0,43617.28,0,261,138.434,117.454,114.766,104.595,73.149,62.474,61.624,2301.651,2301.651,2301.651
-6.316,-0.131,0,43617.983,0,261,138.431,117.429,114.75,104.594,73.171,62.505,61.674,2301.65,2301.65,2301.65
-6.314,-0.113,0,43618.671,0,261,138.44,117.406,114.732,104.606,73.197,62.551,61.72,2301.656,2301.656,2301.656
-6.317,-0.097,0,43619.416,0,261,138.46,117.39,114.73,104.621,73.236,62.608,61.78,2301.683,2301.683,2301.683
-6.322,-0.09,0,43620.071,0,261,138.449,117.359,114.705,104.619,73.25,62.65,61.826,2301.67,2301.67,2301.67
-6.323,-0.084,0,43620.783,0,261,138.447,117.332,114.69,104.611,73.27,62.695,61.872,2301.666,2301.666,2301.666
-6.325,-0.081,0,43621.493,0,261,138.445,117.301,114.671,104.619,73.283,62.753,61.926,2301.672,2301.672,2301.672
-6.328,-0.081,0,43622.174,0,261,138.44,117.277,114.649,104.623,73.306,62.783,61.971,2301.658,2301.658,2301.658
-6.328,-0.079,0,43622.9,0,261,138.457,117.261,114.637,104.633,73.33,62.844,62.034,2301.67,2301.67,2301.67
-6.326,-0.076,0,43623.591,0,261,138.437,117.234,114.613,104.621,73.352,62.889,62.073,2301.658,2301.658,2301.658
-6.325,-0.074,0,43624.272,0,261,138.457,117.213,114.595,104.619,73.377,62.936,62.126,2301.664,2301.664,2301.664
-6.321,-0.07,0,43624.972,0,261,138.455,117.18,114.577,104.623,73.404,62.987,62.17,2301.672,2301.672,2301.672
-6.317,-0.068,0,43625.674,0,261,138.447,117.157,114.551,104.609,73.421,63.027,62.213,2301.66,2301.66,2301.66
-6.312,-0.065,0,43626.374,0,261,138.463,117.136,114.539,104.599,73.444,63.074,62.256,2301.662,2301.662,2301.662
-6.307,-0.063,0,43627.077,0,261,138.45,117.12,114.528,104.608,73.47,63.126,62.311,2301.669,2301.669,2301.669
-6.302,-0.058,0,43627.777,0,261,138.462,117.095,114.502,104.61,73.494,63.166,62.35,2301.675,2301.675,2301.675
-6.296,-0.056,0,43628.476,0,261,138.459,117.068,114.488,104.603,73.532,63.209,62.393,2301.669,2301.669,2301.669
-6.29,-0.052,0,43629.174,0,261,138.457,117.045,114.479,104.606,73.556,63.261,62.453,2301.68,2301.68,2301.68
-6.286,-0.047,0,43629.879,0,261,138.467,117.023,114.458,104.597,73.582,63.291,62.498,2301.68,2301.68,2301.68
-6.281,-0.042,0,43630.601,0,261,138.449,116.977,114.42,104.588,73.598,63.333,62.526,2301.652,2301.652,2301.652
-6.275,-0.036,0,43631.276,0,261,138.445,116.96,114.41,104.593,73.623,63.375,62.565,2301.656,2301.656,2301.656
-6.271,-0.03,0,43631.974,0,261,138.455,116.937,114.385,104.596,73.66,63.417,62.619,2301.662,2301.662,2301.662
-6.26,-0.028,0,43632.674,0,261,138.468,116.912,114.368,104.61,73.682,63.465,62.68,2301.666,2301.666,2301.666
-6.244,-0.028,0,43633.374,0,261,138.45,116.863,114.338,104.611,73.696,63.51,62.75,2301.644,2301.644,2301.644
-6.227,-0.028,0,43634.074,0,261,138.464,116.849,114.332,104.63,73.726,63.604,62.886,2301.667,2301.667,2301.667
-6.205,-0.027,0,43634.774,0,261,138.469,116.809,114.316,104.634,73.747,63.706,63.013,2301.67,2301.67,2301.67
-6.177,-0.028,0,43635.477,0,261,138.484,116.787,114.289,104.651,73.773,63.834,63.163,2301.673,2301.673,2301.673
-6.161,-0.027,0,43636.174,0,261,138.473,116.755,114.271,104.648,73.807,63.974,63.302,2301.677,2301.677,2301.677
-6.152,-0.028,0,43636.883,0,261,138.475,116.724,114.24,104.65,73.83,64.103,63.445,2301.664,2301.664,2301.664
-6.143,-0.027,0,43637.594,0,261,138.477,116.688,114.227,104.657,73.865,64.247,63.607,2301.664,2301.664,2301.664
-6.13,-0.028,0,43638.274,0,261,138.481,116.67,114.195,104.647,73.901,64.39,63.76,2301.674,2301.674,2301.674
-6.115,-0.028,0,43638.983,0,261,138.481,116.639,114.179,104.65,73.959,64.527,63.917,2301.677,2301.677,2301.677
-6.093,-0.027,0,43639.677,0,261,138.473,116.61,114.151,104.652,74,64.67,64.057,2301.665,2301.665,2301.665
-6.07,-0.028,0,43640.384,0,261,138.485,116.591,114.136,104.647,74.059,64.811,64.211,2301.676,2301.676,2301.676
-6.059,-0.027,0,43641.091,0,261,138.499,116.569,114.116,104.65,74.109,64.964,64.362,2301.682,2301.682,2301.682
-6.047,-0.027,0,43641.788,0,261,138.478,116.527,114.084,104.634,74.157,65.107,64.5,2301.664,2301.664,2301.664
-6.034,-0.027,0,43642.475,0,261,138.496,116.509,114.066,104.642,74.232,65.249,64.652,2301.678,2301.678,2301.678
-6.023,-0.027,0,43643.191,0,261,138.494,116.49,114.041,104.632,74.302,65.382,64.795,2301.678,2301.678,2301.678
-6.013,-0.027,0,43643.876,0,261,138.492,116.449,114.032,104.62,74.363,65.518,64.948,2301.671,2301.671,2301.671
-6.005,-0.027,0,43644.582,0,261,138.487,116.434,114.008,104.625,74.434,65.665,65.078,2301.674,2301.674,2301.674
-6.005,-0.027,0,43645.274,0,261,138.486,116.404,113.975,104.619,74.51,65.809,65.232,2301.674,2301.674,2301.674
-5.99,-0.027,0,43645.983,0,261,138.489,116.386,113.966,104.604,74.586,65.941,65.375,2301.681,2301.681,2301.681
-5.99,-0.027,0,43646.675,0,261,138.494,116.366,113.937,104.601,74.662,66.084,65.506,2301.674,2301.674,2301.674
-5.99,-0.026,0,43647.374,0,261,138.485,116.342,113.906,104.592,74.744,66.216,65.649,2301.665,2301.665,2301.665
-5.996,-0.027,0,43648.079,0,261,138.49,116.317,113.9,104.595,74.831,66.355,65.788,2301.681,2301.681,2301.681
-6.012,-0.027,0,43648.775,0,261,138.479,116.296,113.863,104.587,74.91,66.482,65.922,2301.675,2301.675,2301.675
-6.027,-0.027,0,43649.474,0,261,138.493,116.278,113.854,104.589,74.999,66.618,66.065,2301.69,2301.69,2301.69
-6.039,-0.028,0,43650.183,0,261,138.492,116.242,113.831,104.597,75.08,66.754,66.185,2301.684,2301.684,2301.684
-6.048,-0.028,0,43650.882,0,261,138.497,116.219,113.815,104.594,75.171,66.879,66.311,2301.687,2301.687,2301.687
-6.054,-0.029,0,43651.575,0,261,138.484,116.196,113.79,104.578,75.251,67.004,66.441,2301.677,2301.677,2301.677
-6.061,-0.028,0,43652.285,0,261,138.493,116.162,113.768,104.58,75.326,67.126,66.561,2301.675,2301.675,2301.675
-6.081,-0.028,0,43652.978,0,261,138.486,116.15,113.764,104.578,75.426,67.252,66.687,2301.689,2301.689,2301.689
-6.105,-0.028,0,43653.711,0,261,138.488,116.134,113.743,104.573,75.506,67.364,66.807,2301.69,2301.69,2301.69
-6.124,-0.027,0,43654.383,0,261,138.486,116.109,113.716,104.568,75.595,67.491,66.923,2301.686,2301.686,2301.686
-6.149,-0.028,0,43655.08,0,261,138.496,116.067,113.683,104.57,75.665,67.596,67.023,2301.675,2301.675,2301.675
-6.159,-0.027,0,43655.775,0,261,138.489,116.058,113.676,104.57,75.762,67.714,67.139,2301.68,2301.68,2301.68
-6.172,-0.027,0,43656.475,0,261,138.478,116.039,113.639,104.566,75.841,67.819,67.239,2301.671,2301.671,2301.671
-6.174,-0.027,0,43657.19,0,261,138.488,116.012,113.633,104.579,75.934,67.925,67.341,2301.687,2301.687,2301.687
-6.185,-0.027,0,43657.9,0,261,138.479,115.991,113.618,104.575,76.009,68.026,67.434,2301.687,2301.687,2301.687
-6.211,-0.028,0,43658.585,0,261,138.492,115.971,113.604,104.584,76.103,68.122,67.521,2301.694,2301.694,2301.694
-6.225,-0.028,0,43659.275,0,261,138.479,115.951,113.581,104.57,76.18,68.201,67.593,2301.679,2301.679,2301.679
-6.243,-0.028,0,43659.976,0,261,138.475,115.924,113.55,104.576,76.253,68.27,67.651,2301.672,2301.672,2301.672
-6.257,-0.03,0,43660.679,0,261,138.479,115.914,113.55,104.576,76.333,68.34,67.694,2301.683,2301.683,2301.683
-6.26,-0.036,0,43661.392,0,261,138.465,115.885,113.527,104.583,76.41,68.376,67.683,2301.675,2301.675,2301.675
-6.264,-0.05,0,43662.077,0,261,138.466,115.872,113.51,104.585,76.486,68.384,67.639,2301.68,2301.68,2301.68
-6.27,-0.075,0,43662.779,0,261,138.456,115.856,113.49,104.574,76.558,68.361,67.604,2301.675,2301.675,2301.675
-6.27,-0.084,0,43663.475,0,261,138.441,115.854,113.467,104.543,76.625,68.325,67.546,2301.668,2301.668,2301.668
-6.268,-0.092,0,43664.175,0,261,138.439,115.856,113.455,104.519,76.703,68.293,67.486,2301.683,2301.683,2301.683
-6.267,-0.093,0,43664.885,0,261,138.422,115.847,113.442,104.474,76.76,68.237,67.434,2301.672,2301.672,2301.672
-6.258,-0.104,0,43665.581,0,261,138.419,115.848,113.426,104.453,76.815,68.179,67.389,2301.673,2301.673,2301.673
-6.257,-0.112,0,43666.277,0,261,138.413,115.85,113.424,104.442,76.873,68.165,67.35,2301.689,2301.689,2301.689
-6.263,-0.116,0,43666.977,0,261,138.398,115.844,113.396,104.41,76.893,68.112,67.293,2301.668,2301.668,2301.668
-6.27,-0.123,0,43667.698,0,261,138.399,115.838,113.396,104.386,76.935,68.081,67.273,2301.685,2301.685,2301.685
-6.275,-0.122,0,43668.387,0,261,138.379,115.835,113.38,104.369,76.97,68.042,67.239,2301.676,2301.676,2301.676
-6.279,-0.126,0,43669.075,0,261,138.376,115.844,113.38,104.361,76.991,68.015,67.214,2301.685,2301.685,2301.685
-6.281,-0.126,0,43669.779,0,261,138.371,115.835,113.359,104.348,76.996,67.991,67.176,2301.683,2301.683,2301.683
-6.283,-0.124,0,43670.479,0,261,138.36,115.822,113.347,104.329,77.02,67.964,67.154,2301.675,2301.675,2301.675
-6.286,-0.131,0,43671.194,0,261,138.349,115.824,113.337,104.329,77.036,67.941,67.117,2301.683,2301.683,2301.683
-6.289,-0.137,0,43671.887,0,261,138.336,115.809,113.33,104.32,77.048,67.912,67.094,2301.673,2301.673,2301.673
-6.292,-0.145,0,43672.582,0,261,138.34,115.81,113.329,104.313,77.067,67.896,67.074,2301.692,2301.692,2301.692
-6.296,-0.152,0,43673.283,0,261,138.334,115.811,113.316,104.298,77.066,67.875,67.043,2301.676,2301.676,2301.676
-6.304,-0.183,0,43673.978,0,261,138.317,115.802,113.307,104.313,77.072,67.848,67.023,2301.691,2301.691,2301.691
-6.314,-0.22,0,43674.678,0,261,138.321,115.805,113.298,104.299,77.077,67.822,66.988,2301.694,2301.694,2301.694
-6.325,-0.262,0,43675.387,0,261,138.294,115.792,113.29,104.277,77.064,67.788,66.943,2301.676,2301.676,2301.676
-6.331,-0.31,0,43676.076,0,261,138.293,115.794,113.288,104.26,77.089,67.758,66.908,2301.691,2301.691,2301.691
-6.339,-0.353,0,43676.799,0,261,138.297,115.792,113.281,104.228,77.078,67.72,66.858,2301.695,2301.695,2301.695
-6.349,-0.398,0,43677.484,0,261,138.28,115.793,113.27,104.205,77.078,67.68,66.815,2301.692,2301.692,2301.692
-6.355,-0.443,0,43678.183,0,261,138.263,115.802,113.266,104.184,77.067,67.628,66.749,2301.694,2301.694,2301.694
-6.365,-0.49,0,43678.906,0,261,138.251,115.81,113.259,104.147,77.063,67.577,66.703,2301.694,2301.694,2301.694
-6.375,-0.532,0,43679.577,0,261,138.237,115.825,113.26,104.131,77.057,67.53,66.637,2301.704,2301.704,2301.704
-6.387,-0.579,0,43680.278,0,261,138.221,115.823,113.249,104.108,77.041,67.465,66.575,2301.688,2301.688,2301.688
-6.397,-0.629,0,43680.978,0,261,138.207,115.821,113.248,104.09,77.035,67.411,66.522,2301.691,2301.691,2301.691
-6.406,-0.682,0,43681.678,0,261,138.198,115.837,113.252,104.068,77.023,67.358,66.462,2301.689,2301.689,2301.689
-6.412,-0.734,0,43682.379,0,261,138.18,115.844,113.246,104.042,77.006,67.301,66.405,2301.692,2301.692,2301.692
-6.414,-0.782,0,43683.077,0,261,138.174,115.854,113.249,104.014,76.993,67.25,66.358,2301.689,2301.689,2301.689
-6.414,-0.837,0,43683.808,0,261,138.162,115.88,113.261,104.008,76.985,67.207,66.309,2301.709,2301.709,2301.709
-6.42,-0.89,0,43684.484,0,261,138.143,115.885,113.244,103.999,76.966,67.142,66.245,2301.693,2301.693,2301.693
-6.439,-0.944,0,43685.179,0,261,138.132,115.898,113.238,103.973,76.945,67.089,66.188,2301.687,2301.687,2301.687
-6.453,-0.998,0,43685.904,0,261,138.113,115.914,113.247,103.963,76.935,67.042,66.143,2301.689,2301.689,2301.689
-6.464,-1.058,0,43686.578,0,261,138.098,115.93,113.256,103.965,76.917,66.995,66.099,2301.694,2301.694,2301.694
-6.472,-1.119,0,43687.291,0,261,138.094,115.934,113.254,103.947,76.894,66.953,66.046,2301.693,2301.693,2301.693
-6.477,-1.175,0,43687.985,0,261,138.081,115.955,113.258,103.942,76.883,66.912,66.002,2301.702,2301.702,2301.702
-6.477,-1.238,0,43688.688,0,261,138.056,115.967,113.262,103.943,76.856,66.859,65.957,2301.69,2301.69,2301.69
-6.476,-1.306,0,43689.391,0,261,138.041,115.978,113.26,103.932,76.842,66.814,65.913,2301.694,2301.694,2301.694
-6.493,-1.376,0,43690.079,0,261,138.034,115.992,113.269,103.929,76.824,66.769,65.872,2301.698,2301.698,2301.698
-6.505,-1.446,0,43690.797,0,261,138.007,116.005,113.271,103.931,76.792,66.714,65.812,2301.685,2301.685,2301.685
-6.514,-1.525,0,43691.496,0,261,137.996,116.024,113.282,103.94,76.762,66.672,65.759,2301.696,2301.696,2301.696
-6.521,-1.601,0,43692.185,0,261,137.998,116.03,113.288,103.949,76.729,66.618,65.704,2301.696,2301.696,2301.696
-6.526,-1.688,0,43692.889,0,261,137.979,116.042,113.29,103.96,76.682,66.566,65.647,2301.695,2301.695,2301.695
-6.525,-1.781,0,43693.578,0,261,137.954,116.048,113.303,103.968,76.647,66.505,65.571,2301.684,2301.684,2301.684
-6.527,-1.865,0,43694.278,0,261,137.946,116.061,113.301,103.988,76.614,66.444,65.51,2301.683,2301.683,2301.683
-6.545,-1.947,0,43694.985,0,261,137.944,116.067,113.317,104.012,76.57,66.383,65.436,2301.69,2301.69,2301.69
-6.556,-2.016,0,43695.676,0,261,137.936,116.074,113.33,104.035,76.523,66.315,65.371,2301.694,2301.694,2301.694
-6.567,-2.101,0,43696.378,0,261,137.929,116.076,113.333,104.057,76.483,66.251,65.302,2301.7,2301.7,2301.7
-6.572,-2.169,0,43697.079,0,261,137.916,116.074,113.34,104.065,76.441,66.186,65.238,2301.7,2301.7,2301.7
-6.575,-2.243,0,43697.793,0,261,137.905,116.078,113.359,104.087,76.397,66.109,65.175,2301.694,2301.694,2301.694
-6.572,-2.231,0,43698.483,0,261,137.891,116.079,113.364,104.106,76.352,66.054,65.096,2301.701,2301.701,2301.701
-6.569,-2.265,0,43699.192,0,261,137.897,116.076,113.372,104.111,76.306,65.982,65.042,2301.688,2301.688,2301.688
-6.567,-2.339,0,43699.883,0,261,137.876,116.075,113.37,104.123,76.259,65.909,64.96,2301.683,2301.683,2301.683
-6.575,-2.404,0,43700.585,0,261,137.865,116.077,113.379,104.143,76.208,65.847,64.911,2301.697,2301.697,2301.697
-6.585,-2.477,0,43701.282,0,261,137.863,116.076,113.388,104.135,76.169,65.794,64.842,2301.691,2301.691,2301.691
-6.599,-2.543,0,43701.98,0,261,137.842,116.084,113.387,104.15,76.113,65.729,64.793,2301.686,2301.686,2301.686
-6.609,-2.596,0,43702.682,0,261,137.842,116.092,113.397,104.158,76.087,65.686,64.744,2301.705,2301.705,2301.705
-6.619,-2.65,0,43703.387,0,261,137.83,116.097,113.39,104.149,76.018,65.613,64.681,2301.69,2301.69,2301.69
-6.627,-2.703,0,43704.077,0,261,137.823,116.108,113.41,104.162,75.988,65.566,64.634,2301.698,2301.698,2301.698
-6.634,-2.756,0,43704.79,0,261,137.812,116.108,113.422,104.161,75.949,65.512,64.589,2301.712,2301.712,2301.712
-6.641,-2.81,0,43705.489,0,261,137.79,116.115,113.418,104.153,75.906,65.465,64.533,2301.694,2301.694,2301.694
-6.648,-2.868,0,43706.181,0,261,137.79,116.133,113.432,104.163,75.87,65.417,64.494,2301.707,2301.707,2301.707
-6.656,-2.93,0,43706.89,0,261,137.775,116.122,113.415,104.14,75.823,65.37,64.439,2301.692,2301.692,2301.692
-6.662,-2.99,0,43707.579,0,261,137.766,116.138,113.428,104.136,75.789,65.32,64.4,2301.696,2301.696,2301.696
-6.669,-3.045,0,43708.288,0,261,137.755,116.142,113.431,104.137,75.762,65.28,64.366,2301.704,2301.704,2301.704
-6.677,-3.097,0,43708.986,0,261,137.731,116.157,113.439,104.122,75.723,65.233,64.32,2301.699,2301.699,2301.699
-6.684,-3.158,0,43709.681,0,261,137.723,116.17,113.441,104.102,75.683,65.192,64.271,2301.693,2301.693,2301.693
-6.693,-3.23,0,43710.39,0,261,137.707,116.17,113.445,104.094,75.657,65.141,64.229,2301.696,2301.696,2301.696
-6.7,-3.282,0,43711.084,0,261,137.707,116.194,113.462,104.096,75.637,65.118,64.192,2301.716,2301.716,2301.716
-6.705,-3.32,0,43711.782,0,261,137.695,116.199,113.455,104.079,75.599,65.065,64.142,2301.707,2301.707,2301.707
-6.71,-3.359,0,43712.503,0,261,137.68,116.213,113.468,104.064,75.588,65.03,64.1,2301.708,2301.708,2301.708
-6.717,-3.422,0,43713.192,0,261,137.665,116.225,113.476,104.052,75.554,64.981,64.054,2301.71,2301.71,2301.71
-6.722,-3.49,0,43713.893,0,261,137.644,116.231,113.474,104.027,75.529,64.937,64.008,2301.699,2301.699,2301.699
-6.726,-3.557,0,43714.581,0,261,137.632,116.236,113.476,104.022,75.505,64.89,63.966,2301.694,2301.694,2301.694
-6.731,-3.619,0,43715.289,0,261,137.628,116.257,113.488,104.002,75.482,64.852,63.92,2301.702,2301.702,2301.702
-6.738,-3.691,0,43715.983,0,261,137.607,116.255,113.481,103.986,75.455,64.79,63.863,2301.682,2301.682,2301.682
-6.734,-3.754,0,43716.679,0,261,137.601,116.269,113.498,103.971,75.43,64.753,63.818,2301.684,2301.684,2301.684
-6.738,-3.827,0,43717.379,0,261,137.589,116.281,113.501,103.972,75.408,64.715,63.779,2301.695,2301.695,2301.695
-6.75,-3.891,0,43718.081,0,261,137.58,116.304,113.505,103.951,75.402,64.676,63.735,2301.697,2301.697,2301.697
-6.761,-3.965,0,43718.783,0,261,137.56,116.321,113.516,103.955,75.381,64.633,63.698,2301.705,2301.705,2301.705
-6.772,-4.026,0,43719.484,0,261,137.546,116.323,113.523,103.945,75.352,64.586,63.654,2301.698,2301.698,2301.698
-6.781,-4.084,0,43720.181,0,261,137.54,116.348,113.548,103.932,75.329,64.562,63.605,2301.71,2301.71,2301.71
-6.79,-4.139,0,43720.884,0,261,137.523,116.359,113.551,103.916,75.309,64.507,63.568,2301.706,2301.706,2301.706
-6.798,-4.209,0,43721.58,0,261,137.516,116.371,113.549,103.906,75.281,64.464,63.512,2301.7,2301.7,2301.7
-6.804,-4.271,0,43722.28,0,261,137.502,116.374,113.56,103.891,75.249,64.411,63.47,2301.697,2301.697,2301.697
-6.808,-4.342,0,43722.98,0,261,137.483,116.382,113.567,103.884,75.219,64.374,63.431,2301.69,2301.69,2301.69
-6.809,-4.401,0,43723.68,0,261,137.478,116.392,113.567,103.877,75.209,64.331,63.387,2301.694,2301.694,2301.694
-6.819,-4.461,0,43724.382,0,261,137.467,116.404,113.576,103.874,75.172,64.29,63.352,2301.7,2301.7,2301.7
-6.805,-4.5,0,43725.087,0,261,137.455,116.412,113.586,103.866,75.149,64.251,63.301,2301.702,2301.702,2301.702
-6.813,-4.541,0,43725.788,0,261,137.448,116.425,113.596,103.863,75.128,64.208,63.267,2301.711,2301.711,2301.711
-6.825,-4.583,0,43726.499,0,261,137.427,116.446,113.603,103.853,75.109,64.174,63.222,2301.713,2301.713,2301.713
-6.833,-4.633,0,43727.18,0,261,137.427,116.449,113.599,103.831,75.084,64.127,63.169,2301.708,2301.708,2301.708
-6.841,-4.677,0,43727.88,0,261,137.413,116.461,113.615,103.834,75.052,64.082,63.126,2301.713,2301.713,2301.713
-6.847,-4.726,0,43728.58,0,261,137.401,116.467,113.622,103.824,75.027,64.034,63.082,2301.708,2301.708,2301.708
-6.851,-4.765,0,43729.28,0,261,137.387,116.458,113.604,103.801,74.985,63.981,63.031,2301.692,2301.692,2301.692
-6.851,-4.792,0,43729.984,0,261,137.382,116.48,113.633,103.81,74.97,63.946,62.983,2301.713,2301.713,2301.713
-6.851,-4.825,0,43730.689,0,261,137.373,116.484,113.638,103.791,74.93,63.892,62.939,2301.696,2301.696,2301.696
-6.842,-4.856,0,43731.391,0,261,137.368,116.487,113.646,103.791,74.911,63.865,62.909,2301.707,2301.707,2301.707
-6.847,-4.901,0,43732.082,0,261,137.349,116.493,113.642,103.786,74.881,63.827,62.872,2301.71,2301.71,2301.71
-6.862,-4.933,0,43732.799,0,261,137.339,116.509,113.649,103.779,74.853,63.784,62.824,2301.703,2301.703,2301.703
-6.874,-4.968,0,43733.486,0,261,137.328,116.5,113.656,103.776,74.816,63.74,62.788,2301.701,2301.701,2301.701
-6.885,-5.019,0,43734.189,0,261,137.314,116.504,113.651,103.76,74.779,63.705,62.752,2301.694,2301.694,2301.694
-6.89,-5.036,0,43734.884,0,261,137.294,116.519,113.666,103.749,74.754,63.658,62.712,2301.7,2301.7,2301.7
-6.891,-5.034,0,43735.586,0,261,137.281,116.543,113.671,103.75,74.726,63.624,62.681,2301.701,2301.701,2301.701
-6.937,-5.236,0,43736.281,0,261,137.271,116.558,113.675,103.741,74.705,63.589,62.646,2301.704,2301.704,2301.704
-6.936,-5.202,0,43736.98,0,261,137.242,116.576,113.667,103.729,74.683,63.556,62.604,2301.697,2301.697,2301.697
-6.941,-5.224,0,43737.685,0,261,137.232,116.624,113.693,103.695,74.692,63.521,62.574,2301.713,2301.713,2301.713
-6.934,-5.163,0,43738.411,0,261,137.211,116.657,113.695,103.678,74.674,63.486,62.534,2301.711,2301.711,2301.711
-6.933,-5.11,0,43739.079,0,261,137.187,116.679,113.7,103.659,74.654,63.455,62.502,2301.71,2301.71,2301.71
-6.909,-5.045,0,43739.781,0,261,137.166,116.715,113.716,103.646,74.641,63.416,62.453,2301.706,2301.706,2301.706
-6.901,-4.986,0,43740.482,0,261,137.154,116.744,113.731,103.631,74.612,63.377,62.428,2301.709,2301.709,2301.709
-6.902,-4.927,0,43741.187,0,261,137.138,116.773,113.746,103.633,74.598,63.339,62.396,2301.71,2301.71,2301.71
-6.902,-4.858,0,43741.917,0,261,137.114,116.791,113.762,103.619,74.567,63.304,62.351,2301.713,2301.713,2301.713
-6.902,-4.793,0,43742.582,0,261,137.11,116.801,113.774,103.609,74.54,63.274,62.314,2301.712,2301.712,2301.712
-6.899,-4.737,0,43743.287,0,261,137.09,116.827,113.786,103.607,74.512,63.226,62.278,2301.715,2301.715,2301.715
-6.893,-4.67,0,43743.984,0,261,137.069,116.836,113.802,103.605,74.481,63.19,62.233,2301.7,2301.7,2301.7
-6.882,-4.606,0,43744.683,0,261,137.074,116.86,113.823,103.612,74.449,63.158,62.196,2301.717,2301.717,2301.717
-6.867,-4.539,0,43745.382,0,261,137.051,116.871,113.833,103.604,74.419,63.118,62.168,2301.709,2301.709,2301.709
-6.846,-4.466,0,43746.091,0,261,137.031,116.884,113.84,103.601,74.381,63.085,62.12,2301.702,2301.702,2301.702
-6.848,-4.389,0,43746.783,0,261,137.025,116.897,113.86,103.622,74.347,63.057,62.098,2301.71,2301.71,2301.71
-6.846,-4.297,0,43747.486,0,261,137.009,116.906,113.873,103.634,74.301,63.02,62.065,2301.714,2301.714,2301.714
-6.842,-4.219,0,43748.186,0,261,136.994,116.924,113.897,103.635,74.268,62.986,62.033,2301.713,2301.713,2301.713
-6.832,-4.156,0,43748.881,0,261,136.988,116.93,113.899,103.655,74.238,62.956,62.007,2301.716,2301.716,2301.716
-6.819,-4.091,0,43749.583,0,261,136.979,116.939,113.906,103.664,74.198,62.919,61.974,2301.718,2301.718,2301.718
-6.798,-4.011,0,43750.286,0,261,136.967,116.946,113.927,103.661,74.152,62.894,61.954,2301.71,2301.71,2301.71
-6.802,-3.932,0,43750.981,0,261,136.948,116.963,113.943,103.69,74.119,62.871,61.933,2301.713,2301.713,2301.713
-6.801,-3.859,0,43751.683,0,261,136.952,116.979,113.965,103.715,74.076,62.844,61.917,2301.724,2301.724,2301.724
-6.793,-3.794,0,43752.393,0,261,136.937,116.969,113.954,103.722,74.038,62.828,61.889,2301.717,2301.717,2301.717
-6.776,-3.724,0,43753.092,0,261,136.926,116.98,113.974,103.732,73.985,62.802,61.869,2301.709,2301.709,2301.709
-6.756,-3.662,0,43753.8,0,261,136.912,116.98,113.989,103.743,73.952,62.783,61.854,2301.712,2301.712,2301.712
-6.765,-3.61,0,43754.482,0,261,136.91,116.986,113.99,103.76,73.904,62.759,61.834,2301.705,2301.705,2301.705
-6.765,-3.56,0,43755.189,0,261,136.909,116.995,114.001,103.79,73.869,62.751,61.841,2301.72,2301.72,2301.72
-6.759,-3.514,0,43755.891,0,261,136.897,116.992,114.01,103.792,73.829,62.744,61.834,2301.714,2301.714,2301.714
-6.749,-3.487,0,43756.583,0,261,136.9,116.996,114.02,103.815,73.794,62.749,61.835,2301.719,2301.719,2301.719
-6.733,-3.45,0,43757.281,0,261,136.89,116.996,114.038,103.826,73.754,62.735,61.838,2301.716,2301.716,2301.716
-6.741,-3.434,0,43757.997,0,261,136.878,116.994,114.045,103.835,73.723,62.742,61.84,2301.724,2301.724,2301.724
-6.749,-3.434,0,43758.682,0,261,136.862,116.986,114.046,103.842,73.694,62.736,61.84,2301.709,2301.709,2301.709
-6.75,-3.413,0,43759.384,0,261,136.86,116.983,114.057,103.868,73.665,62.744,61.827,2301.716,2301.716,2301.716
-6.744,-3.39,0,43760.084,0,261,136.855,116.997,114.068,103.866,73.635,62.735,61.831,2301.72,2301.72,2301.72
-6.725,-3.343,0,43760.784,0,261,136.834,116.98,114.063,103.867,73.612,62.721,61.818,2301.704,2301.704,2301.704
-6.725,-3.32,0,43761.484,0,261,136.828,116.98,114.064,103.886,73.595,62.723,61.811,2301.712,2301.712,2301.712
-6.731,-3.277,0,43762.19,0,261,136.816,116.982,114.074,103.884,73.581,62.706,61.797,2301.709,2301.709,2301.709
-6.733,-3.227,0,43762.886,0,261,136.809,116.99,114.076,103.89,73.546,62.691,61.781,2301.704,2301.704,2301.704
-6.729,-3.18,0,43763.584,0,261,136.81,116.995,114.083,103.897,73.541,62.683,61.78,2301.719,2301.719,2301.719
-6.722,-3.141,0,43764.287,0,261,136.792,117.002,114.089,103.902,73.524,62.67,61.748,2301.714,2301.714,2301.714
-6.707,-3.109,0,43764.987,0,261,136.793,116.993,114.089,103.904,73.515,62.65,61.733,2301.713,2301.713,2301.713
-6.71,-3.054,0,43765.682,0,261,136.771,117.001,114.091,103.9,73.502,62.625,61.718,2301.702,2301.702,2301.702
-6.718,-3.01,0,43766.398,0,261,136.765,117.02,114.096,103.895,73.498,62.605,61.696,2301.708,2301.708,2301.708
-6.721,-2.938,0,43767.086,0,261,136.756,117.023,114.118,103.914,73.503,62.603,61.686,2301.723,2301.723,2301.723
-6.716,-2.853,0,43767.782,0,261,136.744,117.033,114.106,103.901,73.504,62.578,61.661,2301.717,2301.717,2301.717
-6.707,-2.768,0,43768.484,0,261,136.738,117.038,114.119,103.896,73.511,62.564,61.646,2301.719,2301.719,2301.719
-6.691,-2.666,0,43769.195,0,261,136.729,117.052,114.121,103.879,73.508,62.553,61.633,2301.72,2301.72,2301.72
-6.67,-2.559,0,43769.891,0,261,136.699,117.048,114.115,103.873,73.508,62.526,61.62,2301.711,2301.711,2301.711
-6.659,-2.457,0,43770.616,0,261,136.704,117.054,114.137,103.872,73.515,62.526,61.604,2301.724,2301.724,2301.724
-6.656,-2.352,0,43771.286,0,261,136.691,117.058,114.139,103.863,73.515,62.505,61.59,2301.719,2301.719,2301.719
-6.645,-2.235,0,43771.991,0,261,136.694,117.061,114.138,103.853,73.526,62.503,61.59,2301.719,2301.719,2301.719
-6.632,-2.109,0,43772.683,0,261,136.678,117.065,114.142,103.844,73.514,62.492,61.574,2301.717,2301.717,2301.717
-6.621,-2.006,0,43773.391,0,261,136.68,117.069,114.139,103.836,73.501,62.483,61.578,2301.715,2301.715,2301.715
-6.613,-1.924,0,43774.085,0,261,136.672,117.075,114.148,103.842,73.512,62.482,61.584,2301.727,2301.727,2301.727
-6.599,-1.826,0,43774.786,0,261,136.66,117.062,114.147,103.835,73.499,62.474,61.57,2301.712,2301.712,2301.712
-6.588,-1.738,0,43775.489,0,261,136.654,117.072,114.163,103.851,73.49,62.49,61.589,2301.727,2301.727,2301.727
-6.578,-1.668,0,43776.185,0,261,136.65,117.064,114.158,103.854,73.477,62.491,61.605,2301.722,2301.722,2301.722
-6.567,-1.6,0,43776.882,0,261,136.624,117.051,114.146,103.855,73.458,62.501,61.614,2301.705,2301.705,2301.705
-6.553,-1.526,0,43777.583,0,261,136.635,117.061,114.153,103.875,73.46,62.519,61.639,2301.722,2301.722,2301.722
-6.54,-1.458,0,43778.293,0,261,136.635,117.044,114.159,103.885,73.434,62.539,61.655,2301.719,2301.719,2301.719
-6.528,-1.389,0,43778.985,0,261,136.624,117.031,114.154,103.911,73.426,62.558,61.679,2301.72,2301.72,2301.72
-6.516,-1.321,0,43779.686,0,261,136.611,117.022,114.161,103.939,73.412,62.575,61.692,2301.715,2301.715,2301.715
-6.504,-1.259,0,43780.385,0,261,136.633,117.001,114.168,103.961,73.406,62.588,61.715,2301.731,2301.731,2301.731
-6.493,-1.206,0,43781.084,0,261,136.631,116.98,114.162,103.973,73.387,62.6,61.724,2301.727,2301.727,2301.727
-6.483,-1.135,0,43781.783,0,261,136.638,116.962,114.168,103.99,73.374,62.621,61.75,2301.731,2301.731,2301.731
-6.472,-1.087,0,43782.486,0,261,136.629,116.945,114.155,104.002,73.348,62.624,61.751,2301.716,2301.716,2301.716
-6.461,-1.024,0,43783.188,0,261,136.625,116.933,114.15,104.013,73.349,62.648,61.772,2301.723,2301.723,2301.723
-6.454,-0.978,0,43783.891,0,261,136.64,116.908,114.146,104.023,73.343,62.658,61.786,2301.727,2301.727,2301.727
-6.435,-0.921,0,43784.586,0,261,136.616,116.89,114.135,104.022,73.327,62.669,61.797,2301.719,2301.719,2301.719
-6.427,-0.881,0,43785.284,0,261,136.622,116.874,114.14,104.045,73.325,62.679,61.809,2301.724,2301.724,2301.724
-6.415,-0.818,0,43785.984,0,261,136.628,116.855,114.126,104.048,73.333,62.703,61.824,2301.728,2301.728,2301.728
-6.415,-0.777,0,43786.684,0,261,136.617,116.831,114.117,104.047,73.312,62.7,61.829,2301.713,2301.713,2301.713
-6.417,-0.74,0,43787.385,0,261,136.623,116.808,114.108,104.057,73.319,62.714,61.853,2301.721,2301.721,2301.721
-6.414,-0.698,0,43788.097,0,261,136.61,116.801,114.102,104.051,73.317,62.729,61.851,2301.723,2301.723,2301.723
-6.413,-0.66,0,43788.786,0,261,136.628,116.791,114.089,104.065,73.33,62.748,61.865,2301.736,2301.736,2301.736
-6.41,-0.619,0,43789.485,0,261,136.624,116.761,114.094,104.063,73.327,62.749,61.879,2301.731,2301.731,2301.731
-6.401,-0.576,0,43790.191,0,261,136.628,116.745,114.081,104.06,73.336,62.761,61.896,2301.732,2301.732,2301.732
-6.394,-0.546,0,43790.884,0,261,136.616,116.721,114.067,104.057,73.332,62.76,61.908,2301.722,2301.722,2301.722
-6.385,-0.516,0,43791.587,0,261,136.623,116.718,114.058,104.066,73.347,62.798,61.913,2301.734,2301.734,2301.734
-6.369,-0.478,0,43792.288,0,261,136.622,116.673,114.03,104.063,73.344,62.787,61.922,2301.719,2301.719,2301.719
-6.367,-0.425,0,43792.987,0,261,136.614,116.659,114.022,104.055,73.348,62.798,61.939,2301.72,2301.72,2301.72
-6.369,-0.384,0,43793.69,0,261,136.608,116.65,114.012,104.046,73.357,62.815,61.955,2301.717,2301.717,2301.717
-6.367,-0.34,0,43794.383,0,261,136.617,116.629,114.006,104.062,73.369,62.844,61.981,2301.729,2301.729,2301.729
-6.359,-0.296,0,43795.099,0,261,136.617,116.611,113.991,104.054,73.387,62.86,62.006,2301.735,2301.735,2301.735
-6.349,-0.261,0,43795.792,0,261,136.633,116.583,113.974,104.044,73.389,62.881,62.027,2301.721,2301.721,2301.721
-6.333,-0.228,0,43796.484,0,261,136.62,116.561,113.963,104.04,73.398,62.903,62.06,2301.721,2301.721,2301.721
-6.329,-0.199,0,43797.188,0,261,136.623,116.545,113.947,104.046,73.419,62.951,62.113,2301.736,2301.736,2301.736
-6.333,-0.165,0,43797.916,0,261,136.632,116.515,113.939,104.053,73.432,62.991,62.156,2301.74,2301.74,2301.74
-6.334,-0.142,0,43798.598,0,261,136.621,116.493,113.917,104.045,73.439,63.015,62.19,2301.727,2301.727,2301.727
-6.332,-0.121,0,43799.301,0,261,136.623,116.455,113.895,104.047,73.458,63.045,62.229,2301.724,2301.724,2301.724
-6.321,-0.102,0,43799.991,0,261,136.634,116.441,113.886,104.052,73.483,63.105,62.287,2301.742,2301.742,2301.742
-6.309,-0.093,0,43800.685,0,261,136.616,116.415,113.861,104.042,73.491,63.14,62.336,2301.727,2301.727,2301.727
-6.323,-0.087,0,43801.388,0,261,136.637,116.389,113.852,104.057,73.527,63.19,62.377,2301.735,2301.735,2301.735
-6.329,-0.083,0,43802.092,0,261,136.623,116.358,113.833,104.068,73.531,63.234,62.42,2301.734,2301.734,2301.734
-6.33,-0.082,0,43802.785,0,261,136.632,116.329,113.815,104.054,73.564,63.279,62.466,2301.738,2301.738,2301.738
-6.323,-0.082,0,43803.501,0,261,136.629,116.318,113.792,104.053,73.573,63.318,62.512,2301.728,2301.728,2301.728
-6.309,-0.078,0,43804.185,0,261,136.633,116.28,113.779,104.052,73.595,63.357,62.56,2301.729,2301.729,2301.729
-6.309,-0.076,0,43804.885,0,261,136.621,116.261,113.765,104.051,73.615,63.412,62.603,2301.729,2301.729,2301.729
-6.316,-0.073,0,43805.591,0,261,136.637,116.237,113.74,104.045,73.644,63.456,62.654,2301.738,2301.738,2301.738
-6.319,-0.072,0,43806.287,0,261,136.637,116.224,113.731,104.051,73.669,63.502,62.697,2301.742,2301.742,2301.742
-6.315,-0.07,0,43806.985,0,261,136.631,116.19,113.704,104.043,73.685,63.531,62.737,2301.73,2301.73,2301.73
-6.303,-0.066,0,43807.688,0,261,136.627,116.178,113.69,104.039,73.713,63.582,62.78,2301.738,2301.738,2301.738
-6.288,-0.061,0,43808.401,0,261,136.64,116.152,113.672,104.032,73.734,63.627,62.823,2301.741,2301.741,2301.741
-6.296,-0.057,0,43809.085,0,261,136.638,116.131,113.658,104.028,73.76,63.66,62.87,2301.742,2301.742,2301.742
-6.297,-0.052,0,43809.786,0,261,136.638,116.107,113.628,104.024,73.779,63.704,62.903,2301.739,2301.739,2301.739
-6.287,-0.048,0,43810.486,0,261,136.634,116.082,113.601,104.013,73.807,63.745,62.953,2301.733,2301.733,2301.733
-6.266,-0.042,0,43811.197,0,261,136.631,116.068,113.593,104.013,73.818,63.787,62.994,2301.74,2301.74,2301.74
-6.268,-0.037,0,43811.892,0,261,136.635,116.036,113.583,104.012,73.853,63.825,63.039,2301.738,2301.738,2301.738
-6.272,-0.031,0,43812.596,0,261,136.639,116.013,113.549,104.028,73.881,63.887,63.091,2301.748,2301.748,2301.748
-6.261,-0.029,0,43813.287,0,261,136.625,115.974,113.531,104.035,73.896,63.909,63.125,2301.733,2301.733,2301.733
-6.232,-0.028,0,43813.986,0,261,136.637,115.948,113.519,104.041,73.918,63.967,63.208,2301.735,2301.735,2301.735
-6.224,-0.029,0,43814.689,0,261,136.646,115.918,113.496,104.068,73.938,64.046,63.336,2301.747,2301.747,2301.747
-6.217,-0.029,0,43815.386,0,261,136.643,115.889,113.489,104.064,73.971,64.152,63.467,2301.755,2301.755,2301.755
-6.192,-0.029,0,43816.089,0,261,136.646,115.864,113.467,104.071,73.987,64.264,63.604,2301.755,2301.755,2301.755
-6.171,-0.029,0,43816.787,0,261,136.631,115.814,113.427,104.073,74.003,64.378,63.736,2301.731,2301.731,2301.731
-6.166,-0.029,0,43817.487,0,261,136.64,115.796,113.4,104.073,74.034,64.513,63.876,2301.737,2301.737,2301.737
-6.146,-0.029,0,43818.208,0,261,136.646,115.765,113.393,104.077,74.065,64.655,64.033,2301.746,2301.746,2301.746
-6.119,-0.03,0,43818.891,0,261,136.644,115.738,113.375,104.071,74.096,64.795,64.187,2301.745,2301.745,2301.745
-6.12,-0.029,0,43819.589,0,261,136.643,115.709,113.342,104.077,74.144,64.926,64.32,2301.739,2301.739,2301.739
-6.104,-0.029,0,43820.291,0,261,136.636,115.677,113.313,104.068,74.181,65.06,64.458,2301.722,2301.722,2301.722
-6.074,-0.03,0,43820.987,0,261,136.636,115.657,113.299,104.073,74.235,65.205,64.61,2301.735,2301.735,2301.735
-6.074,-0.03,0,43821.703,0,261,136.652,115.642,113.288,104.075,74.296,65.351,64.766,2301.751,2301.751,2301.751
-6.064,-0.029,0,43822.39,0,261,136.639,115.617,113.257,104.059,74.356,65.488,64.905,2301.744,2301.744,2301.744
-6.045,-0.029,0,43823.093,0,261,136.64,115.587,113.239,104.052,74.412,65.636,65.046,2301.741,2301.741,2301.741
-6.025,-0.03,0,43823.787,0,261,136.643,115.558,113.219,104.055,74.478,65.768,65.2,2301.752,2301.752,2301.752
-6.028,-0.03,0,43824.486,0,261,136.621,115.529,113.184,104.04,74.541,65.89,65.32,2301.727,2301.727,2301.727
-6.028,-0.029,0,43825.186,0,261,136.645,115.504,113.172,104.042,74.615,66.043,65.458,2301.753,2301.753,2301.753
-6.02,-0.029,0,43825.901,0,261,136.64,115.485,113.142,104.039,74.683,66.162,65.597,2301.747,2301.747,2301.747
-6.003,-0.029,0,43826.615,0,261,136.635,115.453,113.123,104.027,74.753,66.289,65.736,2301.742,2301.742,2301.742
-6.012,-0.029,0,43827.288,0,261,136.638,115.436,113.106,104.029,74.839,66.434,65.868,2301.745,2301.745,2301.745
-6.016,-0.029,0,43828.019,0,261,136.642,115.407,113.082,104.018,74.909,66.564,66.004,2301.744,2301.744,2301.744
