pos,load,Var3,time,Var5,Var6,T_oven,T_Cu1,T_Cu2,T_Inco1,T_Inco2,T_Cu3,T_Cu4,Var14,Var15,Var16
-5.989,-0.021,0,40698.16,0,261,150.487,117.121,115.094,107.589,77.951,71.207,70.675,2300.49,2300.49,2300.49
-6.004,-0.021,0,40698.845,0,261,150.473,117.092,115.062,107.574,78.016,71.281,70.763,2300.489,2300.489,2300.489
-6.003,-0.021,0,40699.545,0,261,150.486,117.06,115.036,107.574,78.073,71.36,70.831,2300.486,2300.486,2300.486
-6.004,-0.021,0,40700.245,0,261,150.475,117.02,115.005,107.556,78.142,71.451,70.919,2300.486,2300.486,2300.486
-5.985,-0.02,0,40700.945,0,261,150.483,116.98,114.977,107.55,78.207,71.522,70.999,2300.482,2300.482,2300.482
-5.99,-0.02,0,40701.644,0,261,150.496,116.951,114.947,107.532,78.275,71.61,71.084,2300.494,2300.494,2300.494
-5.986,-0.021,0,40702.351,0,261,150.489,116.928,114.922,107.521,78.338,71.683,71.168,2300.481,2300.481,2300.481
-5.998,-0.02,0,40703.045,0,261,150.507,116.903,114.903,107.52,78.405,71.775,71.246,2300.496,2300.496,2300.496
-6.009,-0.021,0,40703.745,0,261,150.497,116.867,114.856,107.501,78.478,71.846,71.329,2300.479,2300.479,2300.479
-6.027,-0.021,0,40704.451,0,261,150.517,116.829,114.842,107.502,78.536,71.921,71.403,2300.488,2300.488,2300.488
-6.033,-0.021,0,40705.156,0,261,150.505,116.798,114.803,107.484,78.6,72.001,71.474,2300.479,2300.479,2300.479
-6.055,-0.021,0,40705.845,0,261,150.512,116.778,114.787,107.472,78.648,72.076,71.552,2300.479,2300.479,2300.479
-6.06,-0.021,0,40706.546,0,261,150.524,116.759,114.77,107.476,78.721,72.158,71.632,2300.496,2300.496,2300.496
-6.091,-0.02,0,40707.246,0,261,150.525,116.72,114.729,107.457,78.786,72.228,71.688,2300.49,2300.49,2300.49
-6.095,-0.021,0,40707.946,0,261,150.525,116.685,114.706,107.452,78.848,72.292,71.742,2300.493,2300.493,2300.493
-6.111,-0.021,0,40708.653,0,261,150.524,116.665,114.675,107.446,78.903,72.337,71.79,2300.482,2300.482,2300.482
-6.123,-0.02,0,40709.347,0,261,150.53,116.635,114.653,107.439,78.967,72.407,71.851,2300.492,2300.492,2300.492
-6.123,-0.021,0,40710.052,0,261,150.536,116.612,114.63,107.441,79.028,72.451,71.889,2300.504,2300.504,2300.504
-6.153,-0.022,0,40710.748,0,261,150.523,116.575,114.597,107.425,79.082,72.486,71.904,2300.484,2300.484,2300.484
-6.16,-0.021,0,40711.452,0,261,150.534,116.55,114.582,107.414,79.148,72.513,71.924,2300.494,2300.494,2300.494
-6.17,-0.025,0,40712.147,0,261,150.534,116.532,114.555,107.415,79.197,72.542,71.912,2300.503,2300.503,2300.503
-6.185,-0.036,0,40712.845,0,261,150.539,116.491,114.525,107.383,79.24,72.53,71.867,2300.492,2300.492,2300.492
-6.18,-0.047,0,40713.545,0,261,150.534,116.469,114.489,107.379,79.29,72.504,71.816,2300.485,2300.485,2300.485
-6.192,-0.056,0,40714.247,0,261,150.538,116.463,114.472,107.379,79.339,72.452,71.772,2300.495,2300.495,2300.495
-6.21,-0.069,0,40714.946,0,261,150.531,116.454,114.45,107.364,79.377,72.419,71.708,2300.489,2300.489,2300.489
-6.206,-0.08,0,40715.646,0,261,150.506,116.451,114.425,107.347,79.417,72.366,71.65,2300.485,2300.485,2300.485
-6.228,-0.082,0,40716.345,0,261,150.483,116.485,114.407,107.358,79.45,72.32,71.592,2300.493,2300.493,2300.493
-6.237,-0.099,0,40717.046,0,261,150.45,116.546,114.386,107.348,79.489,72.271,71.525,2300.494,2300.494,2300.494
-6.221,-0.104,0,40717.747,0,261,150.382,116.653,114.381,107.335,79.51,72.209,71.447,2300.495,2300.495,2300.495
-6.236,-0.103,0,40718.446,0,261,150.312,116.77,114.367,107.322,79.528,72.134,71.371,2300.489,2300.489,2300.489
-6.24,-0.107,0,40719.148,0,261,150.27,116.875,114.371,107.314,79.558,72.062,71.29,2300.489,2300.489,2300.489
-6.231,-0.11,0,40719.847,0,261,150.24,116.974,114.378,107.296,79.569,71.994,71.206,2300.492,2300.492,2300.492
-6.235,-0.111,0,40720.548,0,261,150.199,117.052,114.41,107.288,79.595,71.922,71.118,2300.5,2300.5,2300.5
-6.242,-0.115,0,40721.247,0,261,150.168,117.129,114.432,107.289,79.584,71.858,71.049,2300.504,2300.504,2300.504
-6.23,-0.119,0,40721.946,0,261,150.137,117.194,114.465,107.274,79.583,71.765,70.965,2300.5,2300.5,2300.5
-6.236,-0.124,0,40722.647,0,261,150.11,117.252,114.487,107.283,79.57,71.695,70.891,2300.499,2300.499,2300.499
-6.245,-0.126,0,40723.347,0,261,150.073,117.309,114.512,107.269,79.554,71.606,70.801,2300.481,2300.481,2300.481
-6.239,-0.13,0,40724.052,0,261,150.049,117.376,114.544,107.274,79.543,71.547,70.719,2300.493,2300.493,2300.493
-6.228,-0.133,0,40724.747,0,261,150.032,117.424,114.583,107.262,79.532,71.459,70.64,2300.487,2300.487,2300.487
-6.247,-0.14,0,40725.447,0,261,149.989,117.471,114.624,107.284,79.499,71.395,70.57,2300.493,2300.493,2300.493
-6.252,-0.146,0,40726.146,0,261,149.973,117.528,114.672,107.282,79.491,71.318,70.489,2300.496,2300.496,2300.496
-6.246,-0.155,0,40726.85,0,261,149.945,117.571,114.704,107.293,79.454,71.238,70.414,2300.496,2300.496,2300.496
-6.26,-0.178,0,40727.548,0,261,149.921,117.615,114.741,107.31,79.431,71.155,70.321,2300.49,2300.49,2300.49
-6.278,-0.211,0,40728.253,0,261,149.884,117.659,114.776,107.315,79.395,71.077,70.229,2300.485,2300.485,2300.485
-6.279,-0.247,0,40728.947,0,261,149.875,117.715,114.829,107.341,79.373,71.005,70.15,2300.5,2300.5,2300.5
-6.282,-0.283,0,40729.647,0,261,149.848,117.761,114.864,107.351,79.352,70.918,70.054,2300.5,2300.5,2300.5
-6.308,-0.323,0,40730.348,0,261,149.801,117.807,114.896,107.364,79.321,70.823,69.948,2300.487,2300.487,2300.487
-6.309,-0.365,0,40731.054,0,261,149.781,117.866,114.937,107.372,79.296,70.728,69.843,2300.486,2300.486,2300.486
-6.321,-0.41,0,40731.746,0,261,149.764,117.924,114.983,107.404,79.275,70.622,69.726,2300.497,2300.497,2300.497
-6.337,-0.452,0,40732.462,0,261,149.737,117.996,115.027,107.406,79.265,70.529,69.603,2300.502,2300.502,2300.502
-6.327,-0.502,0,40733.147,0,261,149.701,118.04,115.058,107.419,79.239,70.401,69.478,2300.488,2300.488,2300.488
-6.353,-0.545,0,40733.85,0,261,149.681,118.104,115.115,107.455,79.229,70.3,69.371,2300.51,2300.51,2300.51
-6.36,-0.594,0,40734.548,0,261,149.657,118.163,115.15,107.468,79.198,70.189,69.247,2300.503,2300.503,2300.503
-6.357,-0.643,0,40735.257,0,261,149.623,118.221,115.188,107.476,79.172,70.069,69.136,2300.488,2300.488,2300.488
-6.383,-0.695,0,40735.948,0,261,149.606,118.287,115.248,107.502,79.16,69.97,69.034,2300.506,2300.506,2300.506
-6.376,-0.741,0,40736.648,0,261,149.582,118.325,115.295,107.518,79.138,69.856,68.915,2300.494,2300.494,2300.494
-6.398,-0.79,0,40737.347,0,261,149.55,118.391,115.331,107.542,79.115,69.752,68.802,2300.5,2300.5,2300.5
-6.402,-0.842,0,40738.054,0,261,149.522,118.459,115.388,107.557,79.101,69.649,68.686,2300.499,2300.499,2300.499
-6.411,-0.896,0,40738.751,0,261,149.496,118.524,115.432,107.581,79.073,69.536,68.563,2300.499,2300.499,2300.499
-6.424,-0.939,0,40739.447,0,261,149.465,118.585,115.471,107.593,79.054,69.424,68.46,2300.5,2300.5,2300.5
-6.418,-0.987,0,40740.151,0,261,149.432,118.636,115.513,107.61,79.02,69.313,68.34,2300.491,2300.491,2300.491
-6.445,-1.043,0,40740.849,0,261,149.407,118.701,115.567,107.616,78.999,69.199,68.22,2300.494,2300.494,2300.494
-6.433,-1.094,0,40741.548,0,261,149.371,118.764,115.625,107.642,78.989,69.106,68.121,2300.509,2300.509,2300.509
-6.46,-1.144,0,40742.252,0,261,149.351,118.834,115.662,107.651,78.943,68.984,67.995,2300.5,2300.5,2300.5
-6.449,-1.204,0,40742.961,0,261,149.323,118.89,115.717,107.649,78.91,68.877,67.876,2300.501,2300.501,2300.501
-6.477,-1.273,0,40743.647,0,261,149.294,118.961,115.766,107.65,78.85,68.763,67.761,2300.504,2300.504,2300.504
-6.465,-1.341,0,40744.353,0,261,149.252,119.025,115.818,107.647,78.787,68.641,67.637,2300.499,2300.499,2300.499
-6.493,-1.414,0,40745.051,0,261,149.245,119.105,115.875,107.656,78.723,68.526,67.519,2300.515,2300.515,2300.515
-6.485,-1.49,0,40745.75,0,261,149.2,119.165,115.923,107.652,78.639,68.396,67.368,2300.502,2300.502,2300.502
-6.507,-1.573,0,40746.449,0,261,149.168,119.241,115.962,107.635,78.55,68.266,67.237,2300.491,2300.491,2300.491
-6.502,-1.652,0,40747.172,0,261,149.137,119.319,116.015,107.645,78.453,68.143,67.108,2300.492,2300.492,2300.492
-6.522,-1.734,0,40747.849,0,261,149.108,119.382,116.066,107.645,78.358,68.013,66.985,2300.487,2300.487,2300.487
-6.519,-1.818,0,40748.553,0,261,149.092,119.471,116.138,107.653,78.259,67.902,66.874,2300.517,2300.517,2300.517
-6.538,-1.902,0,40749.249,0,261,149.059,119.527,116.181,107.655,78.148,67.768,66.742,2300.499,2300.499,2300.499
-6.537,-1.98,0,40749.948,0,261,149.037,119.605,116.247,107.673,78.048,67.66,66.636,2300.521,2300.521,2300.521
-6.55,-2.051,0,40750.651,0,261,149.006,119.665,116.299,107.685,77.922,67.54,66.501,2300.504,2300.504,2300.504
-6.556,-2.136,0,40751.354,0,261,148.983,119.724,116.345,107.69,77.816,67.412,66.393,2300.506,2300.506,2300.506
-6.558,-2.202,0,40752.051,0,261,148.966,119.787,116.412,107.699,77.703,67.303,66.291,2300.509,2300.509,2300.509
-6.571,-2.27,0,40752.749,0,261,148.942,119.841,116.457,107.699,77.591,67.188,66.155,2300.499,2300.499,2300.499
-6.563,-2.345,0,40753.455,0,261,148.923,119.899,116.513,107.716,77.484,67.073,66.056,2300.51,2300.51,2300.51
-6.583,-2.35,0,40754.15,0,261,148.9,119.944,116.576,107.721,77.378,66.958,65.942,2300.51,2300.51,2300.51
-6.56,-2.37,0,40754.848,0,261,148.881,120,116.625,107.74,77.269,66.852,65.834,2300.514,2300.514,2300.514
-6.59,-2.447,0,40755.564,0,261,148.853,120.044,116.675,107.733,77.161,66.738,65.716,2300.501,2300.501,2300.501
-6.591,-2.529,0,40756.253,0,261,148.835,120.091,116.733,107.762,77.066,66.625,65.607,2300.502,2300.502,2300.502
-6.601,-2.593,0,40756.948,0,261,148.819,120.15,116.779,107.772,76.956,66.508,65.499,2300.503,2300.503,2300.503
-6.612,-2.644,0,40757.649,0,261,148.8,120.21,116.823,107.787,76.869,66.408,65.392,2300.507,2300.507,2300.507
-6.599,-2.706,0,40758.35,0,261,148.784,120.251,116.877,107.799,76.769,66.297,65.284,2300.51,2300.51,2300.51
-6.628,-2.767,0,40759.05,0,261,148.754,120.295,116.925,107.811,76.666,66.199,65.166,2300.503,2300.503,2300.503
-6.623,-2.829,0,40759.748,0,261,148.739,120.34,116.967,107.81,76.567,66.076,65.063,2300.501,2300.501,2300.501
-6.635,-2.888,0,40760.451,0,261,148.718,120.381,117.01,107.823,76.473,65.977,64.951,2300.495,2300.495,2300.495
-6.648,-2.944,0,40761.15,0,261,148.709,120.427,117.072,107.83,76.386,65.868,64.837,2300.509,2300.509,2300.509
-6.634,-2.993,0,40761.849,0,261,148.696,120.47,117.12,107.862,76.316,65.755,64.725,2300.519,2300.519,2300.519
-6.659,-3.048,0,40762.553,0,261,148.683,120.507,117.163,107.878,76.216,65.642,64.612,2300.517,2300.517,2300.517
-6.668,-3.107,0,40763.267,0,261,148.658,120.528,117.203,107.888,76.123,65.529,64.498,2300.504,2300.504,2300.504
-6.656,-3.17,0,40763.973,0,261,148.652,120.567,117.248,107.909,76.059,65.406,64.395,2300.51,2300.51,2300.51
-6.68,-3.222,0,40764.653,0,261,148.646,120.614,117.286,107.946,75.982,65.31,64.293,2300.523,2300.523,2300.523
-6.692,-3.27,0,40765.351,0,261,148.619,120.649,117.324,107.96,75.9,65.193,64.193,2300.515,2300.515,2300.515
-6.684,-3.315,0,40766.054,0,261,148.606,120.687,117.365,107.985,75.824,65.103,64.088,2300.517,2300.517,2300.517
-6.696,-3.364,0,40766.761,0,261,148.585,120.73,117.402,108.007,75.748,64.992,63.992,2300.508,2300.508,2300.508
-6.713,-3.42,0,40767.452,0,261,148.569,120.772,117.446,108.03,75.682,64.904,63.909,2300.509,2300.509,2300.509
-6.712,-3.479,0,40768.152,0,261,148.557,120.82,117.472,108.056,75.611,64.817,63.819,2300.503,2300.503,2300.503
-6.705,-3.549,0,40768.86,0,261,148.528,120.862,117.518,108.09,75.547,64.731,63.732,2300.504,2300.504,2300.504
-6.731,-3.611,0,40769.548,0,261,148.519,120.919,117.561,108.118,75.483,64.656,63.654,2300.517,2300.517,2300.517
-6.74,-3.676,0,40770.258,0,261,148.497,120.953,117.601,108.139,75.426,64.581,63.575,2300.522,2300.522,2300.522
-6.736,-3.737,0,40770.956,0,261,148.481,120.987,117.639,108.155,75.352,64.492,63.492,2300.514,2300.514,2300.514
-6.732,-3.808,0,40771.654,0,261,148.465,121.035,117.675,108.18,75.282,64.415,63.422,2300.516,2300.516,2300.516
-6.756,-3.878,0,40772.355,0,261,148.453,121.087,117.721,108.214,75.23,64.338,63.344,2300.52,2300.52,2300.52
-6.767,-3.941,0,40773.057,0,261,148.432,121.12,117.748,108.228,75.171,64.258,63.257,2300.51,2300.51,2300.51
-6.768,-3.997,0,40773.75,0,261,148.414,121.171,117.793,108.253,75.11,64.184,63.187,2300.526,2300.526,2300.526
-6.757,-4.043,0,40774.45,0,261,148.384,121.208,117.827,108.262,75.043,64.097,63.104,2300.51,2300.51,2300.51
-6.776,-4.094,0,40775.15,0,261,148.37,121.258,117.872,108.29,74.979,64.017,63.029,2300.512,2300.512,2300.512
-6.791,-4.152,0,40775.851,0,261,148.348,121.302,117.908,108.302,74.932,63.937,62.952,2300.504,2300.504,2300.504
-6.796,-4.206,0,40776.551,0,261,148.342,121.36,117.965,108.334,74.89,63.88,62.877,2300.529,2300.529,2300.529
-6.792,-4.274,0,40777.256,0,261,148.325,121.415,117.993,108.363,74.85,63.808,62.81,2300.533,2300.533,2300.533
-6.786,-4.34,0,40777.976,0,261,148.298,121.456,118.033,108.381,74.795,63.722,62.725,2300.518,2300.518,2300.518
-6.807,-4.426,0,40778.65,0,261,148.276,121.495,118.06,108.402,74.736,63.645,62.653,2300.51,2300.51,2300.51
-6.819,-4.486,0,40779.351,0,261,148.259,121.53,118.109,108.434,74.681,63.57,62.574,2300.51,2300.51,2300.51
-6.823,-4.514,0,40780.051,0,261,148.249,121.566,118.147,108.457,74.63,63.503,62.495,2300.514,2300.514,2300.514
-6.819,-4.56,0,40780.75,0,261,148.243,121.611,118.197,108.486,74.587,63.428,62.425,2300.517,2300.517,2300.517
-6.81,-4.614,0,40781.451,0,261,148.214,121.644,118.221,108.5,74.55,63.341,62.355,2300.503,2300.503,2300.503
-6.827,-4.658,0,40782.152,0,261,148.194,121.669,118.257,108.529,74.504,63.274,62.267,2300.496,2300.496,2300.496
-6.837,-4.696,0,40782.852,0,261,148.194,121.718,118.295,108.561,74.48,63.212,62.222,2300.526,2300.526,2300.526
-6.846,-4.733,0,40783.565,0,261,148.176,121.748,118.346,108.597,74.434,63.148,62.151,2300.518,2300.518,2300.518
-6.849,-4.782,0,40784.251,0,261,148.147,121.773,118.37,108.608,74.388,63.071,62.074,2300.498,2300.498,2300.498
-6.843,-4.823,0,40784.952,0,261,148.15,121.827,118.419,108.647,74.367,63.017,62.02,2300.522,2300.522,2300.522
-6.836,-4.863,0,40785.653,0,261,148.149,121.862,118.459,108.682,74.335,62.949,61.967,2300.528,2300.528,2300.528
-6.854,-4.905,0,40786.352,0,261,148.12,121.89,118.481,108.696,74.307,62.888,61.907,2300.517,2300.517,2300.517
-6.867,-4.953,0,40787.051,0,261,148.104,121.927,118.521,108.729,74.29,62.841,61.838,2300.514,2300.514,2300.514
-6.875,-4.996,0,40787.755,0,261,148.084,121.964,118.548,108.742,74.251,62.77,61.779,2300.515,2300.515,2300.515
-6.874,-5.04,0,40788.451,0,261,148.084,121.999,118.593,108.784,74.238,62.723,61.749,2300.532,2300.532,2300.532
-6.866,-5.04,0,40789.153,0,261,148.078,122.041,118.626,108.798,74.207,62.675,61.69,2300.529,2300.529,2300.529
-6.856,-5.04,0,40789.855,0,261,148.05,122.077,118.66,108.819,74.179,62.622,61.635,2300.522,2300.522,2300.522
-6.879,-5.068,0,40790.553,0,261,148.038,122.119,118.694,108.827,74.149,62.569,61.577,2300.522,2300.522,2300.522
-6.927,-5.159,0,40791.255,0,261,148.021,122.149,118.722,108.84,74.122,62.522,61.539,2300.52,2300.52,2300.52
-6.929,-5.154,0,40791.951,0,261,147.992,122.209,118.753,108.796,74.135,62.467,61.478,2300.51,2300.51,2300.51
-6.926,-5.126,0,40792.65,0,261,147.965,122.303,118.798,108.786,74.193,62.43,61.445,2300.541,2300.541,2300.541
-6.906,-5.06,0,40793.354,0,261,147.951,122.382,118.842,108.752,74.229,62.386,61.397,2300.543,2300.543,2300.543
-6.913,-5.018,0,40794.052,0,261,147.9,122.436,118.866,108.721,74.226,62.328,61.341,2300.515,2300.515,2300.515
-6.912,-4.959,0,40794.752,0,261,147.861,122.498,118.906,108.701,74.227,62.289,61.294,2300.518,2300.518,2300.518
-6.908,-4.896,0,40795.452,0,261,147.867,122.568,118.943,108.693,74.233,62.26,61.268,2300.541,2300.541,2300.541
-6.898,-4.837,0,40796.157,0,261,147.826,122.604,118.985,108.662,74.199,62.196,61.214,2300.506,2300.506,2300.506
-6.884,-4.787,0,40796.861,0,261,147.821,122.667,119.045,108.66,74.198,62.177,61.2,2300.534,2300.534,2300.534
-6.866,-4.728,0,40797.552,0,261,147.801,122.707,119.085,108.666,74.146,62.155,61.159,2300.525,2300.525,2300.525
-6.865,-4.653,0,40798.254,0,261,147.782,122.765,119.116,108.657,74.126,62.126,61.13,2300.527,2300.527,2300.527
-6.868,-4.598,0,40798.962,0,261,147.778,122.8,119.17,108.658,74.091,62.096,61.111,2300.532,2300.532,2300.532
-6.865,-4.535,0,40799.658,0,261,147.761,122.854,119.212,108.66,74.046,62.076,61.088,2300.534,2300.534,2300.534
-6.857,-4.456,0,40800.354,0,261,147.737,122.892,119.24,108.659,73.997,62.038,61.062,2300.526,2300.526,2300.526
-6.847,-4.388,0,40801.054,0,261,147.735,122.938,119.301,108.673,73.974,62.027,61.049,2300.545,2300.545,2300.545
-6.835,-4.328,0,40801.751,0,261,147.695,122.946,119.315,108.678,73.899,61.988,61.012,2300.507,2300.507,2300.507
-6.823,-4.264,0,40802.454,0,261,147.7,122.996,119.364,108.694,73.864,61.974,60.997,2300.527,2300.527,2300.527
-6.813,-4.186,0,40803.152,0,261,147.674,123.043,119.392,108.724,73.813,61.961,60.982,2300.535,2300.535,2300.535
-6.795,-4.1,0,40803.855,0,261,147.667,123.081,119.442,108.73,73.769,61.935,60.96,2300.534,2300.534,2300.534
-6.788,-4.03,0,40804.559,0,261,147.65,123.104,119.479,108.748,73.714,61.909,60.93,2300.523,2300.523,2300.523
-6.794,-3.975,0,40805.253,0,261,147.634,123.139,119.508,108.77,73.664,61.883,60.912,2300.516,2300.516,2300.516
-6.79,-3.937,0,40805.969,0,261,147.63,123.176,119.556,108.787,73.607,61.866,60.902,2300.531,2300.531,2300.531
-6.787,-3.898,0,40806.66,0,261,147.624,123.212,119.591,108.826,73.562,61.851,60.881,2300.533,2300.533,2300.533
-6.78,-3.829,0,40807.357,0,261,147.609,123.24,119.623,108.852,73.514,61.826,60.867,2300.538,2300.538,2300.538
-6.773,-3.76,0,40808.066,0,261,147.585,123.271,119.653,108.868,73.47,61.814,60.85,2300.529,2300.529,2300.529
-6.768,-3.713,0,40808.754,0,261,147.574,123.292,119.679,108.893,73.408,61.781,60.837,2300.52,2300.52,2300.52
-6.763,-3.673,0,40809.452,0,261,147.576,123.33,119.723,108.921,73.375,61.775,60.832,2300.531,2300.531,2300.531
-6.756,-3.632,0,40810.154,0,261,147.566,123.356,119.759,108.951,73.338,61.754,60.807,2300.532,2300.532,2300.532
-6.75,-3.59,0,40810.856,0,261,147.545,123.371,119.782,108.974,73.299,61.738,60.788,2300.514,2300.514,2300.514
-6.747,-3.591,0,40811.553,0,261,147.535,123.39,119.803,108.996,73.255,61.725,60.776,2300.512,2300.512,2300.512
-6.744,-3.561,0,40812.263,0,261,147.524,123.417,119.845,109.035,73.227,61.707,60.758,2300.52,2300.52,2300.52
-6.739,-3.533,0,40812.954,0,261,147.526,123.443,119.873,109.077,73.209,61.698,60.73,2300.531,2300.531,2300.531
-6.728,-3.492,0,40813.659,0,261,147.514,123.475,119.908,109.102,73.183,61.666,60.707,2300.533,2300.533,2300.533
-6.72,-3.452,0,40814.353,0,261,147.495,123.496,119.94,109.128,73.157,61.638,60.683,2300.521,2300.521,2300.521
-6.716,-3.406,0,40815.054,0,261,147.491,123.529,119.952,109.157,73.15,61.621,60.651,2300.526,2300.526,2300.526
-6.714,-3.353,0,40815.754,0,261,147.485,123.555,119.997,109.195,73.126,61.599,60.622,2300.536,2300.536,2300.536
-6.72,-3.308,0,40816.458,0,261,147.466,123.576,120.017,109.214,73.108,61.561,60.595,2300.529,2300.529,2300.529
-6.721,-3.261,0,40817.154,0,261,147.459,123.597,120.047,109.241,73.096,61.535,60.564,2300.527,2300.527,2300.527
-6.721,-3.212,0,40817.855,0,261,147.442,123.624,120.069,109.271,73.088,61.504,60.53,2300.52,2300.52,2300.52
-6.719,-3.152,0,40818.554,0,261,147.436,123.672,120.105,109.307,73.086,61.492,60.508,2300.536,2300.536,2300.536
-6.717,-3.097,0,40819.252,0,261,147.415,123.684,120.131,109.323,73.071,61.447,60.492,2300.524,2300.524,2300.524
-6.716,-3.034,0,40819.957,0,261,147.424,123.729,120.158,109.354,73.093,61.43,60.467,2300.534,2300.534,2300.534
-6.713,-2.963,0,40820.665,0,261,147.404,123.755,120.181,109.377,73.095,61.409,60.445,2300.53,2300.53,2300.53
-6.705,-2.873,0,40821.353,0,261,147.39,123.772,120.212,109.389,73.114,61.383,60.43,2300.532,2300.532,2300.532
-6.698,-2.782,0,40822.052,0,261,147.384,123.811,120.248,109.411,73.138,61.384,60.42,2300.547,2300.547,2300.547
-6.687,-2.679,0,40822.756,0,261,147.383,123.83,120.275,109.424,73.154,61.375,60.406,2300.545,2300.545,2300.545
-6.673,-2.569,0,40823.477,0,261,147.367,123.84,120.294,109.427,73.166,61.355,60.405,2300.523,2300.523,2300.523
-6.66,-2.474,0,40824.154,0,261,147.361,123.865,120.327,109.448,73.195,61.352,60.4,2300.542,2300.542,2300.542
-6.645,-2.379,0,40824.874,0,261,147.364,123.873,120.349,109.466,73.204,61.353,60.4,2300.549,2300.549,2300.549
-6.625,-2.272,0,40825.554,0,261,147.359,123.883,120.377,109.483,73.226,61.349,60.395,2300.54,2300.54,2300.54
-6.612,-2.174,0,40826.257,0,261,147.349,123.897,120.397,109.504,73.233,61.347,60.401,2300.546,2300.546,2300.546
-6.603,-2.077,0,40826.96,0,261,147.342,123.911,120.421,109.532,73.237,61.341,60.387,2300.542,2300.542,2300.542
-6.602,-1.982,0,40827.657,0,261,147.328,123.908,120.435,109.555,73.231,61.333,60.384,2300.537,2300.537,2300.537
-6.59,-1.874,0,40828.359,0,261,147.338,123.928,120.461,109.596,73.237,61.346,60.394,2300.541,2300.541,2300.541
-6.579,-1.789,0,40829.054,0,261,147.332,123.938,120.477,109.621,73.227,61.349,60.396,2300.549,2300.549,2300.549
-6.565,-1.716,0,40829.756,0,261,147.319,123.937,120.491,109.647,73.215,61.336,60.395,2300.531,2300.531,2300.531
-6.546,-1.643,0,40830.46,0,261,147.319,123.954,120.509,109.703,73.21,61.361,60.407,2300.542,2300.542,2300.542
-6.529,-1.571,0,40831.182,0,261,147.314,123.959,120.54,109.742,73.213,61.368,60.422,2300.547,2300.547,2300.547
-6.509,-1.497,0,40831.858,0,261,147.307,123.977,120.55,109.795,73.186,61.386,60.43,2300.546,2300.546,2300.546
-6.512,-1.429,0,40832.564,0,261,147.297,123.978,120.559,109.844,73.182,61.383,60.447,2300.538,2300.538,2300.538
-6.499,-1.365,0,40833.254,0,261,147.291,123.991,120.573,109.882,73.166,61.391,60.445,2300.531,2300.531,2300.531
-6.492,-1.298,0,40833.959,0,261,147.297,123.988,120.603,109.939,73.143,61.405,60.458,2300.546,2300.546,2300.546
-6.484,-1.241,0,40834.654,0,261,147.297,123.991,120.612,109.993,73.131,61.408,60.462,2300.546,2300.546,2300.546
-6.475,-1.175,0,40835.358,0,261,147.289,123.995,120.622,110.041,73.113,61.407,60.479,2300.538,2300.538,2300.538
-6.466,-1.119,0,40836.056,0,261,147.289,124.007,120.642,110.08,73.1,61.428,60.497,2300.549,2300.549,2300.549
-6.455,-1.063,0,40836.757,0,261,147.302,123.992,120.665,110.134,73.081,61.436,60.514,2300.553,2300.553,2300.553
-6.444,-0.998,0,40837.455,0,261,147.298,123.981,120.667,110.173,73.066,61.455,60.533,2300.545,2300.545,2300.545
-6.436,-0.963,0,40838.155,0,261,147.305,123.98,120.677,110.205,73.053,61.483,60.557,2300.55,2300.55,2300.55
-6.426,-0.912,0,40838.868,0,261,147.305,123.968,120.684,110.244,73.032,61.491,60.58,2300.539,2300.539,2300.539
-6.416,-0.865,0,40839.555,0,261,147.307,123.962,120.702,110.288,73.022,61.516,60.608,2300.544,2300.544,2300.544
-6.409,-0.823,0,40840.255,0,261,147.309,123.95,120.699,110.324,73.008,61.545,60.639,2300.547,2300.547,2300.547
-6.4,-0.767,0,40840.967,0,261,147.325,123.932,120.704,110.36,73.011,61.576,60.673,2300.555,2300.555,2300.555
-6.393,-0.729,0,40841.661,0,261,147.32,123.91,120.718,110.386,72.999,61.596,60.7,2300.545,2300.545,2300.545
-6.388,-0.693,0,40842.356,0,261,147.32,123.894,120.721,110.409,72.982,61.618,60.722,2300.541,2300.541,2300.541
-6.383,-0.657,0,40843.055,0,261,147.333,123.887,120.734,110.446,72.981,61.658,60.763,2300.564,2300.564,2300.564
-6.378,-0.613,0,40843.756,0,261,147.335,123.863,120.722,110.457,72.963,61.674,60.784,2300.545,2300.545,2300.545
-6.373,-0.576,0,40844.456,0,261,147.338,123.839,120.728,110.489,72.943,61.706,60.826,2300.55,2300.55,2300.55
-6.369,-0.539,0,40845.159,0,261,147.335,123.814,120.718,110.493,72.935,61.728,60.851,2300.54,2300.54,2300.54
-6.362,-0.498,0,40845.854,0,261,147.351,123.813,120.721,110.508,72.917,61.766,60.88,2300.543,2300.543,2300.543
-6.351,-0.447,0,40846.555,0,261,147.364,123.797,120.715,110.52,72.907,61.789,60.924,2300.551,2300.551,2300.551
-6.341,-0.413,0,40847.256,0,261,147.356,123.788,120.72,110.539,72.893,61.831,60.967,2300.554,2300.554,2300.554
-6.329,-0.374,0,40847.956,0,261,147.358,123.762,120.701,110.533,72.87,61.85,60.993,2300.538,2300.538,2300.538
-6.312,-0.335,0,40848.658,0,261,147.362,123.74,120.7,110.545,72.865,61.89,61.032,2300.544,2300.544,2300.544
-6.302,-0.299,0,40849.354,0,261,147.378,123.735,120.707,110.566,72.852,61.931,61.076,2300.552,2300.552,2300.552
-6.309,-0.271,0,40850.056,0,261,147.376,123.716,120.703,110.569,72.834,61.97,61.099,2300.556,2300.556,2300.556
-6.309,-0.236,0,40850.755,0,261,147.384,123.707,120.698,110.588,72.825,62.005,61.142,2300.566,2300.566,2300.566
-6.309,-0.208,0,40851.457,0,261,147.389,123.676,120.671,110.58,72.801,62.015,61.164,2300.546,2300.546,2300.546
-6.303,-0.174,0,40852.158,0,261,147.396,123.669,120.682,110.59,72.807,62.069,61.207,2300.563,2300.563,2300.563
-6.295,-0.15,0,40852.858,0,261,147.417,123.642,120.678,110.603,72.79,62.097,61.257,2300.573,2300.573,2300.573
-6.287,-0.125,0,40853.556,0,261,147.421,123.632,120.668,110.597,72.768,62.133,61.301,2300.566,2300.566,2300.566
-6.272,-0.108,0,40854.255,0,261,147.429,123.6,120.65,110.608,72.759,62.174,61.342,2300.565,2300.565,2300.565
-6.281,-0.091,0,40854.957,0,261,147.423,123.56,120.638,110.592,72.73,62.192,61.373,2300.548,2300.548,2300.548
-6.287,-0.083,0,40855.655,0,261,147.447,123.534,120.626,110.587,72.723,62.237,61.424,2300.553,2300.553,2300.553
-6.29,-0.079,0,40856.359,0,261,147.451,123.491,120.612,110.578,72.709,62.286,61.456,2300.543,2300.543,2300.543
-6.29,-0.075,0,40857.056,0,261,147.465,123.464,120.598,110.588,72.706,62.335,61.518,2300.562,2300.562,2300.562
-6.287,-0.072,0,40857.756,0,261,147.466,123.415,120.575,110.573,72.68,62.37,61.559,2300.544,2300.544,2300.544
-6.281,-0.07,0,40858.459,0,261,147.477,123.388,120.56,110.573,72.686,62.412,61.601,2300.551,2300.551,2300.551
-6.282,-0.069,0,40859.159,0,261,147.484,123.356,120.547,110.579,72.68,62.466,61.651,2300.564,2300.564,2300.564
-6.261,-0.067,0,40859.855,0,261,147.512,123.305,120.532,110.575,72.69,62.499,61.702,2300.552,2300.552,2300.552
-6.266,-0.065,0,40860.556,0,261,147.511,123.258,120.503,110.566,72.69,62.553,61.753,2300.544,2300.544,2300.544
-6.269,-0.065,0,40861.255,0,261,147.52,123.218,120.475,110.57,72.7,62.598,61.801,2300.545,2300.545,2300.545
-6.27,-0.063,0,40861.957,0,261,147.546,123.202,120.472,110.573,72.723,62.659,61.873,2300.569,2300.569,2300.569
-6.265,-0.06,0,40862.657,0,261,147.538,123.158,120.432,110.563,72.732,62.7,61.92,2300.55,2300.55,2300.55
-6.253,-0.058,0,40863.356,0,261,147.553,123.134,120.412,110.562,72.75,62.76,61.979,2300.557,2300.557,2300.557
-6.235,-0.054,0,40864.057,0,261,147.566,123.091,120.391,110.558,72.783,62.823,62.058,2300.56,2300.56,2300.56
-6.236,-0.05,0,40864.757,0,261,147.578,123.054,120.37,110.552,72.799,62.883,62.112,2300.557,2300.557,2300.557
-6.237,-0.047,0,40865.457,0,261,147.589,123.009,120.34,110.562,72.831,62.943,62.183,2300.562,2300.562,2300.562
-6.234,-0.041,0,40866.155,0,261,147.606,122.943,120.314,110.547,72.843,63.006,62.252,2300.557,2300.557,2300.557
-6.222,-0.034,0,40866.86,0,261,147.628,122.898,120.284,110.551,72.871,63.07,62.321,2300.565,2300.565,2300.565
-6.201,-0.03,0,40867.565,0,261,147.656,122.829,120.265,110.541,72.896,63.133,62.38,2300.57,2300.57,2300.57
-6.199,-0.026,0,40868.261,0,261,147.684,122.754,120.222,110.526,72.925,63.2,62.459,2300.56,2300.56,2300.56
-6.203,-0.023,0,40868.957,0,261,147.704,122.678,120.192,110.522,72.948,63.269,62.53,2300.561,2300.561,2300.561
-6.192,-0.022,0,40869.671,0,261,147.728,122.615,120.152,110.509,72.976,63.343,62.606,2300.563,2300.563,2300.563
-6.171,-0.022,0,40870.356,0,261,147.751,122.539,120.124,110.509,73.02,63.421,62.702,2300.568,2300.568,2300.568
-6.148,-0.023,0,40871.056,0,261,147.776,122.474,120.091,110.501,73.056,63.522,62.824,2300.579,2300.579,2300.579
-6.139,-0.022,0,40871.763,0,261,147.792,122.404,120.04,110.484,73.08,63.61,62.931,2300.568,2300.568,2300.568
-6.13,-0.022,0,40872.465,0,261,147.812,122.328,119.995,110.474,73.108,63.72,63.063,2300.562,2300.562,2300.562
-6.113,-0.022,0,40873.156,0,261,147.826,122.267,119.933,110.459,73.151,63.835,63.196,2300.557,2300.557,2300.557
-6.091,-0.022,0,40873.857,0,261,147.838,122.198,119.896,110.448,73.193,63.97,63.332,2300.561,2300.561,2300.561
-6.066,-0.022,0,40874.557,0,261,147.854,122.136,119.855,110.438,73.25,64.098,63.472,2300.564,2300.564,2300.564
-6.063,-0.022,0,40875.259,0,261,147.886,122.083,119.801,110.429,73.306,64.231,63.626,2300.581,2300.581,2300.581
-6.049,-0.022,0,40875.966,0,261,147.886,122,119.759,110.401,73.342,64.346,63.745,2300.55,2300.55,2300.55
-6.042,-0.021,0,40876.665,0,261,147.914,121.949,119.71,110.394,73.411,64.494,63.895,2300.557,2300.557,2300.557
-6.025,-0.021,0,40877.36,0,261,147.93,121.883,119.649,110.373,73.469,64.621,64.03,2300.556,2300.556,2300.556
-6.014,-0.022,0,40878.058,0,261,147.948,121.849,119.613,110.362,73.54,64.762,64.169,2300.568,2300.568,2300.568
-6.009,-0.022,0,40878.76,0,261,147.956,121.779,119.557,110.343,73.619,64.896,64.317,2300.564,2300.564,2300.564
-6.005,-0.022,0,40879.463,0,261,147.982,121.735,119.511,110.328,73.693,65.04,64.448,2300.578,2300.578,2300.578
-5.996,-0.022,0,40880.165,0,261,147.979,121.673,119.46,110.299,73.755,65.167,64.586,2300.556,2300.556,2300.556
-5.973,-0.021,0,40880.861,0,261,148.011,121.625,119.421,110.287,73.841,65.305,64.718,2300.576,2300.576,2300.576
-5.98,-0.022,0,40881.557,0,261,148.008,121.567,119.36,110.261,73.916,65.42,64.854,2300.562,2300.562,2300.562
-5.985,-0.023,0,40882.258,0,261,148.021,121.506,119.309,110.246,73.998,65.552,64.989,2300.56,2300.56,2300.56
-6.007,-0.022,0,40882.966,0,261,148.038,121.467,119.264,110.222,74.077,65.685,65.113,2300.57,2300.57,2300.57
-6.022,-0.022,0,40883.658,0,261,148.052,121.397,119.211,110.199,74.159,65.815,65.237,2300.562,2300.562,2300.562
-6.035,-0.021,0,40884.357,0,261,148.051,121.348,119.165,110.179,74.243,65.934,65.363,2300.561,2300.561,2300.561
-6.047,-0.022,0,40885.058,0,261,148.083,121.289,119.132,110.178,74.334,66.077,65.503,2300.58,2300.58,2300.58
-6.064,-0.022,0,40885.758,0,261,148.083,121.236,119.074,110.15,74.425,66.186,65.618,2300.571,2300.571,2300.571
-6.073,-0.021,0,40886.462,0,261,148.089,121.194,119.033,110.125,74.507,66.313,65.735,2300.582,2300.582,2300.582
-6.082,-0.022,0,40887.187,0,261,148.101,121.138,118.977,110.107,74.583,66.433,65.853,2300.578,2300.578,2300.578
-6.088,-0.022,0,40887.859,0,261,148.119,121.077,118.933,110.089,74.683,66.53,65.954,2300.571,2300.571,2300.571
-6.106,-0.022,0,40888.558,0,261,148.132,121.035,118.896,110.063,74.761,66.643,66.063,2300.58,2300.58,2300.58
-6.126,-0.022,0,40889.257,0,261,148.139,120.976,118.837,110.043,74.839,66.742,66.146,2300.562,2300.562,2300.562
-6.146,-0.022,0,40889.963,0,261,148.143,120.936,118.8,110.02,74.927,66.845,66.256,2300.573,2300.573,2300.573
-6.162,-0.022,0,40890.659,0,261,148.164,120.875,118.745,110.008,75.013,66.941,66.339,2300.573,2300.573,2300.573
-6.175,-0.022,0,40891.358,0,261,148.179,120.836,118.7,109.997,75.103,67.026,66.399,2300.581,2300.581,2300.581
-6.175,-0.027,0,40892.063,0,261,148.18,120.786,118.65,109.962,75.18,67.087,66.444,2300.571,2300.571,2300.571
-6.173,-0.035,0,40892.759,0,261,148.188,120.724,118.604,109.935,75.251,67.127,66.465,2300.559,2300.559,2300.559
-6.187,-0.045,0,40893.46,0,261,148.202,120.702,118.562,109.913,75.342,67.176,66.504,2300.578,2300.578,2300.578
-6.203,-0.055,0,40894.168,0,261,148.202,120.662,118.529,109.909,75.419,67.201,66.501,2300.578,2300.578,2300.578
-6.218,-0.072,0,40894.881,0,261,148.199,120.629,118.475,109.878,75.49,67.223,66.514,2300.569,2300.569,2300.569
-6.227,-0.08,0,40895.56,0,261,148.197,120.616,118.434,109.86,75.571,67.238,66.519,2300.576,2300.576,2300.576
-6.234,-0.094,0,40896.277,0,261,148.171,120.612,118.386,109.848,75.643,67.248,66.523,2300.572,2300.572,2300.572
-6.233,-0.102,0,40896.964,0,261,148.138,120.658,118.359,109.838,75.716,67.262,66.529,2300.583,2300.583,2300.583
-6.229,-0.102,0,40897.658,0,261,148.093,120.726,118.331,109.801,75.767,67.256,66.511,2300.569,2300.569,2300.569
-6.22,-0.103,0,40898.367,0,261,148.072,120.772,118.296,109.782,75.838,67.249,66.482,2300.575,2300.575,2300.575
-6.226,-0.107,0,40899.058,0,261,148.041,120.822,118.272,109.757,75.897,67.247,66.467,2300.579,2300.579,2300.579
-6.232,-0.109,0,40899.76,0,261,148.019,120.849,118.265,109.745,75.946,67.233,66.456,2300.576,2300.576,2300.576
-6.239,-0.116,0,40900.464,0,261,147.986,120.866,118.249,109.716,75.988,67.217,66.438,2300.565,2300.565,2300.565
-6.243,-0.119,0,40901.158,0,261,147.978,120.904,118.253,109.705,76.044,67.207,66.434,2300.582,2300.582,2300.582
-6.242,-0.121,0,40901.863,0,261,147.952,120.917,118.241,109.678,76.076,67.194,66.411,2300.569,2300.569,2300.569
-6.24,-0.127,0,40902.559,0,261,147.932,120.934,118.237,109.66,76.099,67.177,66.39,2300.559,2300.559,2300.559
-6.236,-0.136,0,40903.261,0,261,147.923,120.959,118.242,109.655,76.142,67.182,66.379,2300.578,2300.578,2300.578
-6.228,-0.137,0,40903.963,0,261,147.92,120.989,118.262,109.636,76.172,67.162,66.35,2300.586,2300.586,2300.586
-6.229,-0.142,0,40904.661,0,261,147.894,121,118.257,109.637,76.193,67.143,66.334,2300.581,2300.581,2300.581
-6.242,-0.15,0,40905.361,0,261,147.869,120.998,118.252,109.628,76.215,67.119,66.314,2300.572,2300.572,2300.572
-6.253,-0.157,0,40906.059,0,261,147.853,121.02,118.258,109.618,76.241,67.105,66.287,2300.572,2300.572,2300.572
-6.263,-0.179,0,40906.758,0,261,147.841,121.03,118.264,109.613,76.257,67.099,66.265,2300.574,2300.574,2300.574
-6.273,-0.204,0,40907.46,0,261,147.832,121.038,118.278,109.616,76.274,67.075,66.256,2300.577,2300.577,2300.577
-6.28,-0.242,0,40908.164,0,261,147.806,121.05,118.275,109.603,76.29,67.055,66.227,2300.571,2300.571,2300.571
-6.288,-0.279,0,40908.859,0,261,147.797,121.069,118.279,109.608,76.301,67.037,66.201,2300.574,2300.574,2300.574
-6.293,-0.317,0,40909.566,0,261,147.767,121.09,118.295,109.611,76.337,67.009,66.16,2300.582,2300.582,2300.582
-6.302,-0.358,0,40910.263,0,261,147.752,121.107,118.297,109.603,76.365,66.974,66.12,2300.573,2300.573,2300.573
-6.302,-0.401,0,40910.959,0,261,147.73,121.129,118.31,109.606,76.383,66.924,66.064,2300.58,2300.58,2300.58
-6.31,-0.446,0,40911.66,0,261,147.717,121.155,118.306,109.612,76.416,66.896,66.018,2300.586,2300.586,2300.586
-6.316,-0.488,0,40912.36,0,261,147.695,121.177,118.326,109.605,76.447,66.843,65.962,2300.582,2300.582,2300.582
-6.326,-0.533,0,40913.059,0,261,147.669,121.202,118.331,109.614,76.474,66.793,65.924,2300.573,2300.573,2300.573
-6.335,-0.582,0,40913.767,0,261,147.653,121.232,118.341,109.61,76.502,66.757,65.89,2300.577,2300.577,2300.577
-6.345,-0.631,0,40914.464,0,261,147.642,121.255,118.361,109.611,76.528,66.724,65.841,2300.585,2300.585,2300.585
-6.353,-0.675,0,40915.159,0,261,147.612,121.269,118.366,109.616,76.552,66.676,65.779,2300.572,2300.572,2300.572
-6.367,-0.724,0,40915.871,0,261,147.593,121.306,118.386,109.608,76.589,66.639,65.732,2300.582,2300.582,2300.582
-6.384,-0.77,0,40916.56,0,261,147.579,121.332,118.398,109.606,76.607,66.577,65.686,2300.578,2300.578,2300.578
-6.396,-0.817,0,40917.26,0,261,147.548,121.349,118.411,109.605,76.631,66.538,65.629,2300.572,2300.572,2300.572
-6.41,-0.866,0,40917.96,0,261,147.544,121.393,118.439,109.609,76.66,66.491,65.578,2300.584,2300.584,2300.584
-6.42,-0.912,0,40918.663,0,261,147.515,121.429,118.445,109.609,76.684,66.448,65.534,2300.582,2300.582,2300.582
-6.426,-0.958,0,40919.368,0,261,147.504,121.449,118.466,109.6,76.707,66.394,65.479,2300.583,2300.583,2300.583
-6.429,-1.007,0,40920.059,0,261,147.488,121.474,118.482,109.597,76.719,66.345,65.419,2300.583,2300.583,2300.583
-6.426,-1.061,0,40920.76,0,261,147.458,121.512,118.502,109.558,76.716,66.292,65.357,2300.58,2300.58,2300.58
-6.437,-1.116,0,40921.461,0,261,147.443,121.549,118.52,109.536,76.697,66.242,65.302,2300.58,2300.58,2300.58
-6.458,-1.178,0,40922.161,0,261,147.405,121.565,118.534,109.511,76.678,66.18,65.23,2300.567,2300.567,2300.567
-6.471,-1.246,0,40922.883,0,261,147.388,121.62,118.568,109.487,76.657,66.13,65.167,2300.586,2300.586,2300.586
-6.475,-1.314,0,40923.561,0,261,147.376,121.651,118.578,109.464,76.626,66.064,65.097,2300.579,2300.579,2300.579
-6.475,-1.388,0,40924.264,0,261,147.349,121.671,118.603,109.436,76.591,65.986,65.021,2300.579,2300.579,2300.579
-6.471,-1.462,0,40924.964,0,261,147.321,121.727,118.623,109.413,76.538,65.923,64.949,2300.582,2300.582,2300.582
-6.491,-1.534,0,40925.661,0,261,147.296,121.768,118.642,109.391,76.496,65.851,64.881,2300.586,2300.586,2300.586
-6.506,-1.618,0,40926.368,0,261,147.271,121.796,118.673,109.368,76.433,65.789,64.815,2300.575,2300.575,2300.575
-6.516,-1.697,0,40927.062,0,261,147.253,121.85,118.695,109.357,76.369,65.728,64.764,2300.586,2300.586,2300.586
-6.52,-1.781,0,40927.785,0,261,147.236,121.896,118.714,109.342,76.301,65.67,64.697,2300.589,2300.589,2300.589
-6.517,-1.864,0,40928.461,0,261,147.203,121.926,118.73,109.311,76.233,65.591,64.625,2300.567,2300.567,2300.567
-6.522,-1.951,0,40929.165,0,261,147.187,121.977,118.778,109.31,76.169,65.545,64.572,2300.592,2300.592,2300.592
-6.542,-2.022,0,40929.873,0,261,147.171,122.017,118.794,109.312,76.094,65.487,64.518,2300.59,2300.59,2300.59
-6.555,-2.105,0,40930.562,0,261,147.154,122.046,118.815,109.298,76.009,65.411,64.449,2300.581,2300.581,2300.581
-6.56,-2.169,0,40931.268,0,261,147.138,122.077,118.848,109.294,75.941,65.359,64.386,2300.589,2300.589,2300.589
-6.557,-2.248,0,40931.964,0,261,147.108,122.103,118.865,109.293,75.869,65.287,64.315,2300.579,2300.579,2300.579
-6.553,-2.309,0,40932.663,0,261,147.104,122.142,118.906,109.282,75.808,65.225,64.264,2300.587,2300.587,2300.587
-6.566,-2.297,0,40933.363,0,261,147.086,122.168,118.945,109.282,75.751,65.163,64.189,2300.599,2300.599,2300.599
-6.575,-2.344,0,40934.061,0,261,147.077,122.191,118.956,109.286,75.674,65.098,64.129,2300.59,2300.59,2300.59
-6.585,-2.425,0,40934.771,0,261,147.041,122.22,118.981,109.271,75.607,65.023,64.067,2300.586,2300.586,2300.586
-6.59,-2.492,0,40935.465,0,261,147.039,122.246,119.01,109.271,75.554,64.967,64.006,2300.594,2300.594,2300.594
-6.589,-2.565,0,40936.163,0,261,147.012,122.269,119.036,109.283,75.497,64.903,63.927,2300.592,2300.592,2300.592
-6.591,-2.63,0,40936.866,0,261,147.004,122.305,119.06,109.28,75.427,64.842,63.878,2300.602,2300.602,2300.602
-6.608,-2.695,0,40937.562,0,261,146.977,122.319,119.087,109.266,75.364,64.759,63.794,2300.587,2300.587,2300.587
-6.622,-2.763,0,40938.264,0,261,146.968,122.338,119.1,109.263,75.307,64.697,63.734,2300.581,2300.581,2300.581
-6.63,-2.822,0,40938.972,0,261,146.951,122.363,119.142,109.283,75.253,64.629,63.654,2300.59,2300.59,2300.59
-6.634,-2.882,0,40939.666,0,261,146.946,122.368,119.149,109.276,75.183,64.555,63.577,2300.584,2300.584,2300.584
-6.637,-2.949,0,40940.381,0,261,146.936,122.392,119.177,109.276,75.138,64.483,63.5,2300.589,2300.589,2300.589
-6.636,-3.004,0,40941.062,0,261,146.916,122.4,119.203,109.284,75.095,64.396,63.421,2300.592,2300.592,2300.592
-6.635,-3.044,0,40941.768,0,261,146.912,122.412,119.221,109.289,75.042,64.331,63.351,2300.59,2300.59,2300.59
-6.646,-3.104,0,40942.465,0,261,146.894,122.426,119.25,109.306,74.998,64.259,63.272,2300.59,2300.59,2300.59
-6.662,-3.157,0,40943.161,0,261,146.874,122.437,119.247,109.317,74.949,64.179,63.204,2300.585,2300.585,2300.585
-6.674,-3.217,0,40943.863,0,261,146.859,122.444,119.269,109.318,74.909,64.104,63.137,2300.569,2300.569,2300.569
-6.684,-3.269,0,40944.563,0,261,146.861,122.472,119.302,109.353,74.875,64.064,63.089,2300.605,2300.605,2300.605
-6.691,-3.311,0,40945.265,0,261,146.839,122.479,119.308,109.361,74.819,63.985,63.019,2300.579,2300.579,2300.579
-6.698,-3.355,0,40945.962,0,261,146.84,122.501,119.342,109.391,74.794,63.936,62.969,2300.6,2300.6,2300.6
-6.704,-3.409,0,40946.662,0,261,146.824,122.527,119.362,109.402,74.751,63.884,62.906,2300.599,2300.599,2300.599
-6.709,-3.472,0,40947.363,0,261,146.808,122.548,119.371,109.42,74.717,63.841,62.861,2300.597,2300.597,2300.597
-6.716,-3.546,0,40948.063,0,261,146.8,122.564,119.386,109.443,74.678,63.785,62.818,2300.6,2300.6,2300.6
-6.719,-3.599,0,40948.763,0,261,146.784,122.59,119.414,109.452,74.646,63.728,62.767,2300.6,2300.6,2300.6
-6.724,-3.66,0,40949.462,0,261,146.759,122.613,119.416,109.464,74.605,63.677,62.723,2300.595,2300.595,2300.595
-6.726,-3.724,0,40950.163,0,261,146.74,122.637,119.431,109.473,74.57,63.617,62.663,2300.579,2300.579,2300.579
-6.731,-3.783,0,40950.864,0,261,146.733,122.668,119.465,109.502,74.552,63.584,62.622,2300.607,2300.607,2300.607
-6.733,-3.857,0,40951.563,0,261,146.718,122.684,119.476,109.513,74.516,63.54,62.571,2300.598,2300.598,2300.598
-6.739,-3.92,0,40952.269,0,261,146.702,122.704,119.497,109.523,74.484,63.486,62.527,2300.598,2300.598,2300.598
-6.746,-3.974,0,40952.965,0,261,146.676,122.72,119.501,109.536,74.456,63.431,62.463,2300.588,2300.588,2300.588
-6.753,-4.024,0,40953.667,0,261,146.67,122.761,119.535,109.553,74.418,63.386,62.418,2300.596,2300.596,2300.596
-6.761,-4.065,0,40954.366,0,261,146.658,122.787,119.555,109.57,74.411,63.338,62.379,2300.608,2300.608,2300.608
-6.771,-4.12,0,40955.063,0,261,146.64,122.813,119.57,109.59,74.379,63.288,62.319,2300.599,2300.599,2300.599
-6.785,-4.177,0,40955.763,0,261,146.621,122.843,119.58,109.604,74.377,63.243,62.261,2300.599,2300.599,2300.599
-6.789,-4.254,0,40956.475,0,261,146.604,122.873,119.614,109.618,74.354,63.185,62.209,2300.591,2300.591,2300.591
-6.795,-4.312,0,40957.162,0,261,146.58,122.899,119.633,109.629,74.337,63.125,62.157,2300.594,2300.594,2300.594
-6.8,-4.378,0,40957.864,0,261,146.577,122.934,119.661,109.652,74.321,63.086,62.105,2300.595,2300.595,2300.595
-6.807,-4.429,0,40958.565,0,261,146.553,122.961,119.682,109.671,74.315,63.024,62.064,2300.597,2300.597,2300.597
-6.809,-4.486,0,40959.264,0,261,146.554,122.989,119.707,109.691,74.298,62.999,62.016,2300.61,2300.61,2300.61
-6.809,-4.538,0,40959.969,0,261,146.527,123.009,119.726,109.696,74.276,62.943,61.978,2300.601,2300.601,2300.601
-6.811,-4.6,0,40960.665,0,261,146.518,123.04,119.759,109.719,74.251,62.9,61.933,2300.604,2300.604,2300.604
-6.814,-4.655,0,40961.367,0,261,146.492,123.051,119.769,109.734,74.232,62.851,61.886,2300.598,2300.598,2300.598
-6.816,-4.692,0,40962.063,0,261,146.491,123.084,119.794,109.755,74.214,62.819,61.848,2300.606,2300.606,2300.606
-6.82,-4.736,0,40962.768,0,261,146.468,123.082,119.816,109.778,74.194,62.771,61.799,2300.598,2300.598,2300.598
-6.826,-4.782,0,40963.462,0,261,146.481,123.107,119.846,109.791,74.192,62.735,61.762,2300.607,2300.607,2300.607
-6.831,-4.816,0,40964.163,0,261,146.463,123.126,119.858,109.799,74.165,62.692,61.72,2300.594,2300.594,2300.594
-6.838,-4.85,0,40964.866,0,261,146.445,123.138,119.872,109.824,74.16,62.646,61.677,2300.585,2300.585,2300.585
-6.844,-4.889,0,40965.563,0,261,146.43,123.156,119.905,109.853,74.153,62.625,61.652,2300.6,2300.6,2300.6
-6.852,-4.937,0,40966.268,0,261,146.42,123.169,119.914,109.863,74.147,62.582,61.612,2300.59,2300.59,2300.59
-6.858,-4.972,0,40966.967,0,261,146.415,123.197,119.951,109.896,74.151,62.558,61.593,2300.613,2300.613,2300.613
-6.866,-5.032,0,40967.665,0,261,146.399,123.206,119.958,109.899,74.131,62.527,61.55,2300.598,2300.598,2300.598
-6.871,-5.05,0,40968.367,0,261,146.395,123.239,119.984,109.912,74.141,62.499,61.534,2300.608,2300.608,2300.608
-6.873,-5.051,0,40969.064,0,261,146.377,123.245,119.984,109.917,74.122,62.468,61.492,2300.594,2300.594,2300.594
-6.875,-5.049,0,40969.765,0,261,146.364,123.279,120.011,109.924,74.123,62.446,61.475,2300.609,2300.609,2300.609
-6.876,-5.05,0,40970.463,0,261,146.352,123.299,120.027,109.922,74.098,62.405,61.437,2300.593,2300.593,2300.593
-6.878,-5.049,0,40971.163,0,261,146.319,123.307,120.036,109.929,74.09,62.375,61.414,2300.592,2300.592,2300.592
-6.879,-5.05,0,40971.865,0,261,146.323,123.348,120.058,109.946,74.076,62.373,61.392,2300.607,2300.607,2300.607
-6.879,-5.049,0,40972.565,0,261,146.314,123.362,120.081,109.95,74.053,62.341,61.372,2300.613,2300.613,2300.613
-6.879,-5.049,0,40973.264,0,261,146.297,123.377,120.095,109.937,74.031,62.306,61.335,2300.591,2300.591,2300.591
-6.878,-5.048,0,40973.964,0,261,146.277,123.403,120.123,109.962,74.012,62.287,61.32,2300.608,2300.608,2300.608
-6.913,-5.168,0,40974.669,0,261,146.268,123.42,120.134,109.953,73.98,62.257,61.294,2300.595,2300.595,2300.595
-6.923,-5.194,0,40975.364,0,261,146.237,123.426,120.146,109.929,73.985,62.228,61.256,2300.584,2300.584,2300.584
-6.923,-5.168,0,40976.073,0,261,146.218,123.485,120.172,109.888,74.036,62.21,61.247,2300.603,2300.603,2300.603
-6.92,-5.092,0,40976.764,0,261,146.195,123.526,120.193,109.842,74.079,62.189,61.209,2300.596,2300.596,2300.596
-6.912,-5.035,0,40977.476,0,261,146.166,123.583,120.203,109.804,74.109,62.157,61.183,2300.589,2300.589,2300.589
-6.908,-5.005,0,40978.165,0,261,146.153,123.625,120.24,109.778,74.151,62.144,61.177,2300.6,2300.6,2300.6
-6.9,-4.95,0,40978.867,0,261,146.128,123.664,120.246,109.741,74.16,62.119,61.157,2300.595,2300.595,2300.595
-6.884,-4.894,0,40979.572,0,261,146.112,123.69,120.273,109.713,74.17,62.113,61.135,2300.609,2300.609,2300.609
-6.876,-4.834,0,40980.264,0,261,146.097,123.735,120.299,109.692,74.165,62.097,61.116,2300.603,2300.603,2300.603
-6.868,-4.776,0,40980.986,0,261,146.073,123.764,120.321,109.674,74.152,62.076,61.106,2300.603,2300.603,2300.603
-6.867,-4.709,0,40981.665,0,261,146.075,123.797,120.354,109.662,74.155,62.066,61.095,2300.616,2300.616,2300.616
-6.864,-4.641,0,40982.368,0,261,146.049,123.82,120.365,109.646,74.131,62.045,61.079,2300.603,2300.603,2300.603
-6.859,-4.57,0,40983.063,0,261,146.036,123.853,120.404,109.639,74.105,62.043,61.082,2300.609,2300.609,2300.609
-6.854,-4.508,0,40983.765,0,261,146.023,123.869,120.424,109.645,74.093,62.048,61.072,2300.621,2300.621,2300.621
-6.85,-4.445,0,40984.465,0,261,146.002,123.893,120.438,109.635,74.057,62.029,61.075,2300.609,2300.609,2300.609
-6.843,-4.392,0,40985.165,0,261,145.982,123.921,120.448,109.636,74.008,62.024,61.061,2300.594,2300.594,2300.594
-6.835,-4.327,0,40985.865,0,261,145.972,123.921,120.474,109.636,73.981,62.02,61.058,2300.594,2300.594,2300.594
-6.825,-4.261,0,40986.565,0,261,145.961,123.952,120.497,109.636,73.938,62.021,61.07,2300.603,2300.603,2300.603
-6.813,-4.194,0,40987.268,0,261,145.96,123.969,120.524,109.651,73.914,62.017,61.064,2300.617,2300.617,2300.617
-6.795,-4.128,0,40987.964,0,261,145.941,123.989,120.539,109.657,73.872,61.999,61.05,2300.594,2300.594,2300.594
-6.785,-4.061,0,40988.666,0,261,145.933,124.002,120.563,109.674,73.848,62.002,61.056,2300.609,2300.609,2300.609
-6.789,-4.014,0,40989.369,0,261,145.92,124.018,120.575,109.686,73.808,61.992,61.046,2300.604,2300.604,2300.604
-6.79,-3.975,0,40990.065,0,261,145.902,124.033,120.601,109.689,73.772,61.985,61.046,2300.598,2300.598,2300.598
-6.787,-3.907,0,40990.765,0,261,145.916,124.056,120.621,109.721,73.737,62.006,61.056,2300.625,2300.625,2300.625
-6.781,-3.845,0,40991.465,0,261,145.892,124.076,120.64,109.729,73.704,61.997,61.051,2300.612,2300.612,2300.612
-6.771,-3.759,0,40992.19,0,261,145.884,124.074,120.652,109.738,73.659,61.992,61.042,2300.602,2300.602,2300.602
-6.761,-3.709,0,40992.865,0,261,145.874,124.099,120.668,109.766,73.632,61.978,61.049,2300.607,2300.607,2300.607
-6.75,-3.659,0,40993.569,0,261,145.848,124.103,120.686,109.776,73.593,61.989,61.056,2300.6,2300.6,2300.6
-6.737,-3.635,0,40994.269,0,261,145.85,124.127,120.709,109.797,73.572,61.99,61.053,2300.611,2300.611,2300.611
-6.732,-3.626,0,40994.965,0,261,145.838,124.132,120.734,109.822,73.55,61.989,61.055,2300.617,2300.617,2300.617
-6.738,-3.577,0,40995.666,0,261,145.822,124.14,120.739,109.835,73.523,61.984,61.052,2300.604,2300.604,2300.604
-6.741,-3.539,0,40996.371,0,261,145.829,124.152,120.763,109.868,73.504,61.991,61.06,2300.616,2300.616,2300.616
-6.741,-3.508,0,40997.071,0,261,145.805,124.156,120.774,109.88,73.489,61.977,61.052,2300.605,2300.605,2300.605
-6.741,-3.489,0,40997.774,0,261,145.813,124.181,120.795,109.912,73.492,61.989,61.049,2300.627,2300.627,2300.627
-6.737,-3.454,0,40998.466,0,261,145.806,124.192,120.822,109.942,73.484,61.98,61.041,2300.633,2300.633,2300.633
-6.729,-3.421,0,40999.168,0,261,145.793,124.206,120.816,109.961,73.468,61.975,61.032,2300.625,2300.625,2300.625
-6.722,-3.368,0,40999.882,0,261,145.779,124.206,120.838,109.972,73.465,61.95,61.013,2300.613,2300.613,2300.613
-6.709,-3.34,0,41000.566,0,261,145.769,124.221,120.844,109.982,73.471,61.949,60.996,2300.613,2300.613,2300.613
-6.708,-3.308,0,41001.267,0,261,145.757,124.237,120.856,110.013,73.476,61.921,60.979,2300.616,2300.616,2300.616
-6.716,-3.256,0,41001.967,0,261,145.747,124.242,120.873,110.028,73.471,61.906,60.961,2300.602,2300.602,2300.602
-6.72,-3.205,0,41002.667,0,261,145.745,124.257,120.884,110.048,73.495,61.89,60.952,2300.611,2300.611,2300.611
-6.723,-3.152,0,41003.379,0,261,145.728,124.278,120.904,110.056,73.491,61.873,60.925,2300.602,2300.602,2300.602
-6.72,-3.068,0,41004.067,0,261,145.72,124.299,120.909,110.077,73.518,61.868,60.921,2300.614,2300.614,2300.614
-6.714,-2.989,0,41004.77,0,261,145.706,124.307,120.928,110.068,73.536,61.849,60.904,2300.599,2300.599,2300.599
-6.705,-2.896,0,41005.466,0,261,145.694,124.325,120.948,110.088,73.567,61.85,60.901,2300.616,2300.616,2300.616
-6.693,-2.797,0,41006.166,0,261,145.699,124.344,120.966,110.092,73.601,61.838,60.899,2300.622,2300.622,2300.622
-6.68,-2.688,0,41006.872,0,261,145.687,124.355,120.975,110.094,73.625,61.841,60.899,2300.623,2300.623,2300.623
-6.659,-2.584,0,41007.569,0,261,145.681,124.361,120.99,110.097,73.656,61.832,60.889,2300.62,2300.62,2300.62
-6.643,-2.475,0,41008.272,0,261,145.659,124.355,120.996,110.101,73.669,61.831,60.887,2300.605,2300.605,2300.605
-6.636,-2.368,0,41008.969,0,261,145.661,124.368,121.01,110.118,73.691,61.835,60.893,2300.622,2300.622,2300.622
-6.627,-2.261,0,41009.67,0,261,145.645,124.369,121.021,110.118,73.701,61.838,60.891,2300.606,2300.606,2300.606
-6.618,-2.162,0,41010.377,0,261,145.65,124.389,121.041,110.151,73.717,61.856,60.906,2300.627,2300.627,2300.627
-6.609,-2.071,0,41011.09,0,261,145.641,124.394,121.048,110.172,73.723,61.868,60.93,2300.626,2300.626,2300.626
-6.597,-1.966,0,41011.771,0,261,145.638,124.386,121.06,110.193,73.725,61.867,60.929,2300.623,2300.623,2300.623
-6.583,-1.858,0,41012.468,0,261,145.635,124.389,121.071,110.218,73.729,61.891,60.948,2300.631,2300.631,2300.631
-6.571,-1.777,0,41013.174,0,261,145.623,124.38,121.075,110.233,73.719,61.895,60.962,2300.62,2300.62,2300.62
-6.559,-1.706,0,41013.868,0,261,145.618,124.387,121.083,110.27,73.715,61.907,60.971,2300.625,2300.625,2300.625
-6.547,-1.63,0,41014.568,0,261,145.615,124.387,121.092,110.303,73.699,61.919,60.99,2300.619,2300.619,2300.619
-6.535,-1.555,0,41015.268,0,261,145.612,124.385,121.101,110.347,73.703,61.932,61.01,2300.629,2300.629,2300.629
-6.522,-1.485,0,41015.967,0,261,145.591,124.379,121.099,110.382,73.668,61.939,61.013,2300.604,2300.604,2300.604
-6.511,-1.419,0,41016.669,0,261,145.596,124.382,121.119,110.431,73.662,61.965,61.039,2300.618,2300.618,2300.618
-6.498,-1.352,0,41017.367,0,261,145.598,124.391,121.113,110.479,73.658,61.976,61.055,2300.615,2300.615,2300.615
-6.487,-1.291,0,41018.067,0,261,145.589,124.374,121.123,110.521,73.642,61.987,61.061,2300.606,2300.606,2300.606
-6.474,-1.23,0,41018.766,0,261,145.599,124.376,121.123,110.566,73.643,62.013,61.088,2300.615,2300.615,2300.615
-6.462,-1.173,0,41019.469,0,261,145.583,124.361,121.13,110.612,73.623,62.013,61.096,2300.605,2300.605,2300.605
-6.445,-1.106,0,41020.171,0,261,145.59,124.351,121.136,110.651,73.617,62.042,61.109,2300.613,2300.613,2300.613
-6.433,-1.059,0,41020.873,0,261,145.577,124.338,121.137,110.688,73.61,62.039,61.118,2300.604,2300.604,2300.604
-6.427,-1.016,0,41021.568,0,261,145.594,124.317,121.149,110.725,73.613,62.07,61.164,2300.619,2300.619,2300.619
-6.419,-0.959,0,41022.27,0,261,145.576,124.313,121.141,110.77,73.598,62.087,61.183,2300.616,2300.616,2300.616
-6.417,-0.911,0,41022.968,0,261,145.586,124.292,121.151,110.809,73.602,62.124,61.226,2300.626,2300.626,2300.626
-6.414,-0.864,0,41023.674,0,261,145.572,124.275,121.146,110.832,73.586,62.133,61.244,2300.605,2300.605,2300.605
-6.408,-0.802,0,41024.371,0,261,145.586,124.256,121.149,110.867,73.588,62.172,61.294,2300.622,2300.622,2300.622
-6.402,-0.764,0,41025.071,0,261,145.597,124.244,121.157,110.902,73.59,62.21,61.324,2300.629,2300.629,2300.629
-6.393,-0.719,0,41025.769,0,261,145.595,124.21,121.157,110.934,73.586,62.244,61.36,2300.623,2300.623,2300.623
-6.38,-0.683,0,41026.503,0,261,145.597,124.186,121.148,110.958,73.579,62.277,61.396,2300.624,2300.624,2300.624
-6.361,-0.642,0,41027.171,0,261,145.613,124.168,121.146,110.985,73.585,62.319,61.433,2300.631,2300.631,2300.631
-6.363,-0.601,0,41027.868,0,261,145.621,124.145,121.144,110.997,73.581,62.348,61.467,2300.628,2300.628,2300.628
-6.36,-0.559,0,41028.575,0,261,145.628,124.096,121.126,111.016,73.581,62.38,61.501,2300.625,2300.625,2300.625
-6.36,-0.52,0,41029.268,0,261,145.615,124.082,121.118,111.027,73.568,62.403,61.541,2300.618,2300.618,2300.618
-6.352,-0.477,0,41029.97,0,261,145.633,124.07,121.115,111.052,73.572,62.462,61.587,2300.63,2300.63,2300.63
-6.337,-0.436,0,41030.672,0,261,145.617,124.035,121.1,111.053,73.56,62.484,61.617,2300.613,2300.613,2300.613
-6.321,-0.4,0,41031.369,0,261,145.636,124.009,121.09,111.068,73.555,62.525,61.659,2300.627,2300.627,2300.627
-6.318,-0.362,0,41032.069,0,261,145.632,123.984,121.079,111.064,73.55,62.56,61.703,2300.625,2300.625,2300.625
-6.322,-0.325,0,41032.77,0,261,145.644,123.966,121.066,111.081,73.535,62.597,61.74,2300.628,2300.628,2300.628
-6.321,-0.296,0,41033.468,0,261,145.638,123.932,121.044,111.07,73.512,62.631,61.78,2300.614,2300.614,2300.614
-6.308,-0.261,0,41034.167,0,261,145.635,123.911,121.036,111.083,73.515,62.678,61.825,2300.619,2300.619,2300.619
-6.291,-0.23,0,41034.874,0,261,145.642,123.883,121.022,111.076,73.499,62.707,61.855,2300.616,2300.616,2300.616
-6.301,-0.2,0,41035.568,0,261,145.644,123.868,121.004,111.08,73.485,62.75,61.906,2300.63,2300.63,2300.63
-6.301,-0.17,0,41036.291,0,261,145.661,123.848,121,111.079,73.489,62.78,61.953,2300.636,2300.636,2300.636
-6.289,-0.146,0,41036.97,0,261,145.661,123.823,120.984,111.085,73.481,62.821,61.984,2300.638,2300.638,2300.638
-6.274,-0.128,0,41037.674,0,261,145.668,123.788,120.97,111.073,73.469,62.863,62.033,2300.636,2300.636,2300.636
-6.286,-0.11,0,41038.369,0,261,145.663,123.761,120.95,111.071,73.456,62.907,62.081,2300.637,2300.637,2300.637
-6.29,-0.096,0,41039.07,0,261,145.671,123.728,120.93,111.054,73.441,62.942,62.12,2300.628,2300.628,2300.628
-6.282,-0.086,0,41039.769,0,261,145.682,123.709,120.919,111.061,73.434,63.003,62.183,2300.641,2300.641,2300.641
-6.27,-0.079,0,41040.471,0,261,145.688,123.656,120.907,111.041,73.415,63.033,62.228,2300.629,2300.629,2300.629
-6.285,-0.076,0,41041.201,0,261,145.696,123.622,120.878,111.031,73.412,63.083,62.272,2300.638,2300.638,2300.638
-6.287,-0.075,0,41041.876,0,261,145.704,123.587,120.865,111.027,73.412,63.131,62.329,2300.639,2300.639,2300.639
-6.279,-0.071,0,41042.573,0,261,145.719,123.535,120.841,111.025,73.41,63.176,62.376,2300.635,2300.635,2300.635
-6.272,-0.069,0,41043.27,0,261,145.726,123.499,120.814,111.018,73.414,63.224,62.427,2300.64,2300.64,2300.64
-6.28,-0.068,0,41043.969,0,261,145.734,123.436,120.788,111.002,73.409,63.27,62.469,2300.636,2300.636,2300.636
-6.276,-0.068,0,41044.682,0,261,145.742,123.39,120.753,110.996,73.423,63.302,62.517,2300.629,2300.629,2300.629
-6.256,-0.067,0,41045.376,0,261,145.75,123.344,120.732,110.994,73.434,63.361,62.567,2300.629,2300.629,2300.629
-6.263,-0.066,0,41046.073,0,261,145.77,123.325,120.708,110.982,73.464,63.411,62.62,2300.639,2300.639,2300.639
-6.264,-0.061,0,41046.769,0,261,145.773,123.286,120.663,110.974,73.471,63.458,62.681,2300.637,2300.637,2300.637
-6.253,-0.058,0,41047.469,0,261,145.784,123.256,120.66,110.979,73.51,63.526,62.745,2300.651,2300.651,2300.651
-6.235,-0.055,0,41048.175,0,261,145.782,123.206,120.615,110.957,73.506,63.565,62.794,2300.624,2300.624,2300.624
-6.244,-0.049,0,41048.871,0,261,145.794,123.151,120.586,110.953,73.523,63.626,62.863,2300.632,2300.632,2300.632
-6.235,-0.043,0,41049.57,0,261,145.82,123.106,120.556,110.949,73.571,63.692,62.931,2300.639,2300.639,2300.639
-6.21,-0.041,0,41050.27,0,261,145.83,123.045,120.522,110.942,73.588,63.756,63.001,2300.64,2300.64,2300.64
-6.217,-0.036,0,41050.97,0,261,145.85,122.97,120.492,110.912,73.6,63.828,63.059,2300.631,2300.631,2300.631
-6.213,-0.032,0,41051.673,0,261,145.875,122.917,120.464,110.918,73.64,63.893,63.151,2300.648,2300.648,2300.648
-6.189,-0.028,0,41052.372,0,261,145.901,122.843,120.418,110.905,73.659,63.958,63.215,2300.636,2300.636,2300.636
-6.199,-0.024,0,41053.07,0,261,145.912,122.768,120.382,110.882,73.689,64.023,63.291,2300.627,2300.627,2300.627
-6.18,-0.024,0,41053.772,0,261,145.944,122.709,120.342,110.879,73.718,64.095,63.373,2300.643,2300.643,2300.643
-6.158,-0.024,0,41054.472,0,261,145.973,122.631,120.306,110.868,73.743,64.173,63.477,2300.639,2300.639,2300.639
-6.154,-0.023,0,41055.168,0,261,145.991,122.565,120.261,110.853,73.778,64.274,63.601,2300.644,2300.644,2300.644
-6.134,-0.024,0,41055.873,0,261,146.006,122.495,120.208,110.832,73.814,64.385,63.718,2300.632,2300.632,2300.632
-6.116,-0.024,0,41056.599,0,261,146.014,122.43,120.171,110.829,73.864,64.509,63.862,2300.641,2300.641,2300.641
-6.106,-0.024,0,41057.278,0,261,146.036,122.359,120.127,110.822,73.899,64.632,63.998,2300.645,2300.645,2300.645
-6.078,-0.024,0,41057.969,0,261,146.03,122.289,120.065,110.791,73.931,64.764,64.14,2300.624,2300.624,2300.624
-6.068,-0.024,0,41058.669,0,261,146.069,122.233,120.016,110.769,73.991,64.896,64.278,2300.637,2300.637,2300.637
-6.059,-0.024,0,41059.384,0,261,146.076,122.168,119.977,110.754,74.043,65.031,64.416,2300.644,2300.644,2300.644
-6.037,-0.024,0,41060.074,0,261,146.082,122.105,119.921,110.737,74.102,65.157,64.547,2300.626,2300.626,2300.626
-6.012,-0.024,0,41060.772,0,261,146.095,122.046,119.863,110.71,74.161,65.301,64.7,2300.636,2300.636,2300.636
-6.018,-0.024,0,41061.473,0,261,146.115,121.995,119.829,110.704,74.235,65.438,64.832,2300.65,2300.65,2300.65
-6.022,-0.024,0,41062.17,0,261,146.126,121.928,119.765,110.676,74.301,65.557,64.973,2300.635,2300.635,2300.635
-6.014,-0.023,0,41062.87,0,261,146.138,121.861,119.717,110.664,74.37,65.705,65.111,2300.638,2300.638,2300.638
-6.004,-0.024,0,41063.571,0,261,146.147,121.818,119.672,110.631,74.44,65.83,65.24,2300.639,2300.639,2300.639
-6.018,-0.024,0,41064.27,0,261,146.167,121.751,119.615,110.612,74.519,65.961,65.384,2300.645,2300.645,2300.645
-6.024,-0.024,0,41064.971,0,261,146.186,121.713,119.574,110.597,74.607,66.097,65.523,2300.659,2300.659,2300.659
-6.004,-0.024,0,41065.672,0,261,146.19,121.64,119.508,110.568,74.677,66.221,65.642,2300.636,2300.636,2300.636
-5.989,-0.024,0,41066.373,0,261,146.203,121.591,119.477,110.552,74.762,66.353,65.774,2300.649,2300.649,2300.649
-5.997,-0.025,0,41067.072,0,261,146.204,121.523,119.41,110.519,74.837,66.469,65.902,2300.634,2300.634,2300.634
-6.011,-0.024,0,41067.771,0,261,146.223,121.479,119.37,110.5,74.921,66.603,66.031,2300.64,2300.64,2300.64
-6.025,-0.024,0,41068.472,0,261,146.229,121.416,119.318,110.467,75.002,66.724,66.158,2300.638,2300.638,2300.638
-6.024,-0.025,0,41069.174,0,261,146.245,121.366,119.267,110.45,75.086,66.855,66.285,2300.644,2300.644,2300.644
-6.042,-0.023,0,41069.87,0,261,146.253,121.32,119.223,110.446,75.183,66.987,66.41,2300.66,2300.66,2300.66
-6.067,-0.025,0,41070.575,0,261,146.244,121.248,119.164,110.403,75.251,67.088,66.512,2300.634,2300.634,2300.634
-6.078,-0.024,0,41071.278,0,261,146.261,121.199,119.116,110.385,75.349,67.211,66.64,2300.645,2300.645,2300.645
-6.077,-0.024,0,41071.97,0,261,146.272,121.15,119.068,110.359,75.427,67.314,66.752,2300.647,2300.647,2300.647
-6.109,-0.025,0,41072.673,0,261,146.281,121.092,119.014,110.331,75.513,67.431,66.853,2300.645,2300.645,2300.645
-6.123,-0.023,0,41073.373,0,261,146.299,121.045,118.977,110.319,75.601,67.541,66.964,2300.653,2300.653,2300.653
-6.118,-0.025,0,41074.07,0,261,146.311,120.997,118.926,110.293,75.688,67.64,67.052,2300.651,2300.651,2300.651
-6.143,-0.024,0,41074.778,0,261,146.304,120.939,118.874,110.26,75.769,67.735,67.139,2300.64,2300.64,2300.64
-6.164,-0.024,0,41075.472,0,261,146.323,120.885,118.828,110.24,75.846,67.824,67.223,2300.642,2300.642,2300.642
-6.167,-0.024,0,41076.171,0,261,146.338,120.843,118.787,110.233,75.944,67.918,67.29,2300.664,2300.664,2300.664
-6.169,-0.028,0,41076.872,0,261,146.338,120.777,118.725,110.198,76.01,67.964,67.317,2300.64,2300.64,2300.64
-6.185,-0.031,0,41077.571,0,261,146.341,120.735,118.68,110.182,76.095,68.018,67.35,2300.649,2300.649,2300.649
-6.191,-0.042,0,41078.272,0,261,146.347,120.688,118.637,110.166,76.172,68.052,67.364,2300.647,2300.647,2300.647
-6.183,-0.051,0,41078.979,0,261,146.354,120.647,118.588,110.137,76.25,68.075,67.367,2300.641,2300.641,2300.641
-6.202,-0.065,0,41079.674,0,261,146.343,120.61,118.541,110.112,76.323,68.105,67.389,2300.643,2300.643,2300.643
-6.222,-0.079,0,41080.371,0,261,146.349,120.586,118.507,110.104,76.4,68.114,67.406,2300.659,2300.659,2300.659
-6.225,-0.083,0,41081.074,0,261,146.325,120.569,118.454,110.077,76.46,68.136,67.398,2300.649,2300.649,2300.649
-6.218,-0.101,0,41081.776,0,261,146.306,120.568,118.412,110.056,76.524,68.137,67.408,2300.649,2300.649,2300.649
-6.235,-0.103,0,41082.518,0,261,146.269,120.597,118.366,110.032,76.578,68.143,67.39,2300.638,2300.638,2300.638
-6.241,-0.107,0,41083.176,0,261,146.235,120.666,118.338,110.006,76.644,68.129,67.383,2300.646,2300.646,2300.646
-6.235,-0.109,0,41083.873,0,261,146.191,120.711,118.323,109.985,76.703,68.128,67.366,2300.646,2300.646,2300.646
-6.223,-0.114,0,41084.575,0,261,146.177,120.76,118.295,109.964,76.755,68.121,67.335,2300.654,2300.654,2300.654
-6.24,-0.117,0,41085.272,0,261,146.155,120.772,118.28,109.942,76.799,68.101,67.332,2300.651,2300.651,2300.651
-6.242,-0.121,0,41085.971,0,261,146.137,120.798,118.265,109.926,76.845,68.099,67.313,2300.65,2300.65,2300.65
-6.234,-0.124,0,41086.679,0,261,146.116,120.815,118.261,109.904,76.886,68.081,67.301,2300.656,2300.656,2300.656
-6.229,-0.129,0,41087.377,0,261,146.102,120.839,118.25,109.886,76.924,68.056,67.274,2300.654,2300.654,2300.654
-6.242,-0.136,0,41088.073,0,261,146.072,120.86,118.249,109.866,76.941,68.046,67.248,2300.654,2300.654,2300.654
-6.244,-0.14,0,41088.775,0,261,146.061,120.876,118.263,109.865,76.982,68.026,67.226,2300.665,2300.665,2300.665
-6.231,-0.141,0,41089.473,0,261,146.044,120.884,118.251,109.841,77.003,68.006,67.201,2300.652,2300.652,2300.652
-6.237,-0.146,0,41090.173,0,261,146.022,120.88,118.241,109.816,77.018,67.983,67.183,2300.643,2300.643,2300.643
-6.254,-0.157,0,41090.871,0,261,145.994,120.884,118.239,109.809,77.038,67.955,67.152,2300.631,2300.631,2300.631
-6.262,-0.184,0,41091.606,0,261,146.001,120.914,118.255,109.821,77.065,67.952,67.155,2300.657,2300.657,2300.657
-6.257,-0.213,0,41092.275,0,261,145.975,120.92,118.257,109.803,77.077,67.937,67.127,2300.655,2300.655,2300.655
-6.268,-0.245,0,41092.985,0,261,145.962,120.927,118.26,109.795,77.103,67.93,67.097,2300.656,2300.656,2300.656
-6.288,-0.284,0,41093.673,0,261,145.943,120.938,118.27,109.801,77.113,67.896,67.071,2300.652,2300.652,2300.652
-6.301,-0.321,0,41094.372,0,261,145.929,120.945,118.273,109.794,77.151,67.877,67.031,2300.66,2300.66,2300.66
-6.305,-0.359,0,41095.073,0,261,145.903,120.975,118.271,109.794,77.161,67.837,66.973,2300.652,2300.652,2300.652
-6.302,-0.397,0,41095.773,0,261,145.893,120.992,118.285,109.804,77.186,67.801,66.934,2300.665,2300.665,2300.665
-6.314,-0.444,0,41096.475,0,261,145.861,121.004,118.287,109.788,77.204,67.751,66.883,2300.656,2300.656,2300.656
-6.332,-0.489,0,41097.173,0,261,145.855,121.021,118.285,109.794,77.229,67.713,66.84,2300.657,2300.657,2300.657
-6.346,-0.536,0,41097.877,0,261,145.832,121.039,118.287,109.78,77.252,67.651,66.791,2300.645,2300.645,2300.645
-6.357,-0.584,0,41098.576,0,261,145.813,121.07,118.315,109.797,77.281,67.626,66.748,2300.671,2300.671,2300.671
-6.365,-0.635,0,41099.274,0,261,145.787,121.078,118.318,109.779,77.302,67.571,66.69,2300.651,2300.651,2300.651
-6.369,-0.684,0,41099.974,0,261,145.772,121.102,118.316,109.78,77.313,67.523,66.629,2300.65,2300.65,2300.65
-6.367,-0.733,0,41100.691,0,261,145.748,121.121,118.323,109.774,77.341,67.462,66.581,2300.646,2300.646,2300.646
-6.373,-0.783,0,41101.371,0,261,145.732,121.153,118.352,109.778,77.377,67.44,66.539,2300.665,2300.665,2300.665
-6.389,-0.833,0,41102.087,0,261,145.699,121.158,118.343,109.763,77.389,67.374,66.486,2300.641,2300.641,2300.641
-6.403,-0.882,0,41102.784,0,261,145.683,121.183,118.369,109.751,77.41,67.342,66.429,2300.655,2300.655,2300.655
-6.415,-0.927,0,41103.472,0,261,145.662,121.208,118.374,109.736,77.416,67.294,66.388,2300.654,2300.654,2300.654
-6.427,-0.978,0,41104.174,0,261,145.639,121.225,118.383,109.708,77.409,67.241,66.323,2300.649,2300.649,2300.649
-6.437,-1.028,0,41104.875,0,261,145.618,121.25,118.385,109.684,77.391,67.18,66.258,2300.641,2300.641,2300.641
-6.447,-1.085,0,41105.573,0,261,145.603,121.282,118.405,109.654,77.393,67.136,66.206,2300.651,2300.651,2300.651
-6.456,-1.14,0,41106.274,0,261,145.597,121.318,118.444,109.645,77.374,67.086,66.149,2300.679,2300.679,2300.679
-6.464,-1.204,0,41106.974,0,261,145.577,121.334,118.449,109.609,77.346,67.017,66.076,2300.678,2300.678,2300.678
-6.472,-1.271,0,41107.672,0,261,145.549,121.356,118.456,109.583,77.302,66.945,65.99,2300.653,2300.653,2300.653
-6.48,-1.337,0,41108.375,0,261,145.51,121.386,118.462,109.548,77.26,66.869,65.913,2300.652,2300.652,2300.652
-6.486,-1.416,0,41109.085,0,261,145.497,121.424,118.483,109.523,77.226,66.805,65.844,2300.663,2300.663,2300.663
-6.493,-1.489,0,41109.775,0,261,145.468,121.459,118.503,109.49,77.172,66.723,65.767,2300.651,2300.651,2300.651
-6.5,-1.563,0,41110.5,0,261,145.466,121.505,118.518,109.464,77.128,66.663,65.708,2300.667,2300.667,2300.667
-6.506,-1.632,0,41111.174,0,261,145.442,121.551,118.544,109.441,77.059,66.609,65.655,2300.672,2300.672,2300.672
-6.515,-1.722,0,41111.887,0,261,145.413,121.578,118.557,109.424,76.988,66.536,65.59,2300.664,2300.664,2300.664
-6.523,-1.806,0,41112.576,0,261,145.38,121.607,118.57,109.398,76.92,66.47,65.521,2300.658,2300.658,2300.658
-6.53,-1.892,0,41113.273,0,261,145.373,121.657,118.582,109.387,76.852,66.409,65.463,2300.659,2300.659,2300.659
-6.537,-1.988,0,41113.978,0,261,145.337,121.682,118.612,109.372,76.781,66.354,65.392,2300.655,2300.655,2300.655
-6.543,-2.065,0,41114.709,0,261,145.323,121.707,118.634,109.362,76.713,66.28,65.327,2300.651,2300.651,2300.651
-6.549,-2.16,0,41115.404,0,261,145.314,121.74,118.661,109.353,76.639,66.221,65.269,2300.665,2300.665,2300.665
-6.549,-2.233,0,41116.114,0,261,145.274,121.76,118.675,109.336,76.569,66.152,65.189,2300.648,2300.648,2300.648
-6.55,-2.306,0,41116.788,0,261,145.278,121.794,118.712,109.332,76.496,66.086,65.12,2300.663,2300.663,2300.663
-6.552,-2.291,0,41117.474,0,261,145.261,121.816,118.731,109.323,76.431,66.024,65.058,2300.672,2300.672,2300.672
-6.562,-2.329,0,41118.174,0,261,145.233,121.844,118.752,109.32,76.369,65.945,64.991,2300.665,2300.665,2300.665
-6.575,-2.407,0,41118.876,0,261,145.206,121.859,118.774,109.321,76.304,65.877,64.921,2300.665,2300.665,2300.665
-6.587,-2.483,0,41119.574,0,261,145.175,121.872,118.781,109.311,76.229,65.797,64.83,2300.641,2300.641,2300.641
-6.597,-2.557,0,41120.277,0,261,145.192,121.912,118.811,109.308,76.184,65.747,64.786,2300.669,2300.669,2300.669
-6.604,-2.609,0,41120.983,0,261,145.16,121.918,118.814,109.298,76.101,65.664,64.708,2300.648,2300.648,2300.648
-6.606,-2.665,0,41121.673,0,261,145.15,121.94,118.847,109.296,76.046,65.597,64.639,2300.658,2300.658,2300.658
-6.609,-2.72,0,41122.379,0,261,145.129,121.959,118.866,109.288,75.979,65.53,64.558,2300.645,2300.645,2300.645
-6.609,-2.779,0,41123.085,0,261,145.113,121.973,118.894,109.287,75.929,65.453,64.488,2300.657,2300.657,2300.657
-6.607,-2.838,0,41123.776,0,261,145.11,121.985,118.914,109.301,75.874,65.385,64.418,2300.665,2300.665,2300.665
-6.621,-2.898,0,41124.478,0,261,145.101,122.008,118.938,109.297,75.83,65.303,64.346,2300.67,2300.67,2300.67
-6.635,-2.962,0,41125.175,0,261,145.086,122.003,118.94,109.289,75.77,65.235,64.256,2300.662,2300.662,2300.662
-6.648,-3.02,0,41125.878,0,261,145.068,122.016,118.961,109.292,75.71,65.154,64.189,2300.661,2300.661,2300.661
-6.657,-3.077,0,41126.575,0,261,145.061,122.025,118.977,109.306,75.679,65.092,64.126,2300.671,2300.671,2300.671
-6.66,-3.134,0,41127.276,0,261,145.052,122.031,118.992,109.327,75.631,65.015,64.054,2300.674,2300.674,2300.674
-6.661,-3.182,0,41127.98,0,261,145.031,122.043,119.001,109.327,75.577,64.948,63.983,2300.663,2300.663,2300.663
-6.656,-3.228,0,41128.678,0,261,145.008,122.054,119.021,109.327,75.538,64.873,63.919,2300.658,2300.658,2300.658
-6.676,-3.276,0,41129.375,0,261,145.004,122.059,119.03,109.349,75.493,64.821,63.868,2300.665,2300.665,2300.665
-6.69,-3.323,0,41130.076,0,261,144.98,122.082,119.051,109.365,75.465,64.776,63.809,2300.676,2300.676,2300.676
-6.698,-3.372,0,41130.779,0,261,144.976,122.092,119.059,109.37,75.414,64.71,63.753,2300.67,2300.67,2300.67
-6.7,-3.437,0,41131.476,0,261,144.959,122.11,119.068,109.384,75.381,64.657,63.711,2300.667,2300.667,2300.667
-6.696,-3.498,0,41132.175,0,261,144.95,122.125,119.091,109.409,75.34,64.595,63.646,2300.666,2300.666,2300.666
-6.709,-3.555,0,41132.875,0,261,144.93,122.137,119.099,109.41,75.305,64.551,63.597,2300.668,2300.668,2300.668
-6.726,-3.609,0,41133.578,0,261,144.912,122.153,119.116,109.421,75.273,64.498,63.547,2300.67,2300.67,2300.67
-6.733,-3.66,0,41134.276,0,261,144.9,122.186,119.12,109.448,75.237,64.458,63.493,2300.677,2300.677,2300.677
-6.732,-3.701,0,41134.975,0,261,144.881,122.203,119.131,109.447,75.206,64.399,63.443,2300.671,2300.671,2300.671
-6.732,-3.761,0,41135.676,0,261,144.871,122.232,119.152,109.477,75.178,64.34,63.384,2300.676,2300.676,2300.676
-6.752,-3.823,0,41136.391,0,261,144.845,122.244,119.168,109.478,75.149,64.28,63.329,2300.666,2300.666,2300.666
-6.759,-3.889,0,41137.078,0,261,144.822,122.275,119.18,109.479,75.118,64.227,63.271,2300.661,2300.661,2300.661
-6.75,-3.945,0,41137.776,0,261,144.793,122.296,119.196,109.498,75.098,64.176,63.215,2300.66,2300.66,2300.66
-6.761,-4.012,0,41138.475,0,261,144.779,122.325,119.219,109.505,75.082,64.124,63.161,2300.667,2300.667,2300.667
-6.78,-4.086,0,41139.18,0,261,144.775,122.35,119.23,109.518,75.054,64.068,63.101,2300.656,2300.656,2300.656
-6.781,-4.157,0,41139.877,0,261,144.762,122.372,119.261,109.542,75.042,64.018,63.042,2300.677,2300.677,2300.677
-6.77,-4.23,0,41140.575,0,261,144.733,122.396,119.264,109.552,75,63.952,62.982,2300.658,2300.658,2300.658
-6.795,-4.29,0,41141.288,0,261,144.722,122.411,119.293,109.572,74.979,63.898,62.945,2300.667,2300.667,2300.667
-6.803,-4.35,0,41141.975,0,261,144.707,122.429,119.303,109.585,74.95,63.849,62.884,2300.659,2300.659,2300.659
-6.789,-4.417,0,41142.683,0,261,144.69,122.45,119.315,109.603,74.928,63.798,62.822,2300.667,2300.667,2300.667
-6.805,-4.48,0,41143.378,0,261,144.684,122.469,119.344,109.619,74.914,63.741,62.785,2300.667,2300.667,2300.667
-6.819,-4.538,0,41144.078,0,261,144.681,122.482,119.366,109.632,74.884,63.705,62.735,2300.67,2300.67,2300.67
-6.814,-4.588,0,41144.777,0,261,144.669,122.483,119.38,109.659,74.859,63.653,62.686,2300.675,2300.675,2300.675
-6.818,-4.635,0,41145.476,0,261,144.648,122.498,119.397,109.664,74.837,63.6,62.648,2300.669,2300.669,2300.669
-6.834,-4.681,0,41146.178,0,261,144.634,122.517,119.414,109.687,74.815,63.559,62.588,2300.667,2300.667,2300.667
-6.832,-4.716,0,41146.881,0,261,144.626,122.531,119.432,109.69,74.803,63.527,62.545,2300.666,2300.666,2300.666
-6.832,-4.757,0,41147.576,0,261,144.611,122.543,119.444,109.711,74.788,63.462,62.517,2300.665,2300.665,2300.665
-6.847,-4.8,0,41148.276,0,261,144.602,122.556,119.448,109.727,74.775,63.44,62.474,2300.674,2300.674,2300.674
-6.831,-4.848,0,41148.993,0,261,144.581,122.564,119.473,109.741,74.766,63.402,62.437,2300.662,2300.662,2300.662
-6.853,-4.871,0,41149.676,0,261,144.573,122.577,119.483,109.752,74.742,63.364,62.411,2300.67,2300.67,2300.67
-6.856,-4.908,0,41150.38,0,261,144.562,122.622,119.513,109.77,74.748,63.337,62.384,2300.689,2300.689,2300.689
-6.85,-4.933,0,41151.077,0,261,144.548,122.618,119.504,109.775,74.734,63.295,62.337,2300.666,2300.666,2300.666
-6.869,-4.982,0,41151.777,0,261,144.529,122.645,119.535,109.789,74.738,63.273,62.319,2300.681,2300.681,2300.681
-6.865,-5.041,0,41152.475,0,261,144.526,122.664,119.554,109.795,74.738,63.251,62.286,2300.684,2300.684,2300.684
-6.869,-5.052,0,41153.177,0,261,144.494,122.668,119.551,109.789,74.716,63.207,62.254,2300.656,2300.656,2300.656
-6.877,-5.053,0,41153.878,0,261,144.482,122.693,119.575,109.803,74.708,63.194,62.235,2300.669,2300.669,2300.669
-6.855,-5.052,0,41154.604,0,261,144.472,122.722,119.599,109.807,74.706,63.165,62.21,2300.675,2300.675,2300.675
-6.874,-5.051,0,41155.276,0,261,144.458,122.724,119.607,109.8,74.689,63.146,62.182,2300.678,2300.678,2300.678
-6.871,-5.05,0,41155.976,0,261,144.465,122.763,119.639,109.816,74.668,63.12,62.169,2300.698,2300.698,2300.698
-6.862,-5.051,0,41156.685,0,261,144.441,122.778,119.651,109.806,74.654,63.097,62.143,2300.682,2300.682,2300.682
-6.887,-5.066,0,41157.379,0,261,144.421,122.791,119.657,109.8,74.617,63.065,62.12,2300.675,2300.675,2300.675
-6.901,-5.147,0,41158.086,0,261,144.405,122.797,119.664,109.79,74.605,63.032,62.082,2300.665,2300.665,2300.665
-6.916,-5.141,0,41158.779,0,261,144.386,122.842,119.692,109.743,74.648,63.021,62.068,2300.676,2300.676,2300.676
-6.917,-5.087,0,41159.509,0,261,144.363,122.889,119.705,109.704,74.694,62.998,62.042,2300.68,2300.68,2300.68
-6.895,-5.035,0,41160.176,0,261,144.328,122.944,119.719,109.655,74.733,62.976,62.03,2300.682,2300.682,2300.682
-6.913,-5.01,0,41160.878,0,261,144.32,122.979,119.742,109.62,74.762,62.957,62.002,2300.68,2300.68,2300.68
-6.903,-4.979,0,41161.576,0,261,144.283,123.019,119.761,109.59,74.775,62.937,61.975,2300.683,2300.683,2300.683
-6.898,-4.93,0,41162.282,0,261,144.259,123.033,119.765,109.552,74.78,62.904,61.95,2300.668,2300.668,2300.668
-6.9,-4.892,0,41162.983,0,261,144.257,123.084,119.801,109.516,74.797,62.908,61.943,2300.691,2300.691,2300.691
-6.875,-4.825,0,41163.68,0,261,144.242,123.096,119.809,109.51,74.78,62.888,61.914,2300.674,2300.674,2300.674
-6.887,-4.759,0,41164.377,0,261,144.225,123.124,119.826,109.484,74.767,62.863,61.904,2300.678,2300.678,2300.678
-6.857,-4.681,0,41165.08,0,261,144.208,123.141,119.847,109.454,74.737,62.839,61.888,2300.667,2300.667,2300.667
-6.868,-4.612,0,41165.783,0,261,144.199,123.183,119.875,109.444,74.728,62.843,61.875,2300.688,2300.688,2300.688
-6.853,-4.542,0,41166.485,0,261,144.175,123.181,119.884,109.435,74.693,62.827,61.866,2300.67,2300.67,2300.67
-6.848,-4.473,0,41167.177,0,261,144.168,123.212,119.904,109.432,74.664,62.822,61.866,2300.682,2300.682,2300.682
-6.837,-4.407,0,41167.879,0,261,144.149,123.23,119.915,109.406,74.634,62.803,61.853,2300.668,2300.668,2300.668
-6.83,-4.338,0,41168.579,0,261,144.135,123.24,119.936,109.423,74.597,62.808,61.853,2300.672,2300.672,2300.672
-6.823,-4.259,0,41169.281,0,261,144.125,123.28,119.973,109.421,74.553,62.802,61.85,2300.687,2300.687,2300.687
-6.813,-4.187,0,41169.979,0,261,144.112,123.291,119.975,109.416,74.519,62.794,61.844,2300.685,2300.685,2300.685
-6.806,-4.096,0,41170.68,0,261,144.099,123.287,119.985,109.435,74.481,62.785,61.83,2300.677,2300.677,2300.677
-6.795,-4.016,0,41171.378,0,261,144.089,123.303,120.002,109.428,74.44,62.767,61.823,2300.668,2300.668,2300.668
-6.788,-3.954,0,41172.084,0,261,144.072,123.331,120.018,109.444,74.403,62.772,61.824,2300.68,2300.68,2300.68
-6.778,-3.89,0,41172.779,0,261,144.059,123.34,120.031,109.448,74.37,62.764,61.825,2300.68,2300.68,2300.68
-6.771,-3.847,0,41173.479,0,261,144.049,123.353,120.052,109.474,74.322,62.757,61.826,2300.681,2300.681,2300.681
-6.769,-3.799,0,41174.184,0,261,144.042,123.364,120.07,109.496,74.277,62.758,61.816,2300.686,2300.686,2300.686
-6.759,-3.757,0,41174.882,0,261,144.028,123.364,120.082,109.488,74.24,62.746,61.81,2300.676,2300.676,2300.676
-6.76,-3.713,0,41175.584,0,261,144.004,123.375,120.091,109.497,74.183,62.728,61.799,2300.665,2300.665,2300.665
-6.738,-3.68,0,41176.29,0,261,144.004,123.384,120.109,109.522,74.149,62.735,61.808,2300.679,2300.679,2300.679
-6.753,-3.628,0,41176.979,0,261,143.995,123.39,120.121,109.532,74.111,62.735,61.814,2300.674,2300.674,2300.674
-6.729,-3.615,0,41177.695,0,261,143.983,123.396,120.133,109.548,74.084,62.731,61.81,2300.671,2300.671,2300.671
-6.749,-3.614,0,41178.384,0,261,143.97,123.412,120.153,109.558,74.051,62.733,61.814,2300.672,2300.672,2300.672
-6.729,-3.582,0,41179.078,0,261,143.964,123.427,120.167,109.582,74.031,62.741,61.81,2300.682,2300.682,2300.682
-6.747,-3.551,0,41179.784,0,261,143.96,123.438,120.171,109.6,74.018,62.724,61.801,2300.678,2300.678,2300.678
-6.725,-3.507,0,41180.478,0,261,143.941,123.441,120.189,109.616,74.016,62.726,61.806,2300.679,2300.679,2300.679
-6.738,-3.483,0,41181.193,0,261,143.948,123.453,120.217,109.649,74.007,62.731,61.81,2300.697,2300.697,2300.697
-6.723,-3.445,0,41181.878,0,261,143.926,123.461,120.221,109.658,73.993,62.712,61.79,2300.687,2300.687,2300.687
-6.731,-3.394,0,41182.594,0,261,143.907,123.466,120.226,109.675,73.992,62.706,61.776,2300.681,2300.681,2300.681
-6.719,-3.349,0,41183.279,0,261,143.909,123.478,120.229,109.691,73.987,62.696,61.768,2300.685,2300.685,2300.685
-6.724,-3.318,0,41183.981,0,261,143.89,123.483,120.244,109.712,73.979,62.67,61.726,2300.677,2300.677,2300.677
-6.721,-3.274,0,41184.679,0,261,143.877,123.507,120.261,109.732,73.999,62.654,61.722,2300.698,2300.698,2300.698
-6.719,-3.247,0,41185.379,0,261,143.866,123.509,120.273,109.745,73.983,62.631,61.7,2300.68,2300.68,2300.68
-6.721,-3.202,0,41186.08,0,261,143.861,123.526,120.28,109.744,73.998,62.624,61.68,2300.688,2300.688,2300.688
-6.716,-3.133,0,41186.785,0,261,143.845,123.545,120.286,109.771,74.016,62.606,61.66,2300.691,2300.691,2300.691
-6.718,-3.062,0,41187.499,0,261,143.834,123.54,120.295,109.761,74.032,62.586,61.639,2300.676,2300.676,2300.676
-6.7,-2.966,0,41188.19,0,261,143.82,123.558,120.309,109.77,74.056,62.589,61.637,2300.686,2300.686,2300.686
-6.702,-2.864,0,41188.879,0,261,143.813,123.576,120.324,109.775,74.072,62.567,61.617,2300.682,2300.682,2300.682
-6.678,-2.756,0,41189.58,0,261,143.808,123.582,120.332,109.774,74.107,62.556,61.617,2300.687,2300.687,2300.687
-6.68,-2.636,0,41190.292,0,261,143.784,123.585,120.342,109.77,74.117,62.541,61.604,2300.677,2300.677,2300.677
-6.651,-2.53,0,41190.987,0,261,143.776,123.588,120.351,109.769,74.152,62.537,61.594,2300.677,2300.677,2300.677
-6.657,-2.423,0,41191.685,0,261,143.761,123.591,120.365,109.776,74.157,62.532,61.602,2300.678,2300.678,2300.678
-6.625,-2.303,0,41192.381,0,261,143.772,123.602,120.367,109.792,74.173,62.534,61.599,2300.689,2300.689,2300.689
-6.629,-2.194,0,41193.079,0,261,143.752,123.599,120.382,109.806,74.183,62.53,61.605,2300.687,2300.687,2300.687
-6.597,-2.086,0,41193.79,0,261,143.75,123.612,120.398,109.815,74.193,62.545,61.608,2300.696,2300.696,2300.696
-6.602,-1.997,0,41194.478,0,261,143.743,123.603,120.402,109.817,74.183,62.543,61.615,2300.679,2300.679,2300.679
-6.582,-1.903,0,41195.179,0,261,143.735,123.608,120.4,109.831,74.174,62.55,61.629,2300.686,2300.686,2300.686
-6.572,-1.815,0,41195.879,0,261,143.73,123.614,120.418,109.848,74.162,62.554,61.635,2300.682,2300.682,2300.682
-6.555,-1.738,0,41196.578,0,261,143.718,123.614,120.419,109.877,74.167,62.568,61.654,2300.695,2300.695,2300.695
-6.544,-1.663,0,41197.282,0,261,143.713,123.612,120.432,109.928,74.151,62.595,61.678,2300.695,2300.695,2300.695
-6.532,-1.592,0,41197.98,0,261,143.704,123.594,120.435,109.948,74.133,62.595,61.687,2300.686,2300.686,2300.686
-6.518,-1.523,0,41198.686,0,261,143.703,123.599,120.436,109.982,74.117,62.596,61.7,2300.683,2300.683,2300.683
-6.512,-1.454,0,41199.382,0,261,143.69,123.603,120.443,110.039,74.1,62.633,61.719,2300.689,2300.689,2300.689
-6.496,-1.392,0,41200.081,0,261,143.695,123.593,120.452,110.082,74.093,62.641,61.745,2300.693,2300.693,2300.693
-6.493,-1.33,0,41200.785,0,261,143.677,123.589,120.451,110.131,74.077,62.656,61.756,2300.688,2300.688,2300.688
-6.475,-1.265,0,41201.48,0,261,143.674,123.57,120.461,110.168,74.06,62.674,61.757,2300.683,2300.683,2300.683
-6.471,-1.203,0,41202.181,0,261,143.682,123.576,120.463,110.226,74.064,62.693,61.783,2300.71,2300.71,2300.71
-6.457,-1.139,0,41202.88,0,261,143.675,123.56,120.461,110.26,74.044,62.7,61.79,2300.688,2300.688,2300.688
-6.451,-1.087,0,41203.58,0,261,143.658,123.525,120.458,110.28,74.033,62.706,61.805,2300.681,2300.681,2300.681
-6.443,-1.037,0,41204.281,0,261,143.678,123.528,120.47,110.323,74.026,62.727,61.825,2300.699,2300.699,2300.699
-6.43,-0.976,0,41204.98,0,261,143.664,123.515,120.47,110.358,74.018,62.753,61.849,2300.699,2300.699,2300.699
-6.426,-0.913,0,41205.68,0,261,143.671,123.512,120.479,110.402,74.016,62.778,61.882,2300.708,2300.708,2300.708
-6.4,-0.865,0,41206.386,0,261,143.671,123.479,120.469,110.425,74.005,62.793,61.912,2300.699,2300.699,2300.699
-6.411,-0.818,0,41207.088,0,261,143.671,123.457,120.46,110.456,73.995,62.823,61.938,2300.696,2300.696,2300.696
-6.389,-0.773,0,41207.782,0,261,143.677,123.441,120.463,110.48,73.996,62.859,61.978,2300.696,2300.696,2300.696
-6.391,-0.74,0,41208.48,0,261,143.67,123.404,120.461,110.498,73.982,62.879,62.01,2300.688,2300.688,2300.688
-6.388,-0.705,0,41209.179,0,261,143.678,123.375,120.452,110.535,73.975,62.916,62.046,2300.701,2300.701,2300.701
-6.363,-0.662,0,41209.88,0,261,143.691,123.345,120.444,110.559,73.97,62.938,62.063,2300.692,2300.692,2300.692
-6.378,-0.632,0,41210.582,0,261,143.704,123.321,120.443,110.565,73.976,62.976,62.113,2300.696,2300.696,2300.696
-6.367,-0.577,0,41211.293,0,261,143.689,123.298,120.423,110.591,73.976,63.007,62.144,2300.696,2300.696,2300.696
-6.345,-0.543,0,41211.983,0,261,143.679,123.264,120.41,110.601,73.978,63.024,62.171,2300.677,2300.677,2300.677
-6.354,-0.5,0,41212.68,0,261,143.693,123.238,120.405,110.614,73.982,63.063,62.213,2300.686,2300.686,2300.686
-6.347,-0.459,0,41213.381,0,261,143.692,123.208,120.396,110.631,73.992,63.105,62.248,2300.695,2300.695,2300.695
-6.325,-0.418,0,41214.08,0,261,143.699,123.194,120.378,110.63,73.982,63.139,62.278,2300.687,2300.687,2300.687
-6.326,-0.383,0,41214.781,0,261,143.696,123.156,120.36,110.641,73.984,63.166,62.317,2300.686,2300.686,2300.686
-6.329,-0.347,0,41215.481,0,261,143.704,123.134,120.356,110.637,73.97,63.207,62.353,2300.686,2300.686,2300.686
-6.32,-0.314,0,41216.189,0,261,143.718,123.123,120.351,110.653,73.979,63.244,62.401,2300.702,2300.702,2300.702
-6.3,-0.276,0,41216.898,0,261,143.715,123.097,120.326,110.656,73.961,63.275,62.436,2300.696,2300.696,2300.696
-6.302,-0.242,0,41217.58,0,261,143.706,123.062,120.307,110.648,73.951,63.32,62.48,2300.697,2300.697,2300.697
-6.304,-0.214,0,41218.28,0,261,143.729,123.058,120.301,110.66,73.956,63.365,62.519,2300.71,2300.71,2300.71
-6.301,-0.189,0,41218.98,0,261,143.712,123.007,120.268,110.644,73.927,63.383,62.556,2300.689,2300.689,2300.689
-6.291,-0.166,0,41219.681,0,261,143.702,122.975,120.251,110.631,73.908,63.414,62.581,2300.681,2300.681,2300.681
-6.277,-0.146,0,41220.38,0,261,143.715,122.96,120.246,110.638,73.902,63.461,62.637,2300.698,2300.698,2300.698
-6.279,-0.128,0,41221.082,0,261,143.721,122.932,120.225,110.637,73.901,63.492,62.669,2300.699,2300.699,2300.699
-6.288,-0.112,0,41221.782,0,261,143.721,122.912,120.211,110.627,73.89,63.536,62.723,2300.704,2300.704,2300.704
-6.29,-0.094,0,41222.482,0,261,143.725,122.886,120.186,110.616,73.884,63.57,62.761,2300.701,2300.701,2300.701
-6.283,-0.082,0,41223.188,0,261,143.73,122.845,120.171,110.594,73.861,63.609,62.809,2300.687,2300.687,2300.687
-6.271,-0.08,0,41223.881,0,261,143.732,122.813,120.15,110.589,73.851,63.657,62.855,2300.69,2300.69,2300.69
-6.273,-0.078,0,41224.582,0,261,143.747,122.78,120.126,110.581,73.855,63.709,62.907,2300.705,2300.705,2300.705
-6.284,-0.075,0,41225.307,0,261,143.757,122.726,120.1,110.567,73.839,63.739,62.947,2300.683,2300.683,2300.683
-6.285,-0.072,0,41225.983,0,261,143.763,122.68,120.076,110.561,73.842,63.796,62.996,2300.693,2300.693,2300.693
-6.275,-0.068,0,41226.682,0,261,143.776,122.637,120.067,110.556,73.843,63.828,63.041,2300.696,2300.696,2300.696
-6.261,-0.07,0,41227.38,0,261,143.796,122.595,120.036,110.551,73.861,63.872,63.09,2300.703,2300.703,2300.703
-6.265,-0.07,0,41228.087,0,261,143.8,122.55,120.003,110.543,73.872,63.916,63.135,2300.698,2300.698,2300.698
-6.268,-0.068,0,41228.783,0,261,143.804,122.505,119.976,110.533,73.879,63.964,63.176,2300.699,2300.699,2300.699
-6.267,-0.065,0,41229.482,0,261,143.815,122.479,119.951,110.527,73.895,64.011,63.227,2300.702,2300.702,2300.702
-6.26,-0.061,0,41230.216,0,261,143.815,122.438,119.918,110.515,73.909,64.059,63.285,2300.694,2300.694,2300.694
-6.25,-0.057,0,41230.883,0,261,143.829,122.399,119.9,110.509,73.932,64.112,63.338,2300.703,2300.703,2300.703
-6.238,-0.054,0,41231.585,0,261,143.839,122.355,119.867,110.496,73.956,64.161,63.398,2300.703,2300.703,2300.703
-6.221,-0.048,0,41232.284,0,261,143.858,122.295,119.838,110.498,73.973,64.228,63.469,2300.702,2300.702,2300.702
-6.215,-0.044,0,41232.991,0,261,143.862,122.247,119.801,110.483,73.994,64.277,63.545,2300.695,2300.695,2300.695
-6.216,-0.039,0,41233.681,0,261,143.875,122.18,119.76,110.462,74.016,64.337,63.607,2300.697,2300.697,2300.697
-6.215,-0.035,0,41234.383,0,261,143.895,122.121,119.741,110.449,74.035,64.401,63.672,2300.705,2300.705,2300.705
-6.212,-0.032,0,41235.083,0,261,143.926,122.046,119.692,110.432,74.06,64.47,63.733,2300.697,2300.697,2300.697
-6.205,-0.027,0,41235.783,0,261,143.946,121.982,119.67,110.428,74.088,64.534,63.813,2300.708,2300.708,2300.708
-6.186,-0.025,0,41236.496,0,261,143.955,121.909,119.617,110.415,74.106,64.605,63.881,2300.698,2300.698,2300.698
-6.166,-0.026,0,41237.193,0,261,144,121.844,119.588,110.4,74.131,64.686,63.993,2300.713,2300.713,2300.713
-6.143,-0.026,0,41237.883,0,261,143.998,121.77,119.537,110.386,74.161,64.772,64.087,2300.702,2300.702,2300.702
-6.123,-0.027,0,41238.581,0,261,144.03,121.702,119.495,110.365,74.192,64.879,64.223,2300.706,2300.706,2300.706
-6.111,-0.027,0,41239.29,0,261,144.033,121.641,119.452,110.348,74.234,64.992,64.358,2300.71,2300.71,2300.71
-6.104,-0.026,0,41239.986,0,261,144.034,121.559,119.384,110.322,74.26,65.109,64.48,2300.685,2300.685,2300.685
-6.092,-0.026,0,41240.684,0,261,144.064,121.517,119.36,110.323,74.311,65.249,64.637,2300.719,2300.719,2300.719
-6.082,-0.026,0,41241.381,0,261,144.067,121.441,119.301,110.307,74.346,65.368,64.766,2300.702,2300.702,2300.702
-6.069,-0.026,0,41242.087,0,261,144.08,121.381,119.256,110.272,74.4,65.495,64.905,2300.696,2300.696,2300.696
-6.051,-0.025,0,41242.786,0,261,144.092,121.326,119.214,110.258,74.461,65.628,65.05,2300.711,2300.711,2300.711
-6.03,-0.026,0,41243.491,0,261,144.098,121.271,119.162,110.231,74.522,65.766,65.184,2300.703,2300.703,2300.703
-6.01,-0.026,0,41244.185,0,261,144.113,121.208,119.093,110.206,74.582,65.902,65.314,2300.699,2300.699,2300.699
-6.021,-0.027,0,41244.887,0,261,144.116,121.152,119.052,110.194,74.636,66.024,65.446,2300.694,2300.694,2300.694
-6.027,-0.025,0,41245.587,0,261,144.131,121.099,119.014,110.173,74.711,66.163,65.582,2300.708,2300.708,2300.708
-6.025,-0.026,0,41246.282,0,261,144.137,121.043,118.956,110.155,74.769,66.287,65.719,2300.699,2300.699,2300.699
-6.02,-0.026,0,41246.983,0,261,144.152,120.98,118.91,110.127,74.848,66.417,65.851,2300.699,2300.699,2300.699
-6.005,-0.025,0,41247.684,0,261,144.163,120.929,118.859,110.103,74.931,66.551,65.974,2300.702,2300.702,2300.702
-5.99,-0.025,0,41248.384,0,261,144.159,120.874,118.81,110.076,74.999,66.667,66.096,2300.699,2300.699,2300.699
-6.002,-0.026,0,41249.087,0,261,144.167,120.809,118.76,110.055,75.076,66.794,66.218,2300.695,2300.695,2300.695
-6.008,-0.026,0,41249.782,0,261,144.193,120.757,118.706,110.033,75.161,66.919,66.347,2300.701,2300.701,2300.701
