pos,load,Var3,time,Var5,Var6,T_oven,T_Cu1,T_Cu2,T_Inco1,T_Inco2,T_Cu3,T_Cu4,Var14,Var15,Var16
-6.004,-0.001,0,37525.04,0,261,155.378,72.019,69.501,63.159,51.653,47.635,47.32,2299.065,2299.065,2299.065
-6.014,-0.001,0,37525.739,0,261,155.399,72.079,69.57,63.224,51.712,47.691,47.374,2299.078,2299.078,2299.078
-6.017,-0.001,0,37526.446,0,261,155.392,72.131,69.62,63.274,51.746,47.725,47.408,2299.063,2299.063,2299.063
-6.004,-0.001,0,37527.14,0,261,155.397,72.197,69.678,63.331,51.8,47.777,47.455,2299.063,2299.063,2299.063
-6.019,0,0,37527.84,0,261,155.405,72.254,69.732,63.379,51.841,47.818,47.498,2299.058,2299.058,2299.058
-6.02,-0.001,0,37528.539,0,261,155.421,72.309,69.795,63.443,51.891,47.861,47.551,2299.065,2299.065,2299.065
-6.047,-0.001,0,37529.24,0,261,155.416,72.355,69.841,63.491,51.933,47.905,47.591,2299.048,2299.048,2299.048
-6.061,-0.001,0,37529.945,0,261,155.419,72.42,69.909,63.54,51.987,47.957,47.634,2299.059,2299.059,2299.059
-6.07,-0.001,0,37530.639,0,261,155.44,72.485,69.967,63.605,52.037,47.996,47.68,2299.064,2299.064,2299.064
-6.083,-0.001,0,37531.339,0,261,155.441,72.543,70.032,63.667,52.1,48.046,47.717,2299.073,2299.073,2299.073
-6.098,-0.001,0,37532.048,0,261,155.454,72.603,70.093,63.715,52.148,48.093,47.771,2299.073,2299.073,2299.073
-6.114,-0.001,0,37532.744,0,261,155.456,72.652,70.137,63.768,52.178,48.123,47.791,2299.058,2299.058,2299.058
-6.13,-0.001,0,37533.444,0,261,155.455,72.709,70.195,63.832,52.228,48.176,47.831,2299.064,2299.064,2299.064
-6.134,0,0,37534.14,0,261,155.459,72.766,70.259,63.885,52.284,48.212,47.87,2299.071,2299.071,2299.071
-6.167,-0.001,0,37534.84,0,261,155.476,72.829,70.311,63.952,52.336,48.244,47.896,2299.086,2299.086,2299.086
-6.16,-0.003,0,37535.539,0,261,155.468,72.887,70.371,63.998,52.37,48.276,47.919,2299.074,2299.074,2299.074
-6.178,-0.012,0,37536.239,0,261,155.467,72.932,70.42,64.049,52.41,48.282,47.908,2299.054,2299.054,2299.054
-6.178,-0.019,0,37536.939,0,261,155.476,72.988,70.487,64.109,52.473,48.301,47.912,2299.078,2299.078,2299.078
-6.17,-0.029,0,37537.639,0,261,155.492,73.057,70.54,64.161,52.519,48.304,47.897,2299.07,2299.07,2299.07
-6.191,-0.048,0,37538.34,0,261,155.492,73.125,70.61,64.221,52.572,48.292,47.891,2299.079,2299.079,2299.079
-6.186,-0.068,0,37539.039,0,261,155.479,73.177,70.641,64.257,52.592,48.277,47.872,2299.052,2299.052,2299.052
-6.198,-0.087,0,37539.739,0,261,155.473,73.263,70.715,64.327,52.641,48.287,47.871,2299.071,2299.071,2299.071
-6.198,-0.087,0,37540.452,0,261,155.467,73.349,70.764,64.383,52.685,48.272,47.862,2299.063,2299.063,2299.063
-6.185,-0.091,0,37541.143,0,261,155.461,73.445,70.829,64.44,52.726,48.27,47.846,2299.071,2299.071,2299.071
-6.203,-0.093,0,37541.84,0,261,155.441,73.519,70.892,64.483,52.762,48.264,47.842,2299.063,2299.063,2299.063
-6.196,-0.094,0,37542.549,0,261,155.439,73.603,70.947,64.538,52.802,48.248,47.824,2299.059,2299.059,2299.059
-6.197,-0.094,0,37543.244,0,261,155.435,73.684,71.028,64.6,52.839,48.253,47.822,2299.071,2299.071,2299.071
-6.204,-0.096,0,37543.948,0,261,155.427,73.772,71.092,64.66,52.865,48.246,47.825,2299.079,2299.079,2299.079
-6.195,-0.099,0,37544.641,0,261,155.418,73.847,71.149,64.706,52.894,48.231,47.817,2299.068,2299.068,2299.068
-6.196,-0.104,0,37545.34,0,261,155.408,73.92,71.22,64.759,52.922,48.241,47.817,2299.073,2299.073,2299.073
-6.206,-0.111,0,37546.044,0,261,155.404,73.999,71.292,64.822,52.953,48.243,47.817,2299.074,2299.074,2299.074
-6.195,-0.116,0,37546.741,0,261,155.39,74.081,71.37,64.882,52.978,48.228,47.805,2299.072,2299.072,2299.072
-6.197,-0.123,0,37547.44,0,261,155.391,74.15,71.423,64.928,52.995,48.242,47.809,2299.071,2299.071,2299.071
-6.207,-0.129,0,37548.15,0,261,155.385,74.237,71.508,65.006,53.035,48.247,47.82,2299.08,2299.08,2299.08
-6.202,-0.141,0,37548.84,0,261,155.371,74.302,71.569,65.047,53.047,48.234,47.814,2299.071,2299.071,2299.071
-6.195,-0.17,0,37549.551,0,261,155.372,74.383,71.65,65.112,53.081,48.243,47.809,2299.079,2299.079,2299.079
-6.219,-0.203,0,37550.24,0,261,155.362,74.451,71.698,65.164,53.1,48.238,47.807,2299.065,2299.065,2299.065
-6.225,-0.236,0,37550.944,0,261,155.355,74.547,71.786,65.254,53.147,48.262,47.807,2299.08,2299.08,2299.08
-6.216,-0.265,0,37551.644,0,261,155.327,74.617,71.847,65.312,53.175,48.24,47.788,2299.061,2299.061,2299.061
-6.24,-0.297,0,37552.34,0,261,155.313,74.701,71.917,65.384,53.222,48.238,47.789,2299.057,2299.057,2299.057
-6.255,-0.332,0,37553.044,0,261,155.305,74.782,71.996,65.449,53.27,48.248,47.781,2299.06,2299.06,2299.06
-6.253,-0.365,0,37553.746,0,261,155.3,74.877,72.076,65.522,53.322,48.237,47.776,2299.075,2299.075,2299.075
-6.263,-0.4,0,37554.442,0,261,155.298,74.966,72.158,65.603,53.372,48.24,47.78,2299.083,2299.083,2299.083
-6.283,-0.452,0,37555.143,0,261,155.284,75.054,72.221,65.663,53.43,48.232,47.761,2299.079,2299.079,2299.079
-6.284,-0.501,0,37555.853,0,261,155.272,75.135,72.3,65.731,53.479,48.232,47.751,2299.082,2299.082,2299.082
-6.294,-0.548,0,37556.541,0,261,155.245,75.225,72.378,65.784,53.505,48.202,47.733,2299.065,2299.065,2299.065
-6.312,-0.592,0,37557.254,0,261,155.244,75.321,72.461,65.826,53.554,48.201,47.724,2299.068,2299.068,2299.068
-6.308,-0.635,0,37557.948,0,261,155.227,75.434,72.542,65.885,53.59,48.199,47.71,2299.09,2299.09,2299.09
-6.325,-0.682,0,37558.642,0,261,155.197,75.528,72.607,65.918,53.612,48.181,47.691,2299.072,2299.072,2299.072
-6.338,-0.731,0,37559.341,0,261,155.187,75.643,72.694,65.969,53.636,48.166,47.667,2299.072,2299.072,2299.072
-6.331,-0.777,0,37560.042,0,261,155.158,75.734,72.763,66.007,53.651,48.137,47.647,2299.065,2299.065,2299.065
-6.359,-0.824,0,37560.746,0,261,155.13,75.846,72.849,66.044,53.673,48.129,47.626,2299.07,2299.07,2299.07
-6.359,-0.865,0,37561.442,0,261,155.119,75.964,72.931,66.099,53.69,48.117,47.603,2299.074,2299.074,2299.074
-6.372,-0.907,0,37562.142,0,261,155.094,76.073,73.019,66.135,53.708,48.092,47.583,2299.067,2299.067,2299.067
-6.386,-0.954,0,37562.844,0,261,155.064,76.187,73.105,66.189,53.72,48.071,47.555,2299.07,2299.07,2299.07
-6.381,-0.998,0,37563.555,0,261,155.049,76.323,73.208,66.235,53.739,48.054,47.548,2299.091,2299.091,2299.091
-6.408,-1.04,0,37564.242,0,261,155.011,76.446,73.294,66.279,53.745,48.029,47.52,2299.084,2299.084,2299.084
-6.398,-1.08,0,37564.947,0,261,154.993,76.565,73.382,66.313,53.755,48.022,47.494,2299.08,2299.08,2299.08
-6.427,-1.116,0,37565.65,0,261,154.955,76.692,73.464,66.355,53.767,47.989,47.469,2299.076,2299.076,2299.076
-6.424,-1.16,0,37566.344,0,261,154.929,76.824,73.574,66.408,53.783,47.976,47.457,2299.084,2299.084,2299.084
-6.448,-1.205,0,37567.04,0,261,154.89,76.964,73.664,66.449,53.788,47.948,47.409,2299.074,2299.074,2299.074
-6.449,-1.251,0,37567.742,0,261,154.859,77.109,73.767,66.495,53.792,47.925,47.391,2299.085,2299.085,2299.085
-6.471,-1.297,0,37568.458,0,261,154.835,77.265,73.871,66.559,53.811,47.904,47.369,2299.089,2299.089,2299.089
-6.468,-1.345,0,37569.149,0,261,154.776,77.406,73.965,66.593,53.816,47.863,47.319,2299.077,2299.077,2299.077
-6.49,-1.408,0,37569.842,0,261,154.732,77.576,74.076,66.635,53.821,47.823,47.288,2299.074,2299.074,2299.074
-6.483,-1.471,0,37570.547,0,261,154.679,77.759,74.193,66.7,53.834,47.802,47.256,2299.086,2299.086,2299.086
-6.511,-1.541,0,37571.247,0,261,154.636,77.96,74.305,66.751,53.844,47.778,47.221,2299.095,2299.095,2299.095
-6.503,-1.576,0,37571.943,0,261,154.574,78.167,74.428,66.793,53.841,47.731,47.184,2299.092,2299.092,2299.092
-6.534,-1.59,0,37572.655,0,261,154.488,78.369,74.538,66.829,53.844,47.698,47.141,2299.071,2299.071,2299.071
-6.525,-1.655,0,37573.35,0,261,154.421,78.65,74.678,66.9,53.858,47.681,47.104,2299.097,2299.097,2299.097
-6.556,-1.716,0,37574.043,0,261,154.321,78.91,74.8,66.929,53.859,47.628,47.052,2299.078,2299.078,2299.078
-6.551,-1.78,0,37574.741,0,261,154.223,79.235,74.953,66.988,53.867,47.592,47.019,2299.081,2299.081,2299.081
-6.574,-1.842,0,37575.443,0,261,154.084,79.626,75.093,67.034,53.858,47.546,46.952,2299.07,2299.07,2299.07
-6.569,-1.916,0,37576.16,0,261,153.94,80.092,75.276,67.099,53.871,47.495,46.918,2299.078,2299.078,2299.078
-6.59,-1.984,0,37576.843,0,261,153.781,80.556,75.453,67.159,53.862,47.454,46.857,2299.06,2299.06,2299.06
-6.581,-2.058,0,37577.55,0,261,153.646,81.041,75.665,67.248,53.875,47.422,46.832,2299.095,2299.095,2299.095
-6.604,-2.126,0,37578.242,0,261,153.5,81.489,75.884,67.326,53.878,47.367,46.778,2299.078,2299.078,2299.078
-6.593,-2.187,0,37578.949,0,261,153.361,81.944,76.121,67.4,53.882,47.325,46.725,2299.083,2299.083,2299.083
-6.618,-2.25,0,37579.642,0,261,153.226,82.388,76.383,67.484,53.878,47.293,46.68,2299.082,2299.082,2299.082
-6.604,-2.306,0,37580.359,0,261,153.093,82.818,76.655,67.573,53.875,47.25,46.632,2299.085,2299.085,2299.085
-6.632,-2.363,0,37581.043,0,261,152.981,83.234,76.935,67.699,53.884,47.209,46.598,2299.094,2299.094,2299.094
-6.627,-2.418,0,37581.743,0,261,152.831,83.624,77.225,67.784,53.873,47.158,46.541,2299.066,2299.066,2299.066
-6.642,-2.475,0,37582.448,0,261,152.72,84.025,77.525,67.901,53.88,47.118,46.511,2299.083,2299.083,2299.083
-6.653,-2.532,0,37583.144,0,261,152.606,84.398,77.833,68.029,53.892,47.081,46.469,2299.09,2299.09,2299.09
-6.643,-2.593,0,37583.842,0,261,152.499,84.761,78.14,68.173,53.885,47.046,46.426,2299.096,2299.096,2299.096
-6.67,-2.651,0,37584.55,0,261,152.4,85.108,78.45,68.309,53.893,47.011,46.388,2299.096,2299.096,2299.096
-6.671,-2.708,0,37585.248,0,261,152.288,85.431,78.743,68.432,53.884,46.964,46.335,2299.067,2299.067,2299.067
-6.68,-2.76,0,37585.95,0,261,152.192,85.76,79.069,68.585,53.896,46.919,46.293,2299.075,2299.075,2299.075
-6.694,-2.818,0,37586.649,0,261,152.098,86.077,79.373,68.735,53.893,46.884,46.261,2299.074,2299.074,2299.074
-6.693,-2.876,0,37587.348,0,261,152.018,86.39,79.682,68.902,53.906,46.851,46.218,2299.086,2299.086,2299.086
-6.691,-2.935,0,37588.044,0,261,151.931,86.691,79.982,69.063,53.903,46.808,46.182,2299.081,2299.081,2299.081
-6.716,-2.99,0,37588.748,0,261,151.842,86.995,80.288,69.221,53.911,46.784,46.155,2299.086,2299.086,2299.086
-6.721,-3.048,0,37589.444,0,261,151.762,87.283,80.586,69.395,53.922,46.737,46.11,2299.082,2299.082,2299.082
-6.711,-3.108,0,37590.144,0,261,151.686,87.58,80.895,69.565,53.936,46.716,46.081,2299.097,2299.097,2299.097
-6.734,-3.176,0,37590.864,0,261,151.604,87.857,81.176,69.728,53.936,46.668,46.047,2299.077,2299.077,2299.077
-6.747,-3.25,0,37591.553,0,261,151.536,88.156,81.467,69.921,53.958,46.636,46.015,2299.084,2299.084,2299.084
-6.747,-3.308,0,37592.244,0,261,151.449,88.423,81.767,70.082,53.973,46.605,45.976,2299.081,2299.081,2299.081
-6.737,-3.367,0,37592.953,0,261,151.364,88.692,82.038,70.263,53.986,46.578,45.957,2299.076,2299.076,2299.076
-6.756,-3.431,0,37593.649,0,261,151.309,88.962,82.34,70.443,54.008,46.562,45.922,2299.088,2299.088,2299.088
-6.769,-3.498,0,37594.355,0,261,151.252,89.219,82.618,70.623,54.021,46.531,45.896,2299.097,2299.097,2299.097
-6.779,-3.565,0,37595.044,0,261,151.171,89.444,82.872,70.789,54.031,46.493,45.855,2299.071,2299.071,2299.071
-6.781,-3.628,0,37595.747,0,261,151.148,89.701,83.171,70.985,54.067,46.5,45.85,2299.102,2299.102,2299.102
-6.778,-3.696,0,37596.446,0,261,151.093,89.931,83.432,71.146,54.09,46.459,45.825,2299.097,2299.097,2299.097
-6.777,-3.771,0,37597.145,0,261,151.023,90.163,83.682,71.326,54.106,46.434,45.791,2299.086,2299.086,2299.086
-6.796,-3.827,0,37597.851,0,261,150.969,90.401,83.948,71.499,54.131,46.408,45.762,2299.081,2299.081,2299.081
-6.808,-3.884,0,37598.543,0,261,150.937,90.633,84.196,71.683,54.148,46.395,45.744,2299.09,2299.09,2299.09
-6.817,-3.954,0,37599.245,0,261,150.866,90.867,84.449,71.859,54.174,46.363,45.711,2299.077,2299.077,2299.077
-6.822,-4.022,0,37599.967,0,261,150.828,91.109,84.692,72.049,54.21,46.343,45.687,2299.092,2299.092,2299.092
-6.824,-4.08,0,37600.643,0,261,150.787,91.332,84.94,72.228,54.243,46.326,45.676,2299.093,2299.093,2299.093
-6.826,-4.124,0,37601.346,0,261,150.733,91.566,85.191,72.398,54.26,46.307,45.651,2299.09,2299.09,2299.09
-6.823,-4.174,0,37602.049,0,261,150.69,91.79,85.43,72.567,54.299,46.287,45.632,2299.088,2299.088,2299.088
-6.817,-4.165,0,37602.768,0,261,150.638,92.025,85.666,72.76,54.336,46.271,45.623,2299.094,2299.094,2299.094
-6.818,-4.192,0,37603.455,0,261,150.595,92.237,85.898,72.924,54.367,46.252,45.592,2299.083,2299.083,2299.083
-6.829,-4.231,0,37604.158,0,261,150.56,92.475,86.143,73.099,54.409,46.247,45.589,2299.101,2299.101,2299.101
-6.841,-4.283,0,37604.868,0,261,150.514,92.694,86.379,73.285,54.448,46.23,45.58,2299.099,2299.099,2299.099
-6.849,-4.325,0,37605.572,0,261,150.47,92.911,86.6,73.44,54.489,46.224,45.564,2299.098,2299.098,2299.098
-6.857,-4.372,0,37606.252,0,261,150.418,93.125,86.83,73.613,54.515,46.207,45.546,2299.088,2299.088,2299.088
-6.863,-4.416,0,37606.952,0,261,150.389,93.336,87.05,73.781,54.565,46.204,45.544,2299.09,2299.09,2299.09
-6.867,-4.452,0,37607.645,0,261,150.334,93.554,87.269,73.957,54.614,46.204,45.541,2299.084,2299.084,2299.084
-6.874,-4.49,0,37608.344,0,261,150.302,93.761,87.501,74.117,54.655,46.191,45.539,2299.087,2299.087,2299.087
-6.879,-4.53,0,37609.044,0,261,150.272,93.983,87.733,74.3,54.719,46.201,45.542,2299.105,2299.105,2299.105
-6.882,-4.576,0,37609.754,0,261,150.216,94.179,87.924,74.44,54.746,46.179,45.515,2299.066,2299.066,2299.066
-6.887,-4.606,0,37610.451,0,261,150.204,94.403,88.153,74.627,54.806,46.195,45.531,2299.097,2299.097,2299.097
-6.892,-4.646,0,37611.145,0,261,150.159,94.615,88.366,74.795,54.852,46.202,45.533,2299.094,2299.094,2299.094
-6.895,-4.685,0,37611.845,0,261,150.11,94.831,88.581,74.952,54.905,46.201,45.53,2299.089,2299.089,2299.089
-6.9,-4.716,0,37612.546,0,261,150.069,95.048,88.794,75.113,54.953,46.194,45.531,2299.079,2299.079,2299.079
-6.905,-4.752,0,37613.246,0,261,150.033,95.272,89.012,75.277,55.017,46.217,45.546,2299.092,2299.092,2299.092
-6.911,-4.787,0,37613.946,0,261,149.994,95.492,89.219,75.452,55.066,46.224,45.562,2299.094,2299.094,2299.094
-6.917,-4.834,0,37614.646,0,261,149.954,95.701,89.433,75.609,55.128,46.242,45.565,2299.097,2299.097,2299.097
-6.925,-4.883,0,37615.345,0,261,149.908,95.916,89.647,75.771,55.188,46.241,45.576,2299.091,2299.091,2299.091
-6.93,-4.933,0,37616.052,0,261,149.879,96.13,89.854,75.935,55.247,46.254,45.592,2299.101,2299.101,2299.101
-6.938,-4.992,0,37616.745,0,261,149.836,96.335,90.064,76.094,55.304,46.273,45.598,2299.087,2299.087,2299.087
-6.944,-5.054,0,37617.445,0,261,149.788,96.546,90.264,76.251,55.365,46.288,45.611,2299.084,2299.084,2299.084
-6.943,-5.051,0,37618.145,0,261,149.76,96.758,90.479,76.419,55.43,46.291,45.62,2299.093,2299.093,2299.093
-6.941,-5.049,0,37618.844,0,261,149.712,96.97,90.682,76.57,55.487,46.308,45.631,2299.087,2299.087,2299.087
-6.939,-5.05,0,37619.545,0,261,149.692,97.187,90.895,76.727,55.552,46.327,45.649,2299.099,2299.099,2299.099
-6.939,-5.049,0,37620.246,0,261,149.658,97.392,91.09,76.892,55.621,46.344,45.665,2299.098,2299.098,2299.098
-6.925,-5.05,0,37620.946,0,261,149.625,97.587,91.298,77.053,55.691,46.362,45.673,2299.106,2299.106,2299.106
-6.923,-5.05,0,37621.651,0,261,149.593,97.802,91.502,77.214,55.742,46.373,45.681,2299.106,2299.106,2299.106
-6.931,-5.051,0,37622.353,0,261,149.554,97.988,91.699,77.377,55.797,46.388,45.693,2299.097,2299.097,2299.097
-6.937,-5.051,0,37623.059,0,261,149.521,98.179,91.902,77.525,55.854,46.392,45.707,2299.09,2299.09,2299.09
-6.941,-5.051,0,37623.749,0,261,149.503,98.38,92.11,77.699,55.921,46.423,45.727,2299.104,2299.104,2299.104
-6.945,-5.052,0,37624.445,0,261,149.464,98.569,92.301,77.857,55.98,46.436,45.735,2299.1,2299.1,2299.1
-6.95,-5.062,0,37625.145,0,261,149.432,98.765,92.504,78.01,56.052,46.453,45.756,2299.099,2299.099,2299.099
-6.987,-5.184,0,37625.846,0,261,149.414,98.944,92.699,78.171,56.116,46.473,45.769,2299.106,2299.106,2299.106
-6.982,-5.177,0,37626.56,0,261,149.389,99.124,92.902,78.319,56.179,46.486,45.782,2299.105,2299.105,2299.105
-6.979,-5.144,0,37627.245,0,261,149.359,99.307,93.088,78.477,56.247,46.512,45.788,2299.102,2299.102,2299.102
-6.961,-5.073,0,37627.946,0,261,149.34,99.493,93.28,78.635,56.318,46.516,45.797,2299.118,2299.118,2299.118
-6.96,-5.012,0,37628.647,0,261,149.304,99.667,93.47,78.79,56.375,46.528,45.794,2299.104,2299.104,2299.104
-6.961,-4.963,0,37629.364,0,261,149.278,99.843,93.652,78.941,56.439,46.534,45.803,2299.102,2299.102,2299.102
-6.959,-4.904,0,37630.059,0,261,149.257,100.016,93.838,79.101,56.514,46.546,45.815,2299.107,2299.107,2299.107
-6.955,-4.852,0,37630.752,0,261,149.23,100.182,94.018,79.247,56.564,46.553,45.822,2299.105,2299.105,2299.105
-6.941,-4.789,0,37631.469,0,261,149.204,100.368,94.206,79.398,56.63,46.566,45.833,2299.112,2299.112,2299.112
-6.923,-4.735,0,37632.146,0,261,149.189,100.542,94.394,79.559,56.689,46.585,45.848,2299.105,2299.105,2299.105
-6.914,-4.705,0,37632.871,0,261,149.156,100.704,94.567,79.701,56.733,46.595,45.864,2299.097,2299.097,2299.097
-6.924,-4.676,0,37633.554,0,261,149.144,100.88,94.748,79.858,56.806,46.625,45.885,2299.107,2299.107,2299.107
-6.926,-4.631,0,37634.246,0,261,149.118,101.058,94.929,80.015,56.873,46.649,45.911,2299.111,2299.111,2299.111
-6.921,-4.58,0,37634.949,0,261,149.103,101.229,95.106,80.156,56.924,46.673,45.92,2299.109,2299.109,2299.109
-6.907,-4.532,0,37635.646,0,261,149.088,101.403,95.269,80.303,56.976,46.691,45.94,2299.103,2299.103,2299.103
-6.89,-4.485,0,37636.357,0,261,149.061,101.578,95.455,80.468,57.041,46.711,45.969,2299.107,2299.107,2299.107
-6.9,-4.428,0,37637.048,0,261,149.031,101.753,95.627,80.606,57.091,46.742,45.98,2299.102,2299.102,2299.102
-6.897,-4.362,0,37637.752,0,261,149.02,101.942,95.804,80.756,57.151,46.764,46.007,2299.106,2299.106,2299.106
-6.881,-4.308,0,37638.453,0,261,148.992,102.134,95.977,80.905,57.2,46.793,46.044,2299.105,2299.105,2299.105
-6.868,-4.255,0,37639.147,0,261,148.975,102.318,96.143,81.062,57.266,46.816,46.074,2299.108,2299.108,2299.108
-6.876,-4.194,0,37639.848,0,261,148.946,102.499,96.316,81.209,57.319,46.836,46.09,2299.099,2299.099,2299.099
-6.87,-4.122,0,37640.561,0,261,148.924,102.692,96.49,81.344,57.368,46.868,46.122,2299.098,2299.098,2299.098
-6.84,-4.04,0,37641.246,0,261,148.905,102.892,96.682,81.522,57.46,46.92,46.162,2299.132,2299.132,2299.132
-6.844,-3.954,0,37641.948,0,261,148.861,103.051,96.836,81.655,57.493,46.942,46.182,2299.096,2299.096,2299.096
-6.841,-3.868,0,37642.654,0,261,148.837,103.227,97.024,81.807,57.548,46.969,46.217,2299.094,2299.094,2299.094
-6.815,-3.787,0,37643.364,0,261,148.814,103.405,97.198,81.957,57.623,46.997,46.244,2299.093,2299.093,2299.093
-6.812,-3.708,0,37644.059,0,261,148.805,103.577,97.384,82.131,57.681,47.041,46.282,2299.108,2299.108,2299.108
-6.812,-3.637,0,37644.747,0,261,148.782,103.743,97.554,82.281,57.746,47.08,46.318,2299.109,2299.109,2299.109
-6.783,-3.576,0,37645.447,0,261,148.766,103.9,97.725,82.439,57.791,47.107,46.352,2299.104,2299.104,2299.104
-6.792,-3.525,0,37646.152,0,261,148.74,104.082,97.897,82.59,57.862,47.141,46.388,2299.105,2299.105,2299.105
-6.785,-3.473,0,37646.847,0,261,148.73,104.234,98.067,82.752,57.921,47.183,46.426,2299.105,2299.105,2299.105
-6.77,-3.428,0,37647.557,0,261,148.719,104.404,98.244,82.916,57.982,47.235,46.48,2299.121,2299.121,2299.121
-6.779,-3.39,0,37648.25,0,261,148.695,104.567,98.405,83.072,58.045,47.269,46.518,2299.111,2299.111,2299.111
-6.766,-3.355,0,37648.955,0,261,148.672,104.733,98.583,83.22,58.106,47.316,46.565,2299.113,2299.113,2299.113
-6.764,-3.33,0,37649.657,0,261,148.651,104.898,98.741,83.373,58.161,47.353,46.604,2299.107,2299.107,2299.107
-6.768,-3.312,0,37650.347,0,261,148.638,105.072,98.913,83.52,58.227,47.402,46.66,2299.115,2299.115,2299.115
-6.743,-3.274,0,37651.05,0,261,148.612,105.25,99.081,83.653,58.279,47.456,46.702,2299.112,2299.112,2299.112
-6.763,-3.252,0,37651.747,0,261,148.582,105.433,99.238,83.767,58.332,47.519,46.749,2299.108,2299.108,2299.108
-6.741,-3.217,0,37652.449,0,261,148.563,105.612,99.415,83.896,58.39,47.566,46.806,2299.108,2299.108,2299.108
-6.75,-3.18,0,37653.171,0,261,148.54,105.776,99.577,84.008,58.431,47.603,46.845,2299.096,2299.096,2299.096
-6.748,-3.152,0,37653.872,0,261,148.546,105.931,99.745,84.153,58.502,47.658,46.897,2299.116,2299.116,2299.116
-6.736,-3.109,0,37654.556,0,261,148.536,106.075,99.912,84.266,58.555,47.707,46.952,2299.106,2299.106,2299.106
-6.745,-3.056,0,37655.25,0,261,148.529,106.202,100.073,84.406,58.629,47.759,46.984,2299.106,2299.106,2299.106
-6.722,-3.026,0,37655.947,0,261,148.53,106.347,100.249,84.547,58.689,47.806,47.037,2299.114,2299.114,2299.114
-6.743,-3.011,0,37656.65,0,261,148.526,106.484,100.407,84.683,58.765,47.847,47.082,2299.117,2299.117,2299.117
-6.727,-2.98,0,37657.348,0,261,148.522,106.625,100.558,84.816,58.831,47.903,47.113,2299.113,2299.113,2299.113
-6.74,-2.924,0,37658.049,0,261,148.504,106.779,100.718,84.962,58.914,47.934,47.154,2299.119,2299.119,2299.119
-6.733,-2.844,0,37658.75,0,261,148.471,106.926,100.861,85.088,58.98,47.967,47.193,2299.106,2299.106,2299.106
-6.727,-2.774,0,37659.448,0,261,148.466,107.1,101.013,85.232,59.069,48.004,47.229,2299.114,2299.114,2299.114
-6.723,-2.677,0,37660.16,0,261,148.427,107.246,101.168,85.36,59.144,48.041,47.262,2299.101,2299.101,2299.101
-6.706,-2.589,0,37660.852,0,261,148.416,107.405,101.32,85.508,59.239,48.087,47.305,2299.113,2299.113,2299.113
-6.708,-2.484,0,37661.552,0,261,148.393,107.567,101.471,85.635,59.319,48.125,47.343,2299.109,2299.109,2299.109
-6.678,-2.374,0,37662.248,0,261,148.369,107.723,101.623,85.769,59.391,48.166,47.383,2299.104,2299.104,2299.104
-6.685,-2.268,0,37662.976,0,261,148.357,107.875,101.783,85.901,59.483,48.214,47.417,2299.111,2299.111,2299.111
-6.651,-2.157,0,37663.654,0,261,148.346,108.024,101.935,86.043,59.559,48.26,47.462,2299.119,2299.119,2299.119
-6.657,-2.047,0,37664.35,0,261,148.334,108.155,102.083,86.171,59.645,48.292,47.514,2299.117,2299.117,2299.117
-6.636,-1.939,0,37665.051,0,261,148.327,108.298,102.225,86.308,59.726,48.336,47.548,2299.117,2299.117,2299.117
-6.627,-1.838,0,37665.753,0,261,148.316,108.425,102.383,86.443,59.804,48.392,47.594,2299.121,2299.121,2299.121
-6.616,-1.746,0,37666.449,0,261,148.298,108.552,102.525,86.571,59.861,48.428,47.638,2299.103,2299.103,2299.103
-6.595,-1.658,0,37667.15,0,261,148.297,108.683,102.683,86.72,59.939,48.491,47.699,2299.119,2299.119,2299.119
-6.594,-1.575,0,37667.851,0,261,148.3,108.802,102.817,86.85,60.007,48.54,47.746,2299.111,2299.111,2299.111
-6.562,-1.5,0,37668.549,0,261,148.277,108.905,102.961,86.979,60.063,48.591,47.808,2299.112,2299.112,2299.112
-6.57,-1.432,0,37669.251,0,261,148.294,109.012,103.101,87.111,60.119,48.646,47.86,2299.105,2299.105,2299.105
-6.549,-1.364,0,37669.973,0,261,148.314,109.11,103.25,87.26,60.193,48.715,47.934,2299.128,2299.128,2299.128
-6.544,-1.307,0,37670.65,0,261,148.324,109.185,103.38,87.384,60.246,48.769,47.973,2299.114,2299.114,2299.114
-6.528,-1.245,0,37671.349,0,261,148.323,109.253,103.5,87.514,60.284,48.823,48.038,2299.093,2299.093,2299.093
-6.522,-1.184,0,37672.05,0,261,148.353,109.352,103.632,87.68,60.355,48.893,48.111,2299.115,2299.115,2299.115
-6.506,-1.111,0,37672.775,0,261,148.349,109.425,103.75,87.838,60.417,48.952,48.177,2299.109,2299.109,2299.109
-6.496,-1.057,0,37673.45,0,261,148.366,109.505,103.869,87.995,60.491,49.028,48.245,2299.122,2299.122,2299.122
-6.486,-0.998,0,37674.149,0,261,148.378,109.576,103.98,88.162,60.546,49.085,48.307,2299.11,2299.11,2299.11
-6.48,-0.944,0,37674.85,0,261,148.401,109.654,104.109,88.334,60.63,49.161,48.38,2299.133,2299.133,2299.133
-6.469,-0.899,0,37675.554,0,261,148.416,109.723,104.21,88.482,60.682,49.228,48.441,2299.118,2299.118,2299.118
-6.468,-0.851,0,37676.249,0,261,148.432,109.783,104.331,88.641,60.774,49.281,48.503,2299.125,2299.125,2299.125
-6.44,-0.804,0,37676.95,0,261,148.43,109.861,104.426,88.774,60.842,49.356,48.572,2299.114,2299.114,2299.114
-6.454,-0.758,0,37677.663,0,261,148.427,109.926,104.527,88.921,60.911,49.418,48.639,2299.109,2299.109,2299.109
-6.433,-0.716,0,37678.354,0,261,148.46,109.997,104.645,89.073,61.011,49.491,48.721,2299.125,2299.125,2299.125
-6.441,-0.676,0,37679.049,0,261,148.465,110.06,104.726,89.203,61.067,49.569,48.786,2299.114,2299.114,2299.114
-6.434,-0.633,0,37679.772,0,261,148.489,110.133,104.831,89.338,61.146,49.642,48.853,2299.124,2299.124,2299.124
-6.416,-0.593,0,37680.452,0,261,148.5,110.206,104.928,89.455,61.227,49.703,48.933,2299.121,2299.121,2299.121
-6.424,-0.551,0,37681.157,0,261,148.499,110.285,105.024,89.582,61.302,49.777,48.996,2299.115,2299.115,2299.115
-6.408,-0.507,0,37681.869,0,261,148.506,110.361,105.104,89.703,61.384,49.841,49.075,2299.107,2299.107,2299.107
-6.399,-0.466,0,37682.556,0,261,148.513,110.432,105.196,89.822,61.474,49.92,49.143,2299.104,2299.104,2299.104
-6.399,-0.419,0,37683.259,0,261,148.537,110.514,105.304,89.957,61.568,50.007,49.244,2299.117,2299.117,2299.117
-6.384,-0.377,0,37683.958,0,261,148.545,110.572,105.385,90.089,61.655,50.08,49.315,2299.115,2299.115,2299.115
-6.365,-0.338,0,37684.662,0,261,148.573,110.628,105.477,90.236,61.755,50.161,49.414,2299.134,2299.134,2299.134
-6.374,-0.302,0,37685.351,0,261,148.592,110.684,105.573,90.361,61.852,50.255,49.487,2299.136,2299.136,2299.136
-6.371,-0.264,0,37686.056,0,261,148.616,110.722,105.651,90.481,61.946,50.343,49.582,2299.134,2299.134,2299.134
-6.36,-0.228,0,37686.755,0,261,148.622,110.75,105.718,90.583,62.034,50.424,49.668,2299.109,2299.109,2299.109
-6.342,-0.197,0,37687.449,0,261,148.65,110.811,105.804,90.705,62.132,50.523,49.76,2299.124,2299.124,2299.124
-6.335,-0.17,0,37688.151,0,261,148.665,110.86,105.881,90.813,62.236,50.607,49.863,2299.128,2299.128,2299.128
-6.343,-0.145,0,37688.851,0,261,148.684,110.891,105.962,90.927,62.333,50.707,49.956,2299.121,2299.121,2299.121
-6.344,-0.119,0,37689.56,0,261,148.688,110.937,106.033,91.024,62.426,50.796,50.048,2299.116,2299.116,2299.116
-6.34,-0.099,0,37690.254,0,261,148.706,110.978,106.109,91.124,62.515,50.898,50.147,2299.113,2299.113,2299.113
-6.335,-0.079,0,37690.951,0,261,148.738,111.034,106.178,91.209,62.61,50.997,50.25,2299.126,2299.126,2299.126
-6.327,-0.067,0,37691.671,0,261,148.756,111.058,106.244,91.306,62.694,51.103,50.36,2299.123,2299.123,2299.123
-6.32,-0.061,0,37692.372,0,261,148.777,111.082,106.297,91.385,62.787,51.204,50.447,2299.11,2299.11,2299.11
-6.331,-0.058,0,37693.054,0,261,148.799,111.109,106.364,91.47,62.863,51.311,50.565,2299.119,2299.119,2299.119
-6.333,-0.058,0,37693.766,0,261,148.824,111.146,106.44,91.567,62.962,51.415,50.671,2299.129,2299.129,2299.129
-6.337,-0.057,0,37694.463,0,261,148.857,111.175,106.497,91.642,63.046,51.519,50.777,2299.136,2299.136,2299.136
-6.339,-0.057,0,37695.15,0,261,148.871,111.202,106.546,91.723,63.118,51.611,50.86,2299.118,2299.118,2299.118
-6.337,-0.057,0,37695.852,0,261,148.902,111.242,106.607,91.791,63.212,51.723,50.971,2299.132,2299.132,2299.132
-6.331,-0.055,0,37696.552,0,261,148.919,111.28,106.661,91.882,63.299,51.812,51.059,2299.134,2299.134,2299.134
-6.325,-0.053,0,37697.253,0,261,148.933,111.319,106.716,91.962,63.399,51.913,51.159,2299.142,2299.142,2299.142
-6.316,-0.05,0,37697.957,0,261,148.935,111.345,106.757,92.016,63.466,51.995,51.238,2299.113,2299.113,2299.113
-6.308,-0.046,0,37698.653,0,261,148.968,111.386,106.817,92.098,63.554,52.083,51.33,2299.124,2299.124,2299.124
-6.306,-0.041,0,37699.353,0,261,148.977,111.419,106.856,92.153,63.625,52.177,51.426,2299.127,2299.127,2299.127
-6.308,-0.036,0,37700.059,0,261,148.994,111.469,106.906,92.237,63.714,52.27,51.523,2299.134,2299.134,2299.134
-6.304,-0.031,0,37700.758,0,261,149.017,111.502,106.959,92.281,63.784,52.371,51.602,2299.133,2299.133,2299.133
-6.299,-0.025,0,37701.45,0,261,149.02,111.523,107.001,92.337,63.836,52.455,51.695,2299.125,2299.125,2299.125
-6.294,-0.018,0,37702.155,0,261,149.064,111.564,107.054,92.402,63.909,52.539,51.795,2299.133,2299.133,2299.133
-6.29,-0.014,0,37702.861,0,261,149.084,111.594,107.111,92.46,63.954,52.628,51.89,2299.136,2299.136,2299.136
-6.286,-0.011,0,37703.556,0,261,149.091,111.614,107.14,92.497,64.014,52.714,51.977,2299.12,2299.12,2299.12
-6.282,-0.005,0,37704.252,0,261,149.119,111.641,107.186,92.558,64.06,52.819,52.071,2299.13,2299.13,2299.13
-6.27,-0.003,0,37704.952,0,261,149.126,111.654,107.225,92.591,64.123,52.902,52.166,2299.119,2299.119,2299.119
-6.251,-0.002,0,37705.652,0,261,149.163,111.668,107.274,92.653,64.165,53.014,52.281,2299.124,2299.124,2299.124
-6.234,-0.002,0,37706.352,0,261,149.187,111.695,107.331,92.719,64.233,53.132,52.43,2299.143,2299.143,2299.143
-6.21,-0.002,0,37707.051,0,261,149.205,111.687,107.341,92.757,64.283,53.241,52.567,2299.114,2299.114,2299.114
-6.191,-0.002,0,37707.761,0,261,149.229,111.71,107.389,92.83,64.359,53.392,52.731,2299.127,2299.127,2299.127
-6.184,-0.001,0,37708.452,0,261,149.253,111.725,107.432,92.898,64.418,53.544,52.893,2299.138,2299.138,2299.138
-6.173,-0.002,0,37709.18,0,261,149.281,111.74,107.454,92.967,64.5,53.695,53.052,2299.135,2299.135,2299.135
-6.164,-0.002,0,37709.872,0,261,149.296,111.749,107.481,93.029,64.575,53.843,53.211,2299.129,2299.129,2299.129
-6.152,-0.002,0,37710.561,0,261,149.309,111.756,107.507,93.08,64.659,54.006,53.367,2299.117,2299.117,2299.117
-6.139,-0.001,0,37711.253,0,261,149.347,111.778,107.546,93.151,64.753,54.157,53.531,2299.126,2299.126,2299.126
-6.122,-0.001,0,37711.968,0,261,149.367,111.797,107.578,93.215,64.84,54.313,53.695,2299.136,2299.136,2299.136
-6.098,-0.002,0,37712.683,0,261,149.392,111.822,107.615,93.279,64.947,54.478,53.855,2299.14,2299.14,2299.14
-6.081,-0.002,0,37713.352,0,261,149.407,111.82,107.639,93.341,65.047,54.624,54.021,2299.13,2299.13,2299.13
-6.061,-0.002,0,37714.056,0,261,149.416,111.831,107.661,93.4,65.138,54.788,54.172,2299.123,2299.123,2299.123
-6.051,-0.002,0,37714.756,0,261,149.449,111.86,107.689,93.467,65.256,54.943,54.338,2299.139,2299.139,2299.139
-6.048,-0.002,0,37715.456,0,261,149.466,111.872,107.718,93.521,65.36,55.097,54.491,2299.131,2299.131,2299.131
-6.039,-0.003,0,37716.152,0,261,149.476,111.883,107.743,93.579,65.461,55.249,54.649,2299.118,2299.118,2299.118
-6.036,-0.001,0,37716.853,0,261,149.49,111.893,107.766,93.641,65.56,55.408,54.803,2299.115,2299.115,2299.115
-6.021,-0.001,0,37717.566,0,261,149.522,111.929,107.805,93.702,65.692,55.568,54.977,2299.136,2299.136,2299.136
-6.022,-0.001,0,37718.254,0,261,149.529,111.929,107.824,93.756,65.798,55.709,55.115,2299.119,2299.119,2299.119
-6.021,-0.002,0,37718.956,0,261,149.566,111.947,107.859,93.829,65.921,55.873,55.287,2299.14,2299.14,2299.14
-6.017,-0.001,0,37719.661,0,261,149.59,111.961,107.878,93.887,66.042,56.035,55.446,2299.142,2299.142,2299.142
-6.009,-0.002,0,37720.362,0,261,149.601,111.974,107.902,93.941,66.15,56.173,55.583,2299.13,2299.13,2299.13
-6.005,-0.001,0,37721.075,0,261,149.621,111.988,107.928,93.999,66.265,56.324,55.738,2299.13,2299.13,2299.13
-6.004,-0.002,0,37721.753,0,261,149.641,112.002,107.956,94.057,66.399,56.474,55.891,2299.14,2299.14,2299.14
-6.003,-0.002,0,37722.453,0,261,149.662,112.026,107.989,94.125,66.514,56.637,56.05,2299.147,2299.147,2299.147
-6.003,-0.002,0,37723.164,0,261,149.68,112.026,107.993,94.163,66.624,56.768,56.184,2299.126,2299.126,2299.126
-5.877,-0.002,0,37723.864,0,261,149.705,112.05,108.029,94.233,66.758,56.936,56.345,2299.149,2299.149,2299.149
-5.874,-0.001,0,37724.557,0,261,149.718,112.066,108.06,94.3,66.871,57.084,56.492,2299.14,2299.14,2299.14
-5.892,-0.002,0,37725.257,0,261,149.721,112.082,108.086,94.356,66.979,57.224,56.642,2299.137,2299.137,2299.137
-5.918,-0.002,0,37725.956,0,261,149.757,112.082,108.111,94.412,67.111,57.378,56.812,2299.142,2299.142,2299.142
-5.936,-0.001,0,37726.653,0,261,149.764,112.103,108.122,94.461,67.226,57.539,56.941,2299.132,2299.132,2299.132
-5.956,-0.002,0,37727.366,0,261,149.78,112.118,108.153,94.522,67.333,57.679,57.103,2299.137,2299.137,2299.137
-5.973,-0.002,0,37728.06,0,261,149.793,112.132,108.182,94.57,67.455,57.824,57.251,2299.133,2299.133,2299.133
-5.988,-0.002,0,37728.758,0,261,149.805,112.142,108.191,94.628,67.59,57.975,57.398,2299.133,2299.133,2299.133
-6.004,-0.002,0,37729.453,0,261,149.831,112.164,108.222,94.692,67.708,58.127,57.547,2299.136,2299.136,2299.136
-6.026,-0.002,0,37730.18,0,261,149.848,112.167,108.236,94.749,67.821,58.266,57.689,2299.133,2299.133,2299.133
-6.042,-0.002,0,37730.853,0,261,149.86,112.181,108.261,94.807,67.935,58.407,57.826,2299.129,2299.129,2299.129
-6.051,-0.001,0,37731.555,0,261,149.887,112.205,108.285,94.864,68.058,58.557,57.977,2299.138,2299.138,2299.138
-6.06,-0.002,0,37732.253,0,261,149.892,112.213,108.296,94.915,68.164,58.683,58.1,2299.13,2299.13,2299.13
-6.07,-0.002,0,37732.96,0,261,149.918,112.226,108.326,94.969,68.296,58.822,58.24,2299.134,2299.134,2299.134
-6.072,-0.002,0,37733.685,0,261,149.933,112.24,108.349,95.027,68.412,58.964,58.367,2299.135,2299.135,2299.135
-6.095,-0.003,0,37734.375,0,261,149.96,112.26,108.386,95.086,68.539,59.106,58.526,2299.155,2299.155,2299.155
-6.12,-0.001,0,37735.056,0,261,149.963,112.266,108.405,95.136,68.645,59.229,58.648,2299.136,2299.136,2299.136
-6.137,-0.002,0,37735.768,0,261,149.981,112.266,108.412,95.18,68.76,59.356,58.776,2299.13,2299.13,2299.13
-6.146,-0.002,0,37736.474,0,261,149.992,112.292,108.438,95.24,68.88,59.488,58.898,2299.133,2299.133,2299.133
-6.151,-0.001,0,37737.158,0,261,150.016,112.303,108.463,95.306,68.994,59.617,59.029,2299.141,2299.141,2299.141
-6.18,-0.002,0,37737.854,0,261,150.041,112.319,108.495,95.357,69.124,59.756,59.157,2299.159,2299.159,2299.159
-6.203,-0.003,0,37738.554,0,261,150.055,112.34,108.509,95.407,69.232,59.865,59.272,2299.152,2299.152,2299.152
-6.214,-0.002,0,37739.255,0,261,150.063,112.342,108.539,95.468,69.351,59.984,59.366,2299.144,2299.144,2299.144
-6.214,-0.002,0,37739.955,0,261,150.055,112.364,108.542,95.509,69.443,60.078,59.462,2299.128,2299.128,2299.128
-6.238,-0.002,0,37740.665,0,261,150.09,112.365,108.575,95.573,69.562,60.188,59.555,2299.135,2299.135,2299.135
-6.261,-0.001,0,37741.368,0,261,150.096,112.385,108.589,95.622,69.671,60.291,59.641,2299.14,2299.14,2299.14
-6.266,-0.007,0,37742.055,0,261,150.103,112.402,108.611,95.675,69.765,60.363,59.692,2299.127,2299.127,2299.127
-6.261,-0.018,0,37742.764,0,261,150.133,112.432,108.645,95.75,69.891,60.444,59.74,2299.151,2299.151,2299.151
-6.253,-0.027,0,37743.455,0,261,150.135,112.439,108.659,95.797,69.988,60.472,59.74,2299.137,2299.137,2299.137
-6.271,-0.041,0,37744.172,0,261,150.131,112.479,108.676,95.864,70.099,60.491,59.748,2299.138,2299.138,2299.138
-6.281,-0.054,0,37744.867,0,261,150.125,112.523,108.701,95.925,70.204,60.518,59.757,2299.136,2299.136,2299.136
-6.28,-0.068,0,37745.556,0,261,150.134,112.588,108.713,96.005,70.323,60.518,59.754,2299.124,2299.124,2299.124
-6.266,-0.077,0,37746.276,0,261,150.128,112.655,108.762,96.097,70.452,60.543,59.775,2299.14,2299.14,2299.14
-6.277,-0.082,0,37746.954,0,261,150.121,112.715,108.783,96.165,70.572,60.57,59.782,2299.143,2299.143,2299.143
-6.286,-0.085,0,37747.663,0,261,150.116,112.771,108.827,96.235,70.671,60.576,59.795,2299.141,2299.141,2299.141
-6.282,-0.091,0,37748.355,0,261,150.116,112.831,108.854,96.29,70.782,60.585,59.797,2299.138,2299.138,2299.138
-6.267,-0.095,0,37749.056,0,261,150.115,112.874,108.889,96.347,70.876,60.601,59.811,2299.134,2299.134,2299.134
-6.28,-0.096,0,37749.754,0,261,150.121,112.935,108.932,96.41,70.969,60.619,59.836,2299.143,2299.143,2299.143
-6.287,-0.1,0,37750.49,0,261,150.103,112.973,108.985,96.47,71.046,60.634,59.851,2299.136,2299.136,2299.136
-6.278,-0.105,0,37751.161,0,261,150.118,113.04,109.017,96.522,71.133,60.662,59.872,2299.14,2299.14,2299.14
-6.277,-0.107,0,37751.876,0,261,150.113,113.08,109.066,96.586,71.201,60.689,59.901,2299.145,2299.145,2299.145
-6.288,-0.111,0,37752.554,0,261,150.118,113.137,109.113,96.637,71.283,60.71,59.933,2299.159,2299.159,2299.159
-6.281,-0.113,0,37753.262,0,261,150.109,113.171,109.144,96.672,71.332,60.732,59.94,2299.122,2299.122,2299.122
-6.284,-0.12,0,37753.954,0,261,150.11,113.216,109.202,96.73,71.42,60.779,59.985,2299.148,2299.148,2299.148
-6.299,-0.13,0,37754.658,0,261,150.101,113.254,109.248,96.784,71.469,60.801,59.994,2299.133,2299.133,2299.133
-6.298,-0.147,0,37755.355,0,261,150.12,113.325,109.304,96.84,71.564,60.837,60.043,2299.163,2299.163,2299.163
-6.3,-0.178,0,37756.062,0,261,150.113,113.358,109.349,96.884,71.626,60.869,60.063,2299.145,2299.145,2299.145
-6.322,-0.211,0,37756.769,0,261,150.094,113.404,109.372,96.925,71.675,60.873,60.08,2299.129,2299.129,2299.129
-6.331,-0.249,0,37757.477,0,261,150.108,113.472,109.438,96.971,71.735,60.913,60.106,2299.148,2299.148,2299.148
-6.325,-0.296,0,37758.18,0,261,150.098,113.523,109.469,96.998,71.791,60.93,60.113,2299.137,2299.137,2299.137
-6.344,-0.344,0,37758.86,0,261,150.086,113.589,109.525,97.034,71.844,60.953,60.121,2299.139,2299.139,2299.139
-6.362,-0.385,0,37759.558,0,261,150.08,113.664,109.577,97.072,71.905,60.981,60.137,2299.155,2299.155,2299.155
-6.368,-0.434,0,37760.261,0,261,150.067,113.741,109.617,97.102,71.939,60.983,60.137,2299.147,2299.147,2299.147
-6.362,-0.485,0,37760.966,0,261,150.042,113.795,109.665,97.13,71.982,60.979,60.12,2299.125,2299.125,2299.125
-6.381,-0.534,0,37761.662,0,261,150.049,113.889,109.719,97.153,72.022,60.998,60.136,2299.14,2299.14,2299.14
-6.398,-0.586,0,37762.356,0,261,150.025,113.974,109.778,97.191,72.064,61,60.133,2299.14,2299.14,2299.14
-6.407,-0.638,0,37763.057,0,261,149.998,114.049,109.822,97.22,72.094,61.005,60.122,2299.127,2299.127,2299.127
-6.407,-0.69,0,37763.757,0,261,150.006,114.152,109.889,97.276,72.137,61.005,60.121,2299.158,2299.158,2299.158
-6.404,-0.736,0,37764.455,0,261,149.989,114.231,109.937,97.31,72.166,60.999,60.107,2299.149,2299.149,2299.149
-6.423,-0.787,0,37765.155,0,261,149.964,114.313,109.998,97.345,72.189,60.976,60.082,2299.134,2299.134,2299.134
-6.438,-0.836,0,37765.857,0,261,149.961,114.411,110.065,97.382,72.23,60.97,60.065,2299.154,2299.154,2299.154
-6.451,-0.888,0,37766.563,0,261,149.929,114.465,110.124,97.415,72.239,60.938,60.032,2299.127,2299.127,2299.127
-6.456,-0.943,0,37767.257,0,261,149.915,114.558,110.189,97.447,72.263,60.93,60.014,2299.131,2299.131,2299.131
-6.461,-0.998,0,37767.956,0,261,149.921,114.656,110.262,97.49,72.3,60.924,60.001,2299.161,2299.161,2299.161
-6.457,-1.054,0,37768.659,0,261,149.9,114.726,110.326,97.519,72.319,60.892,59.971,2299.145,2299.145,2299.145
-6.478,-1.11,0,37769.356,0,261,149.878,114.816,110.393,97.569,72.331,60.865,59.943,2299.145,2299.145,2299.145
-6.493,-1.169,0,37770.057,0,261,149.862,114.907,110.461,97.604,72.351,60.848,59.912,2299.145,2299.145,2299.145
-6.503,-1.233,0,37770.774,0,261,149.863,114.986,110.519,97.646,72.358,60.813,59.888,2299.137,2299.137,2299.137
-6.506,-1.297,0,37771.461,0,261,149.846,115.08,110.599,97.69,72.378,60.801,59.85,2299.147,2299.147,2299.147
-6.507,-1.368,0,37772.165,0,261,149.826,115.173,110.681,97.745,72.394,60.782,59.832,2299.156,2299.156,2299.156
-6.504,-1.431,0,37772.857,0,261,149.807,115.241,110.736,97.802,72.381,60.742,59.798,2299.136,2299.136,2299.136
-6.51,-1.512,0,37773.559,0,261,149.8,115.309,110.805,97.858,72.4,60.713,59.779,2299.139,2299.139,2299.139
-6.528,-1.586,0,37774.276,0,261,149.805,115.369,110.885,97.893,72.391,60.691,59.755,2299.15,2299.15,2299.15
-6.542,-1.677,0,37774.962,0,261,149.794,115.41,110.951,97.913,72.367,60.661,59.721,2299.137,2299.137,2299.137
-6.551,-1.764,0,37775.656,0,261,149.807,115.443,111.027,97.983,72.347,60.648,59.692,2299.147,2299.147,2299.147
-6.555,-1.844,0,37776.356,0,261,149.805,115.505,111.107,98.033,72.333,60.621,59.671,2299.157,2299.157,2299.157
-6.557,-1.931,0,37777.057,0,261,149.816,115.539,111.159,98.1,72.311,60.586,59.636,2299.146,2299.146,2299.146
-6.553,-2.008,0,37777.763,0,261,149.807,115.573,111.224,98.154,72.299,60.552,59.597,2299.141,2299.141,2299.141
-6.571,-2.084,0,37778.461,0,261,149.801,115.62,111.288,98.226,72.287,60.524,59.56,2299.138,2299.138,2299.138
-6.585,-2.16,0,37779.174,0,261,149.814,115.664,111.35,98.293,72.28,60.5,59.54,2299.152,2299.152,2299.152
-6.592,-2.237,0,37779.858,0,261,149.821,115.688,111.404,98.363,72.265,60.462,59.497,2299.145,2299.145,2299.145
-6.591,-2.304,0,37780.6,0,261,149.836,115.732,111.46,98.421,72.268,60.425,59.455,2299.156,2299.156,2299.156
-6.587,-2.367,0,37781.261,0,261,149.83,115.771,111.524,98.481,72.252,60.396,59.433,2299.156,2299.156,2299.156
-6.604,-2.359,0,37781.958,0,261,149.833,115.787,111.568,98.541,72.251,60.358,59.39,2299.155,2299.155,2299.155
-6.607,-2.387,0,37782.689,0,261,149.853,115.841,111.637,98.605,72.232,60.327,59.357,2299.166,2299.166,2299.166
-6.607,-2.451,0,37783.368,0,261,149.821,115.86,111.656,98.65,72.221,60.282,59.307,2299.138,2299.138,2299.138
-6.609,-2.508,0,37784.088,0,261,149.85,115.896,111.72,98.703,72.218,60.246,59.282,2299.145,2299.145,2299.145
-6.63,-2.561,0,37784.758,0,261,149.846,115.943,111.769,98.755,72.218,60.23,59.242,2299.161,2299.161,2299.161
-6.634,-2.623,0,37785.462,0,261,149.844,115.977,111.812,98.801,72.211,60.178,59.208,2299.146,2299.146,2299.146
-6.625,-2.678,0,37786.165,0,261,149.85,116.014,111.863,98.846,72.199,60.147,59.172,2299.152,2299.152,2299.152
-6.65,-2.733,0,37786.859,0,261,149.843,116.057,111.911,98.89,72.203,60.103,59.132,2299.148,2299.148,2299.148
-6.659,-2.795,0,37787.566,0,261,149.847,116.104,111.94,98.921,72.193,60.073,59.095,2299.144,2299.144,2299.144
-6.648,-2.85,0,37788.258,0,261,149.858,116.152,112,98.957,72.191,60.04,59.047,2299.15,2299.15,2299.15
-6.674,-2.913,0,37788.965,0,261,149.845,116.204,112.041,98.977,72.184,60.005,59.02,2299.14,2299.14,2299.14
-6.682,-2.973,0,37789.658,0,261,149.845,116.259,112.083,99.02,72.177,59.983,58.985,2299.146,2299.146,2299.146
-6.676,-3.032,0,37790.371,0,261,149.841,116.303,112.134,99.058,72.176,59.939,58.961,2299.144,2299.144,2299.144
-6.7,-3.088,0,37791.059,0,261,149.835,116.376,112.175,99.099,72.177,59.915,58.931,2299.152,2299.152,2299.152
-6.7,-3.14,0,37791.789,0,261,149.833,116.436,112.221,99.12,72.168,59.888,58.901,2299.155,2299.155,2299.155
-6.708,-3.203,0,37792.457,0,261,149.822,116.487,112.265,99.161,72.156,59.854,58.872,2299.136,2299.136,2299.136
-6.719,-3.256,0,37793.157,0,261,149.805,116.57,112.319,99.206,72.163,59.831,58.866,2299.163,2299.163,2299.163
-6.712,-3.303,0,37793.858,0,261,149.802,116.63,112.377,99.239,72.157,59.819,58.833,2299.162,2299.162,2299.162
-6.736,-3.37,0,37794.573,0,261,149.772,116.685,112.406,99.256,72.139,59.781,58.796,2299.135,2299.135,2299.135
-6.72,-3.44,0,37795.259,0,261,149.779,116.785,112.472,99.3,72.161,59.774,58.789,2299.163,2299.163,2299.163
-6.748,-3.507,0,37795.979,0,261,149.757,116.856,112.526,99.342,72.158,59.748,58.768,2299.156,2299.156,2299.156
-6.736,-3.575,0,37796.658,0,261,149.734,116.909,112.565,99.353,72.142,59.716,58.738,2299.138,2299.138,2299.138
-6.759,-3.637,0,37797.359,0,261,149.734,116.992,112.631,99.395,72.15,59.71,58.729,2299.151,2299.151,2299.151
-6.749,-3.708,0,37798.057,0,261,149.73,117.062,112.687,99.443,72.152,59.696,58.707,2299.165,2299.165,2299.165
-6.772,-3.769,0,37798.761,0,261,149.704,117.117,112.735,99.454,72.137,59.676,58.687,2299.145,2299.145,2299.145
-6.761,-3.836,0,37799.458,0,261,149.698,117.204,112.793,99.5,72.157,59.66,58.671,2299.162,2299.162,2299.162
-6.785,-3.901,0,37800.161,0,261,149.693,117.27,112.862,99.523,72.159,59.646,58.654,2299.162,2299.162,2299.162
-6.777,-3.971,0,37800.869,0,261,149.685,117.332,112.908,99.563,72.158,59.628,58.641,2299.162,2299.162,2299.162
-6.796,-4.031,0,37801.559,0,261,149.671,117.392,112.968,99.59,72.152,59.604,58.618,2299.155,2299.155,2299.155
-6.785,-4.086,0,37802.259,0,261,149.673,117.466,113.03,99.625,72.153,59.598,58.601,2299.166,2299.166,2299.166
-6.81,-4.157,0,37802.958,0,261,149.661,117.533,113.095,99.665,72.154,59.568,58.582,2299.161,2299.161,2299.161
-6.794,-4.214,0,37803.659,0,261,149.627,117.594,113.153,99.699,72.154,59.552,58.557,2299.155,2299.155,2299.155
-6.821,-4.261,0,37804.362,0,261,149.632,117.661,113.204,99.735,72.148,59.537,58.541,2299.16,2299.16,2299.16
-6.808,-4.304,0,37805.064,0,261,149.616,117.717,113.26,99.76,72.153,59.51,58.521,2299.15,2299.15,2299.15
-6.828,-4.356,0,37805.789,0,261,149.603,117.767,113.306,99.783,72.14,59.484,58.507,2299.137,2299.137,2299.137
-6.828,-4.404,0,37806.459,0,261,149.608,117.837,113.378,99.822,72.156,59.487,58.502,2299.161,2299.161,2299.161
-6.832,-4.454,0,37807.16,0,261,149.593,117.913,113.446,99.848,72.161,59.481,58.484,2299.167,2299.167,2299.167
-6.846,-4.49,0,37807.867,0,261,149.583,117.965,113.495,99.865,72.15,59.464,58.473,2299.154,2299.154,2299.154
-6.829,-4.532,0,37808.558,0,261,149.578,118.028,113.549,99.901,72.165,59.453,58.464,2299.16,2299.16,2299.16
-6.855,-4.573,0,37809.264,0,261,149.56,118.082,113.616,99.907,72.17,59.442,58.46,2299.163,2299.163,2299.163
-6.855,-4.61,0,37809.96,0,261,149.555,118.148,113.67,99.936,72.172,59.427,58.448,2299.16,2299.16,2299.16
-6.847,-4.65,0,37810.659,0,261,149.542,118.203,113.717,99.936,72.173,59.413,58.44,2299.151,2299.151,2299.151
-6.87,-4.69,0,37811.368,0,261,149.517,118.255,113.766,99.948,72.181,59.41,58.428,2299.144,2299.144,2299.144
-6.865,-4.731,0,37812.096,0,261,149.523,118.322,113.839,99.962,72.204,59.419,58.434,2299.163,2299.163,2299.163
-6.867,-4.772,0,37812.759,0,261,149.504,118.367,113.888,99.97,72.216,59.409,58.426,2299.152,2299.152,2299.152
-6.882,-4.805,0,37813.458,0,261,149.5,118.419,113.942,99.992,72.22,59.406,58.434,2299.159,2299.159,2299.159
-6.873,-4.841,0,37814.166,0,261,149.501,118.468,114.004,100.011,72.242,59.416,58.438,2299.17,2299.17,2299.17
-6.884,-4.893,0,37814.863,0,261,149.503,118.505,114.049,100.014,72.258,59.415,58.429,2299.161,2299.161,2299.161
-6.897,-4.936,0,37815.575,0,261,149.485,118.517,114.096,100.02,72.247,59.398,58.414,2299.14,2299.14,2299.14
-6.888,-4.978,0,37816.261,0,261,149.501,118.56,114.161,100.029,72.274,59.405,58.421,2299.166,2299.166,2299.166
-6.903,-5.026,0,37816.962,0,261,149.494,118.595,114.197,100.024,72.295,59.407,58.423,2299.156,2299.156,2299.156
-6.91,-5.041,0,37817.662,0,261,149.498,118.626,114.26,100.027,72.327,59.417,58.431,2299.172,2299.172,2299.172
-6.895,-5.042,0,37818.368,0,261,149.489,118.671,114.291,100.032,72.333,59.409,58.425,2299.163,2299.163,2299.163
-6.904,-5.042,0,37819.076,0,261,149.482,118.715,114.334,100.054,72.358,59.403,58.423,2299.165,2299.165,2299.165
-6.911,-5.041,0,37819.768,0,261,149.487,118.755,114.38,100.08,72.385,59.411,58.415,2299.166,2299.166,2299.166
-6.902,-5.041,0,37820.464,0,261,149.472,118.797,114.407,100.097,72.399,59.414,58.414,2299.155,2299.155,2299.155
-6.938,-5.161,0,37821.161,0,261,149.467,118.838,114.457,100.123,72.417,59.407,58.417,2299.156,2299.156,2299.156
-6.958,-5.152,0,37821.861,0,261,149.468,118.885,114.496,100.102,72.461,59.41,58.399,2299.153,2299.153,2299.153
-6.954,-5.121,0,37822.562,0,261,149.441,118.955,114.541,100.088,72.53,59.401,58.386,2299.156,2299.156,2299.156
-6.932,-5.057,0,37823.269,0,261,149.428,119.022,114.582,100.116,72.575,59.384,58.361,2299.159,2299.159,2299.159
-6.945,-4.998,0,37823.964,0,261,149.416,119.106,114.624,100.143,72.628,59.361,58.341,2299.176,2299.176,2299.176
-6.933,-4.949,0,37824.69,0,261,149.402,119.175,114.674,100.155,72.661,59.348,58.327,2299.17,2299.17,2299.17
-6.911,-4.902,0,37825.388,0,261,149.379,119.26,114.711,100.172,72.689,59.322,58.295,2299.162,2299.162,2299.162
-6.929,-4.885,0,37826.066,0,261,149.358,119.328,114.755,100.193,72.706,59.305,58.281,2299.164,2299.164,2299.164
-6.927,-4.86,0,37826.762,0,261,149.361,119.421,114.815,100.228,72.721,59.298,58.278,2299.183,2299.183,2299.183
-6.907,-4.811,0,37827.463,0,261,149.345,119.497,114.864,100.262,72.733,59.292,58.261,2299.176,2299.176,2299.176
-6.909,-4.759,0,37828.164,0,261,149.304,119.562,114.913,100.287,72.735,59.275,58.245,2299.155,2299.155,2299.155
-6.911,-4.704,0,37828.866,0,261,149.302,119.638,114.963,100.324,72.748,59.269,58.239,2299.166,2299.166,2299.166
-6.898,-4.648,0,37829.59,0,261,149.294,119.715,115.027,100.351,72.76,59.271,58.244,2299.173,2299.173,2299.173
-6.88,-4.61,0,37830.26,0,261,149.277,119.777,115.084,100.394,72.765,59.268,58.232,2299.17,2299.17,2299.17
-6.887,-4.541,0,37830.975,0,261,149.265,119.842,115.134,100.429,72.761,59.265,58.233,2299.164,2299.164,2299.164
-6.888,-4.474,0,37831.665,0,261,149.252,119.899,115.196,100.468,72.759,59.263,58.219,2299.158,2299.158,2299.158
-6.875,-4.388,0,37832.36,0,261,149.237,119.963,115.251,100.509,72.768,59.26,58.235,2299.167,2299.167,2299.167
-6.852,-4.29,0,37833.067,0,261,149.234,120.032,115.315,100.566,72.778,59.262,58.229,2299.179,2299.179,2299.179
-6.835,-4.234,0,37833.761,0,261,149.209,120.08,115.376,100.607,72.775,59.253,58.227,2299.166,2299.166,2299.166
-6.844,-4.186,0,37834.471,0,261,149.211,120.138,115.434,100.66,72.769,59.249,58.232,2299.166,2299.166,2299.166
-6.847,-4.146,0,37835.161,0,261,149.194,120.199,115.495,100.714,72.766,59.267,58.232,2299.168,2299.168,2299.168
-6.84,-4.076,0,37835.861,0,261,149.202,120.257,115.557,100.77,72.776,59.259,58.247,2299.184,2299.184,2299.184
-6.829,-3.998,0,37836.559,0,261,149.183,120.3,115.603,100.818,72.764,59.267,58.251,2299.179,2299.179,2299.179
-6.813,-3.926,0,37837.261,0,261,149.167,120.337,115.665,100.863,72.763,59.263,58.242,2299.168,2299.168,2299.168
-6.797,-3.86,0,37837.975,0,261,149.162,120.374,115.707,100.912,72.763,59.263,58.242,2299.151,2299.151,2299.151
-6.785,-3.798,0,37838.661,0,261,149.176,120.426,115.784,100.984,72.78,59.286,58.268,2299.176,2299.176,2299.176
-6.789,-3.744,0,37839.362,0,261,149.161,120.467,115.823,101.044,72.787,59.288,58.279,2299.172,2299.172,2299.172
-6.789,-3.693,0,37840.062,0,261,149.159,120.488,115.876,101.099,72.783,59.301,58.278,2299.162,2299.162,2299.162
-6.786,-3.637,0,37840.763,0,261,149.168,120.502,115.936,101.169,72.784,59.307,58.291,2299.167,2299.167,2299.167
-6.779,-3.578,0,37841.464,0,261,149.187,120.53,115.992,101.236,72.802,59.326,58.303,2299.186,2299.186,2299.186
-6.77,-3.526,0,37842.161,0,261,149.175,120.543,116.033,101.285,72.805,59.324,58.316,2299.169,2299.169,2299.169
-6.759,-3.491,0,37842.862,0,261,149.176,120.56,116.063,101.335,72.797,59.323,58.317,2299.154,2299.154,2299.154
-6.75,-3.469,0,37843.574,0,261,149.186,120.594,116.111,101.417,72.811,59.347,58.335,2299.172,2299.172,2299.172
-6.742,-3.442,0,37844.28,0,261,149.182,120.615,116.166,101.466,72.82,59.35,58.351,2299.167,2299.167,2299.167
-6.745,-3.432,0,37844.962,0,261,149.196,120.65,116.21,101.515,72.829,59.384,58.359,2299.176,2299.176,2299.176
-6.75,-3.408,0,37845.673,0,261,149.19,120.691,116.258,101.561,72.843,59.39,58.384,2299.187,2299.187,2299.187
-6.75,-3.362,0,37846.365,0,261,149.188,120.71,116.278,101.602,72.835,59.405,58.388,2299.171,2299.171,2299.171
-6.751,-3.329,0,37847.076,0,261,149.186,120.738,116.319,101.645,72.851,59.413,58.407,2299.174,2299.174,2299.174
-6.752,-3.313,0,37847.762,0,261,149.184,120.778,116.365,101.686,72.853,59.433,58.406,2299.174,2299.174,2299.174
-6.748,-3.259,0,37848.478,0,261,149.186,120.813,116.402,101.712,72.858,59.436,58.419,2299.178,2299.178,2299.178
-6.743,-3.21,0,37849.163,0,261,149.193,120.84,116.433,101.731,72.871,59.442,58.431,2299.178,2299.178,2299.178
-6.741,-3.175,0,37849.863,0,261,149.183,120.87,116.467,101.755,72.878,59.444,58.421,2299.169,2299.169,2299.169
-6.736,-3.118,0,37850.564,0,261,149.182,120.912,116.501,101.783,72.887,59.447,58.433,2299.169,2299.169,2299.169
-6.731,-3.066,0,37851.264,0,261,149.166,120.935,116.532,101.798,72.901,59.454,58.434,2299.159,2299.159,2299.159
-6.724,-3.019,0,37851.965,0,261,149.161,120.982,116.583,101.808,72.93,59.463,58.439,2299.175,2299.175,2299.175
-6.713,-2.946,0,37852.672,0,261,149.163,121.007,116.609,101.83,72.956,59.471,58.46,2299.178,2299.178,2299.178
-6.71,-2.879,0,37853.364,0,261,149.16,121.053,116.64,101.848,72.972,59.472,58.459,2299.172,2299.172,2299.172
-6.705,-2.775,0,37854.06,0,261,149.15,121.094,116.678,101.866,73.003,59.485,58.456,2299.176,2299.176,2299.176
-6.704,-2.671,0,37854.761,0,261,149.142,121.131,116.71,101.897,73.05,59.496,58.459,2299.177,2299.177,2299.177
-6.699,-2.57,0,37855.461,0,261,149.154,121.162,116.755,101.933,73.091,59.498,58.478,2299.186,2299.186,2299.186
-6.691,-2.458,0,37856.167,0,261,149.149,121.171,116.775,101.95,73.107,59.492,58.478,2299.17,2299.17,2299.17
-6.68,-2.347,0,37856.862,0,261,149.138,121.212,116.8,101.973,73.125,59.502,58.478,2299.158,2299.158,2299.158
-6.667,-2.237,0,37857.561,0,261,149.144,121.238,116.846,102.007,73.172,59.518,58.489,2299.17,2299.17,2299.17
-6.651,-2.118,0,37858.265,0,261,149.148,121.258,116.877,102.049,73.188,59.534,58.51,2299.178,2299.178,2299.178
-6.635,-2.009,0,37858.969,0,261,149.153,121.285,116.906,102.069,73.197,59.54,58.52,2299.173,2299.173,2299.173
-6.617,-1.908,0,37859.665,0,261,149.145,121.312,116.948,102.103,73.218,59.57,58.538,2299.179,2299.179,2299.179
-6.6,-1.819,0,37860.361,0,261,149.142,121.322,116.971,102.136,73.233,59.571,58.557,2299.174,2299.174,2299.174
-6.583,-1.726,0,37861.071,0,261,149.142,121.354,117.01,102.178,73.244,59.608,58.597,2299.184,2299.184,2299.184
-6.573,-1.648,0,37861.761,0,261,149.146,121.362,117.039,102.205,73.263,59.626,58.618,2299.175,2299.175,2299.175
-6.573,-1.585,0,37862.464,0,261,149.159,121.387,117.063,102.257,73.269,59.665,58.674,2299.192,2299.192,2299.192
-6.567,-1.516,0,37863.17,0,261,149.167,121.396,117.094,102.296,73.282,59.702,58.696,2299.187,2299.187,2299.187
-6.556,-1.447,0,37863.864,0,261,149.171,121.396,117.117,102.325,73.271,59.73,58.733,2299.173,2299.173,2299.173
-6.545,-1.391,0,37864.566,0,261,149.168,121.411,117.138,102.391,73.289,59.769,58.771,2299.167,2299.167,2299.167
-6.53,-1.32,0,37865.27,0,261,149.19,121.43,117.169,102.465,73.303,59.807,58.814,2299.184,2299.184,2299.184
-6.516,-1.25,0,37865.99,0,261,149.19,121.432,117.19,102.547,73.309,59.842,58.861,2299.175,2299.175,2299.175
-6.503,-1.185,0,37866.662,0,261,149.208,121.457,117.22,102.634,73.322,59.893,58.901,2299.186,2299.186,2299.186
-6.49,-1.124,0,37867.378,0,261,149.198,121.46,117.232,102.708,73.329,59.92,58.939,2299.172,2299.172,2299.172
-6.479,-1.072,0,37868.08,0,261,149.208,121.472,117.268,102.791,73.344,59.963,58.992,2299.186,2299.186,2299.186
-6.469,-1.016,0,37868.762,0,261,149.215,121.478,117.284,102.87,73.346,60.009,59.019,2299.182,2299.182,2299.182
-6.459,-0.965,0,37869.462,0,261,149.226,121.492,117.304,102.942,73.37,60.052,59.074,2299.184,2299.184,2299.184
-6.449,-0.913,0,37870.164,0,261,149.224,121.516,117.328,103.003,73.379,60.094,59.13,2299.184,2299.184,2299.184
-6.443,-0.861,0,37870.889,0,261,149.233,121.528,117.355,103.058,73.394,60.141,59.177,2299.185,2299.185,2299.185
-6.436,-0.815,0,37871.586,0,261,149.228,121.534,117.37,103.115,73.399,60.185,59.208,2299.174,2299.174,2299.174
-6.433,-0.768,0,37872.273,0,261,149.243,121.547,117.397,103.171,73.425,60.212,59.259,2299.18,2299.18,2299.18
-6.431,-0.729,0,37872.963,0,261,149.234,121.553,117.414,103.21,73.446,60.267,59.298,2299.168,2299.168,2299.168
-6.428,-0.689,0,37873.672,0,261,149.237,121.565,117.435,103.262,73.475,60.311,59.351,2299.174,2299.174,2299.174
-6.423,-0.645,0,37874.362,0,261,149.245,121.578,117.459,103.291,73.511,60.355,59.393,2299.174,2299.174,2299.174
-6.416,-0.601,0,37875.067,0,261,149.261,121.608,117.482,103.348,73.542,60.41,59.45,2299.197,2299.197,2299.197
-6.41,-0.555,0,37875.772,0,261,149.247,121.597,117.5,103.372,73.558,60.448,59.49,2299.177,2299.177,2299.177
-6.4,-0.512,0,37876.469,0,261,149.257,121.598,117.524,103.407,73.577,60.491,59.536,2299.17,2299.17,2299.17
-6.384,-0.465,0,37877.165,0,261,149.263,121.607,117.537,103.44,73.612,60.538,59.588,2299.17,2299.17,2299.17
-6.367,-0.424,0,37877.891,0,261,149.283,121.614,117.569,103.486,73.656,60.6,59.649,2299.191,2299.191,2299.191
-6.356,-0.38,0,37878.563,0,261,149.286,121.615,117.578,103.523,73.69,60.652,59.692,2299.187,2299.187,2299.187
-6.36,-0.342,0,37879.275,0,261,149.294,121.614,117.604,103.558,73.712,60.698,59.769,2299.191,2299.191,2299.191
-6.359,-0.305,0,37879.964,0,261,149.302,121.6,117.614,103.578,73.751,60.751,59.817,2299.182,2299.182,2299.182
-6.352,-0.263,0,37880.663,0,261,149.307,121.594,117.621,103.615,73.784,60.793,59.865,2299.179,2299.179,2299.179
-6.339,-0.233,0,37881.364,0,261,149.311,121.59,117.636,103.644,73.841,60.86,59.931,2299.181,2299.181,2299.181
-6.32,-0.206,0,37882.07,0,261,149.333,121.591,117.666,103.694,73.888,60.936,60.003,2299.206,2299.206,2299.206
-6.33,-0.179,0,37882.774,0,261,149.335,121.576,117.662,103.734,73.927,60.982,60.069,2299.185,2299.185,2299.185
-6.333,-0.152,0,37883.463,0,261,149.346,121.572,117.68,103.761,73.983,61.051,60.133,2299.192,2299.192,2299.192
-6.326,-0.124,0,37884.172,0,261,149.349,121.574,117.686,103.784,74.032,61.118,60.199,2299.189,2299.189,2299.189
-6.308,-0.1,0,37884.864,0,261,149.371,121.569,117.705,103.818,74.096,61.206,60.289,2299.2,2299.2,2299.2
-6.32,-0.08,0,37885.563,0,261,149.377,121.555,117.695,103.835,74.148,61.267,60.352,2299.193,2299.193,2299.193
-6.326,-0.067,0,37886.289,0,261,149.381,121.546,117.702,103.869,74.213,61.334,60.438,2299.186,2299.186,2299.186
-6.323,-0.06,0,37886.969,0,261,149.393,121.523,117.713,103.886,74.265,61.415,60.508,2299.194,2299.194,2299.194
-6.307,-0.057,0,37887.683,0,261,149.402,121.51,117.701,103.905,74.312,61.483,60.58,2299.173,2299.173,2299.173
-6.318,-0.056,0,37888.365,0,261,149.42,121.508,117.717,103.932,74.378,61.569,60.67,2299.197,2299.197,2299.197
-6.325,-0.055,0,37889.063,0,261,149.441,121.503,117.726,103.952,74.439,61.644,60.746,2299.199,2299.199,2299.199
-6.32,-0.055,0,37889.775,0,261,149.443,121.495,117.719,103.965,74.482,61.713,60.826,2299.196,2299.196,2299.196
-6.306,-0.055,0,37890.479,0,261,149.462,121.476,117.716,103.978,74.539,61.788,60.897,2299.188,2299.188,2299.188
-6.322,-0.054,0,37891.163,0,261,149.457,121.469,117.711,103.986,74.581,61.86,60.969,2299.18,2299.18,2299.18
-6.323,-0.052,0,37891.867,0,261,149.471,121.478,117.72,104.006,74.639,61.945,61.057,2299.204,2299.204,2299.204
-6.302,-0.05,0,37892.567,0,261,149.471,121.462,117.716,104.016,74.691,62.013,61.122,2299.192,2299.192,2299.192
-6.307,-0.045,0,37893.278,0,261,149.467,121.454,117.712,104.017,74.732,62.085,61.184,2299.183,2299.183,2299.183
-6.31,-0.04,0,37893.969,0,261,149.485,121.447,117.708,104.039,74.787,62.16,61.269,2299.189,2299.189,2299.189
-6.29,-0.037,0,37894.665,0,261,149.515,121.459,117.727,104.056,74.855,62.246,61.348,2299.215,2299.215,2299.215
-6.293,-0.031,0,37895.375,0,261,149.518,121.447,117.721,104.049,74.895,62.303,61.413,2299.203,2299.203,2299.203
-6.294,-0.026,0,37896.065,0,261,149.513,121.429,117.718,104.07,74.937,62.369,61.48,2299.195,2299.195,2299.195
-6.27,-0.018,0,37896.767,0,261,149.532,121.431,117.716,104.068,74.992,62.445,61.568,2299.211,2299.211,2299.211
-6.28,-0.014,0,37897.465,0,261,149.535,121.407,117.705,104.072,75.01,62.51,61.637,2299.193,2299.193,2299.193
-6.276,-0.01,0,37898.169,0,261,149.542,121.373,117.709,104.051,75.028,62.562,61.702,2299.181,2299.181,2299.181
-6.259,-0.004,0,37898.865,0,261,149.558,121.352,117.703,104.045,75.047,62.654,61.786,2299.191,2299.191,2299.191
-6.256,-0.004,0,37899.565,0,261,149.573,121.332,117.707,104.035,75.053,62.734,61.871,2299.193,2299.193,2299.193
-6.221,-0.004,0,37900.264,0,261,149.605,121.285,117.694,104.041,75.065,62.831,62.008,2299.202,2299.202,2299.202
-6.223,-0.004,0,37900.969,0,261,149.611,121.235,117.688,104.022,75.079,62.946,62.16,2299.198,2299.198,2299.198
-6.192,-0.003,0,37901.672,0,261,149.641,121.192,117.676,104.037,75.118,63.081,62.317,2299.201,2299.201,2299.201
-6.189,-0.004,0,37902.366,0,261,149.646,121.148,117.66,104.031,75.134,63.224,62.478,2299.189,2299.189,2299.189
-6.17,-0.004,0,37903.07,0,261,149.671,121.12,117.651,104.052,75.171,63.376,62.641,2299.192,2299.192,2299.192
-6.159,-0.004,0,37903.764,0,261,149.678,121.08,117.626,104.047,75.207,63.536,62.812,2299.191,2299.191,2299.191
-6.138,-0.003,0,37904.465,0,261,149.695,121.061,117.62,104.071,75.272,63.703,62.989,2299.211,2299.211,2299.211
-6.128,-0.004,0,37905.17,0,261,149.711,121.023,117.586,104.079,75.325,63.856,63.149,2299.189,2299.189,2299.189
-6.108,-0.003,0,37905.865,0,261,149.721,121,117.584,104.102,75.394,64.028,63.332,2299.21,2299.21,2299.21
-6.091,-0.004,0,37906.575,0,261,149.742,120.969,117.56,104.114,75.462,64.188,63.497,2299.208,2299.208,2299.208
-6.081,-0.004,0,37907.268,0,261,149.756,120.926,117.538,104.117,75.534,64.34,63.657,2299.198,2299.198,2299.198
-6.048,-0.004,0,37907.966,0,261,149.776,120.908,117.519,104.128,75.61,64.508,63.83,2299.207,2299.207,2299.207
-6.052,-0.004,0,37908.667,0,261,149.792,120.882,117.499,104.148,75.698,64.666,63.994,2299.208,2299.208,2299.208
-6.023,-0.004,0,37909.365,0,261,149.795,120.859,117.485,104.15,75.78,64.828,64.157,2299.205,2299.205,2299.205
-6.02,-0.004,0,37910.07,0,261,149.808,120.824,117.458,104.171,75.867,64.986,64.315,2299.205,2299.205,2299.205
-6.015,-0.004,0,37910.77,0,261,149.823,120.803,117.442,104.188,75.954,65.153,64.487,2299.209,2299.209,2299.209
-5.995,-0.004,0,37911.464,0,261,149.832,120.767,117.424,104.186,76.043,65.299,64.646,2299.2,2299.2,2299.2
-6.013,-0.003,0,37912.169,0,261,149.85,120.739,117.408,104.213,76.147,65.473,64.807,2299.205,2299.205,2299.205
-6.009,-0.004,0,37912.888,0,261,149.856,120.705,117.367,104.224,76.224,65.614,64.962,2299.184,2299.184,2299.184
-6.001,-0.003,0,37913.575,0,261,149.885,120.698,117.377,104.247,76.339,65.782,65.131,2299.219,2299.219,2299.219
-6.014,-0.004,0,37914.265,0,261,149.892,120.666,117.354,104.258,76.445,65.93,65.291,2299.216,2299.216,2299.216
-6.007,-0.004,0,37914.965,0,261,149.892,120.63,117.323,104.267,76.529,66.087,65.431,2299.194,2299.194,2299.194
-5.993,-0.003,0,37915.685,0,261,149.91,120.609,117.3,104.284,76.63,66.238,65.593,2299.201,2299.201,2299.201
-6,-0.004,0,37916.371,0,261,149.925,120.586,117.275,104.296,76.741,66.386,65.745,2299.202,2299.202,2299.202
-5.985,-0.004,0,37917.085,0,261,149.934,120.558,117.264,104.314,76.845,66.543,65.903,2299.207,2299.207,2299.207
-6.005,-0.004,0,37917.783,0,261,149.943,120.543,117.248,104.33,76.943,66.693,66.051,2299.212,2299.212,2299.212
-6.022,-0.004,0,37918.467,0,261,149.967,120.515,117.234,104.346,77.047,66.839,66.199,2299.21,2299.21,2299.21
-6.021,-0.005,0,37919.169,0,261,149.977,120.483,117.212,104.366,77.148,66.982,66.346,2299.216,2299.216,2299.216
-6.049,-0.004,0,37919.874,0,261,149.992,120.47,117.195,104.377,77.266,67.135,66.485,2299.209,2299.209,2299.209
-6.043,-0.004,0,37920.566,0,261,149.991,120.441,117.172,104.393,77.364,67.269,66.631,2299.21,2299.21,2299.21
-6.075,-0.004,0,37921.273,0,261,149.996,120.412,117.147,104.398,77.47,67.419,66.774,2299.202,2299.202,2299.202
-6.08,-0.004,0,37921.967,0,261,150.005,120.39,117.127,104.427,77.571,67.555,66.918,2299.207,2299.207,2299.207
-6.097,-0.003,0,37922.666,0,261,150.026,120.37,117.116,104.443,77.678,67.69,67.046,2299.211,2299.211,2299.211
-6.106,-0.004,0,37923.369,0,261,150.033,120.355,117.099,104.465,77.782,67.834,67.185,2299.212,2299.212,2299.212
-6.127,-0.004,0,37924.065,0,261,150.036,120.321,117.075,104.478,77.87,67.951,67.311,2299.196,2299.196,2299.196
-6.139,-0.004,0,37924.766,0,261,150.044,120.293,117.062,104.485,77.975,68.08,67.426,2299.192,2299.192,2299.192
-6.167,-0.004,0,37925.467,0,261,150.066,120.284,117.051,104.529,78.099,68.227,67.567,2299.222,2299.222,2299.222
-6.165,-0.004,0,37926.166,0,261,150.078,120.25,117.036,104.541,78.185,68.336,67.681,2299.207,2299.207,2299.207
-6.199,-0.004,0,37926.868,0,261,150.083,120.236,117.005,104.554,78.284,68.46,67.792,2299.208,2299.208,2299.208
-6.204,-0.004,0,37927.567,0,261,150.098,120.215,117.002,104.582,78.394,68.568,67.901,2299.216,2299.216,2299.216
-6.228,-0.004,0,37928.273,0,261,150.099,120.192,116.984,104.603,78.486,68.67,67.991,2299.205,2299.205,2299.205
-6.239,-0.003,0,37928.969,0,261,150.109,120.167,116.973,104.611,78.572,68.762,68.071,2299.2,2299.2,2299.2
-6.251,-0.005,0,37929.669,0,261,150.128,120.146,116.96,104.637,78.682,68.846,68.13,2299.22,2299.22,2299.22
-6.263,-0.013,0,37930.371,0,261,150.123,120.126,116.948,104.647,78.772,68.906,68.152,2299.211,2299.211,2299.211
-6.25,-0.02,0,37931.066,0,261,150.134,120.115,116.934,104.683,78.87,68.954,68.153,2299.219,2299.219,2299.219
-6.272,-0.035,0,37931.766,0,261,150.134,120.14,116.916,104.724,78.968,68.952,68.122,2299.217,2299.217,2299.217
-6.261,-0.051,0,37932.467,0,261,150.099,120.171,116.895,104.749,79.066,68.936,68.094,2299.202,2299.202,2299.202
-6.278,-0.06,0,37933.168,0,261,150.082,120.218,116.884,104.821,79.188,68.932,68.072,2299.206,2299.206,2299.206
-6.274,-0.074,0,37933.881,0,261,150.066,120.257,116.879,104.88,79.325,68.918,68.048,2299.208,2299.208,2299.208
-6.276,-0.083,0,37934.57,0,261,150.058,120.288,116.88,104.932,79.458,68.899,68.022,2299.209,2299.209,2299.209
-6.281,-0.085,0,37935.268,0,261,150.058,120.325,116.892,104.995,79.586,68.896,68.004,2299.232,2299.232,2299.232
-6.267,-0.087,0,37935.977,0,261,150.042,120.345,116.889,105.009,79.674,68.868,67.976,2299.217,2299.217,2299.217
-6.284,-0.09,0,37936.693,0,261,150.027,120.377,116.897,105.03,79.756,68.852,67.972,2299.214,2299.214,2299.214
-6.265,-0.092,0,37937.383,0,261,150.024,120.395,116.909,105.041,79.815,68.847,67.947,2299.214,2299.214,2299.214
-6.286,-0.098,0,37938.068,0,261,150.014,120.416,116.929,105.059,79.874,68.838,67.939,2299.212,2299.212,2299.212
-6.275,-0.104,0,37938.77,0,261,150.009,120.446,116.936,105.067,79.919,68.842,67.939,2299.212,2299.212,2299.212
-6.28,-0.109,0,37939.47,0,261,150.007,120.46,116.952,105.083,79.953,68.838,67.948,2299.216,2299.216,2299.216
-6.282,-0.116,0,37940.17,0,261,149.995,120.477,116.973,105.09,79.999,68.836,67.94,2299.212,2299.212,2299.212
-6.27,-0.114,0,37940.875,0,261,150.002,120.492,116.989,105.101,80.02,68.841,67.945,2299.219,2299.219,2299.219
-6.287,-0.117,0,37941.568,0,261,149.987,120.514,117.008,105.116,80.057,68.848,67.95,2299.221,2299.221,2299.221
-6.28,-0.125,0,37942.273,0,261,149.972,120.528,117.015,105.13,80.078,68.865,67.961,2299.218,2299.218,2299.218
-6.295,-0.133,0,37942.97,0,261,149.977,120.544,117.018,105.128,80.086,68.861,67.951,2299.203,2299.203,2299.203
-6.299,-0.17,0,37943.68,0,261,149.972,120.569,117.056,105.144,80.12,68.883,67.976,2299.231,2299.231,2299.231
-6.305,-0.2,0,37944.374,0,261,149.967,120.577,117.065,105.144,80.13,68.871,67.955,2299.209,2299.209,2299.209
-6.323,-0.237,0,37945.07,0,261,149.953,120.6,117.07,105.149,80.141,68.859,67.936,2299.198,2299.198,2299.198
-6.314,-0.276,0,37945.771,0,261,149.949,120.629,117.094,105.173,80.169,68.865,67.931,2299.221,2299.221,2299.221
-6.343,-0.319,0,37946.47,0,261,149.943,120.657,117.11,105.166,80.18,68.847,67.914,2299.213,2299.213,2299.213
-6.334,-0.366,0,37947.174,0,261,149.94,120.686,117.13,105.194,80.201,68.829,67.874,2299.223,2299.223,2299.223
-6.361,-0.415,0,37947.868,0,261,149.926,120.704,117.145,105.194,80.217,68.798,67.842,2299.219,2299.219,2299.219
-6.352,-0.465,0,37948.569,0,261,149.912,120.733,117.162,105.193,80.227,68.774,67.801,2299.219,2299.219,2299.219
-6.38,-0.516,0,37949.268,0,261,149.901,120.771,117.183,105.22,80.234,68.733,67.774,2299.227,2299.227,2299.227
-6.368,-0.566,0,37949.974,0,261,149.894,120.788,117.205,105.226,80.239,68.702,67.722,2299.221,2299.221,2299.221
-6.397,-0.621,0,37950.674,0,261,149.87,120.827,117.223,105.226,80.24,68.663,67.686,2299.215,2299.215,2299.215
-6.385,-0.672,0,37951.373,0,261,149.862,120.851,117.241,105.231,80.246,68.625,67.64,2299.213,2299.213,2299.213
-6.413,-0.723,0,37952.072,0,261,149.842,120.897,117.26,105.242,80.26,68.586,67.592,2299.219,2299.219,2299.219
-6.407,-0.773,0,37952.779,0,261,149.841,120.929,117.279,105.259,80.242,68.544,67.545,2299.211,2299.211,2299.211
-6.427,-0.826,0,37953.472,0,261,149.841,120.958,117.31,105.274,80.255,68.505,67.503,2299.229,2299.229,2299.229
-6.434,-0.879,0,37954.171,0,261,149.818,120.982,117.321,105.286,80.249,68.46,67.458,2299.218,2299.218,2299.218
-6.439,-0.926,0,37954.88,0,261,149.807,121.023,117.346,105.276,80.235,68.409,67.409,2299.209,2299.209,2299.209
-6.457,-0.982,0,37955.569,0,261,149.789,121.06,117.367,105.28,80.217,68.353,67.349,2299.202,2299.202,2299.202
-6.449,-1.038,0,37956.268,0,261,149.786,121.093,117.397,105.301,80.222,68.328,67.318,2299.215,2299.215,2299.215
-6.476,-1.093,0,37956.989,0,261,149.77,121.123,117.419,105.308,80.219,68.265,67.257,2299.212,2299.212,2299.212
-6.469,-1.151,0,37957.688,0,261,149.758,121.165,117.452,105.31,80.201,68.224,67.212,2299.207,2299.207,2299.207
-6.486,-1.213,0,37958.37,0,261,149.749,121.201,117.485,105.335,80.198,68.195,67.184,2299.233,2299.233,2299.233
-6.495,-1.286,0,37959.072,0,261,149.742,121.234,117.505,105.337,80.18,68.146,67.13,2299.221,2299.221,2299.221
-6.488,-1.359,0,37959.771,0,261,149.722,121.27,117.528,105.341,80.159,68.106,67.079,2299.215,2299.215,2299.215
-6.512,-1.43,0,37960.47,0,261,149.713,121.298,117.554,105.328,80.114,68.054,67.028,2299.213,2299.213,2299.213
-6.505,-1.5,0,37961.203,0,261,149.703,121.341,117.594,105.344,80.079,68.02,66.982,2299.226,2299.226,2299.226
-6.52,-1.575,0,37961.869,0,261,149.695,121.374,117.609,105.355,80.034,67.955,66.926,2299.22,2299.22,2299.22
-6.531,-1.644,0,37962.568,0,261,149.679,121.407,117.651,105.368,80.003,67.906,66.875,2299.216,2299.216,2299.216
-6.525,-1.726,0,37963.275,0,261,149.673,121.437,117.675,105.385,79.977,67.86,66.826,2299.226,2299.226,2299.226
-6.548,-1.82,0,37963.969,0,261,149.649,121.461,117.705,105.41,79.933,67.803,66.762,2299.222,2299.222,2299.222
-6.538,-1.892,0,37964.668,0,261,149.665,121.491,117.732,105.432,79.893,67.742,66.697,2299.221,2299.221,2299.221
-6.561,-1.978,0,37965.368,0,261,149.647,121.512,117.754,105.465,79.867,67.692,66.642,2299.219,2299.219,2299.219
-6.564,-2.049,0,37966.101,0,261,149.642,121.536,117.789,105.482,79.821,67.627,66.578,2299.217,2299.217,2299.217
-6.57,-2.137,0,37966.774,0,261,149.643,121.562,117.814,105.524,79.786,67.575,66.52,2299.219,2299.219,2299.219
-6.583,-2.213,0,37967.469,0,261,149.631,121.58,117.845,105.557,79.758,67.518,66.467,2299.224,2299.224,2299.224
-6.578,-2.29,0,37968.169,0,261,149.63,121.599,117.86,105.573,79.719,67.456,66.403,2299.222,2299.222,2299.222
-6.599,-2.359,0,37968.877,0,261,149.619,121.631,117.89,105.609,79.682,67.399,66.347,2299.222,2299.222,2299.222
-6.583,-2.418,0,37969.585,0,261,149.617,121.643,117.917,105.633,79.642,67.326,66.274,2299.218,2299.218,2299.218
-6.605,-2.407,0,37970.27,0,261,149.603,121.664,117.944,105.64,79.62,67.262,66.206,2299.213,2299.213,2299.213
-6.587,-2.443,0,37970.985,0,261,149.604,121.705,117.984,105.678,79.597,67.215,66.162,2299.235,2299.235,2299.235
-6.613,-2.519,0,37971.67,0,261,149.591,121.728,118.002,105.702,79.564,67.153,66.107,2299.229,2299.229,2299.229
-6.604,-2.577,0,37972.371,0,261,149.587,121.747,118.008,105.703,79.517,67.085,66.027,2299.204,2299.204,2299.204
-6.627,-2.631,0,37973.08,0,261,149.571,121.778,118.05,105.735,79.496,67.037,65.98,2299.222,2299.222,2299.222
-6.623,-2.691,0,37973.788,0,261,149.571,121.809,118.078,105.759,79.467,66.991,65.922,2299.228,2299.228,2299.228
-6.643,-2.751,0,37974.473,0,261,149.551,121.843,118.098,105.766,79.438,66.934,65.874,2299.215,2299.215,2299.215
-6.635,-2.803,0,37975.171,0,261,149.545,121.882,118.121,105.783,79.405,66.878,65.824,2299.224,2299.224,2299.224
-6.66,-2.858,0,37975.892,0,261,149.527,121.915,118.15,105.8,79.381,66.837,65.778,2299.223,2299.223,2299.223
-6.646,-2.916,0,37976.57,0,261,149.516,121.965,118.182,105.82,79.353,66.788,65.737,2299.229,2299.229,2299.229
-6.674,-2.976,0,37977.279,0,261,149.498,121.996,118.202,105.828,79.323,66.734,65.689,2299.216,2299.216,2299.216
-6.675,-3.033,0,37977.975,0,261,149.501,122.047,118.24,105.856,79.307,66.713,65.653,2299.238,2299.238,2299.238
-6.681,-3.09,0,37978.669,0,261,149.473,122.07,118.265,105.867,79.276,66.664,65.612,2299.221,2299.221,2299.221
-6.697,-3.151,0,37979.385,0,261,149.454,122.13,118.286,105.875,79.255,66.627,65.584,2299.225,2299.225,2299.225
-6.69,-3.22,0,37980.07,0,261,149.444,122.166,118.323,105.89,79.229,66.597,65.542,2299.222,2299.222,2299.222
-6.705,-3.285,0,37980.77,0,261,149.419,122.226,118.356,105.896,79.203,66.548,65.498,2299.231,2299.231,2299.231
-6.717,-3.353,0,37981.476,0,261,149.405,122.262,118.388,105.913,79.182,66.515,65.46,2299.227,2299.227,2299.227
-6.709,-3.408,0,37982.169,0,261,149.39,122.295,118.411,105.914,79.159,66.471,65.422,2299.221,2299.221,2299.221
-6.727,-3.459,0,37982.887,0,261,149.367,122.334,118.445,105.919,79.137,66.437,65.385,2299.221,2299.221,2299.221
-6.735,-3.515,0,37983.571,0,261,149.35,122.383,118.478,105.921,79.103,66.397,65.348,2299.214,2299.214,2299.214
-6.722,-3.585,0,37984.278,0,261,149.347,122.422,118.518,105.93,79.093,66.373,65.316,2299.223,2299.223,2299.223
-6.745,-3.648,0,37984.977,0,261,149.33,122.469,118.566,105.947,79.079,66.337,65.29,2299.232,2299.232,2299.232
-6.755,-3.715,0,37985.681,0,261,149.328,122.503,118.594,105.955,79.063,66.299,65.255,2299.236,2299.236,2299.236
-6.749,-3.782,0,37986.373,0,261,149.315,122.534,118.613,105.952,79.034,66.272,65.221,2299.224,2299.224,2299.224
-6.76,-3.845,0,37987.072,0,261,149.293,122.564,118.646,105.941,79.017,66.218,65.171,2299.212,2299.212,2299.212
-6.777,-3.928,0,37987.779,0,261,149.297,122.607,118.683,105.958,79.006,66.197,65.15,2299.229,2299.229,2299.229
-6.778,-4,0,37988.471,0,261,149.281,122.649,118.727,105.964,78.985,66.164,65.118,2299.231,2299.231,2299.231
-6.773,-4.066,0,37989.171,0,261,149.27,122.678,118.758,105.986,78.963,66.133,65.076,2299.235,2299.235,2299.235
-6.785,-4.098,0,37989.877,0,261,149.253,122.711,118.779,105.991,78.944,66.098,65.038,2299.227,2299.227,2299.227
-6.8,-4.16,0,37990.58,0,261,149.244,122.744,118.809,105.981,78.928,66.061,65.006,2299.224,2299.224,2299.224
-6.805,-4.252,0,37991.272,0,261,149.236,122.753,118.836,105.979,78.906,66.015,64.972,2299.215,2299.215,2299.215
-6.797,-4.298,0,37991.972,0,261,149.221,122.783,118.873,105.999,78.882,65.998,64.936,2299.217,2299.217,2299.217
-6.798,-4.361,0,37992.671,0,261,149.231,122.817,118.918,106.013,78.881,65.957,64.898,2299.231,2299.231,2299.231
-6.818,-4.415,0,37993.372,0,261,149.213,122.828,118.939,106.023,78.863,65.924,64.874,2299.229,2299.229,2299.229
-6.827,-4.453,0,37994.072,0,261,149.206,122.838,118.961,106.019,78.829,65.884,64.831,2299.211,2299.211,2299.211
-6.829,-4.498,0,37994.772,0,261,149.202,122.865,118.987,106.02,78.825,65.857,64.807,2299.223,2299.223,2299.223
-6.825,-4.549,0,37995.474,0,261,149.191,122.885,119.019,106.032,78.811,65.83,64.778,2299.23,2299.23,2299.23
-6.82,-4.59,0,37996.175,0,261,149.191,122.897,119.047,106.032,78.801,65.81,64.751,2299.238,2299.238,2299.238
-6.837,-4.627,0,37996.879,0,261,149.177,122.916,119.068,106.021,78.772,65.767,64.711,2299.228,2299.228,2299.228
-6.848,-4.65,0,37997.574,0,261,149.169,122.937,119.09,106.018,78.757,65.743,64.678,2299.229,2299.229,2299.229
-6.855,-4.685,0,37998.274,0,261,149.16,122.954,119.108,106.005,78.733,65.703,64.648,2299.221,2299.221,2299.221
-6.856,-4.72,0,37998.987,0,261,149.158,122.985,119.132,105.988,78.729,65.682,64.624,2299.233,2299.233,2299.233
-6.855,-4.75,0,37999.677,0,261,149.142,122.995,119.156,105.947,78.713,65.642,64.591,2299.219,2299.219,2299.219
-6.847,-4.792,0,38000.371,0,261,149.147,123.026,119.178,105.921,78.703,65.624,64.577,2299.231,2299.231,2299.231
-6.853,-4.833,0,38001.075,0,261,149.122,123.042,119.189,105.894,78.686,65.591,64.542,2299.224,2299.224,2299.224
-6.868,-4.869,0,38001.774,0,261,149.132,123.082,119.224,105.887,78.7,65.582,64.527,2299.246,2299.246,2299.246
-6.878,-4.898,0,38002.474,0,261,149.113,123.095,119.234,105.861,78.682,65.548,64.493,2299.229,2299.229,2299.229
-6.886,-4.934,0,38003.173,0,261,149.11,123.13,119.255,105.846,78.684,65.523,64.476,2299.244,2299.244,2299.244
-6.893,-4.998,0,38003.872,0,261,149.077,123.139,119.261,105.802,78.669,65.504,64.448,2299.22,2299.22,2299.22
-6.896,-5.048,0,38004.572,0,261,149.08,123.17,119.281,105.798,78.664,65.474,64.416,2299.217,2299.217,2299.217
-6.891,-5.046,0,38005.272,0,261,149.079,123.191,119.292,105.793,78.652,65.444,64.388,2299.219,2299.219,2299.219
-6.885,-5.045,0,38005.972,0,261,149.066,123.228,119.316,105.789,78.666,65.429,64.368,2299.228,2299.228,2299.228
-6.876,-5.045,0,38006.674,0,261,149.056,123.248,119.345,105.793,78.673,65.409,64.34,2299.233,2299.233,2299.233
-6.878,-5.044,0,38007.38,0,261,149.053,123.276,119.355,105.784,78.675,65.388,64.334,2299.234,2299.234,2299.234
-6.88,-5.045,0,38008.082,0,261,149.041,123.289,119.383,105.79,78.668,65.369,64.3,2299.232,2299.232,2299.232
-6.888,-5.045,0,38008.772,0,261,149.034,123.326,119.396,105.799,78.673,65.34,64.283,2299.235,2299.235,2299.235
-6.931,-5.133,0,38009.472,0,261,149.024,123.352,119.43,105.806,78.67,65.325,64.269,2299.242,2299.242,2299.242
-6.937,-5.117,0,38010.18,0,261,149.009,123.376,119.438,105.8,78.682,65.305,64.235,2299.233,2299.233,2299.233
-6.939,-5.111,0,38010.872,0,261,149.002,123.411,119.464,105.801,78.727,65.277,64.192,2299.242,2299.242,2299.242
-6.938,-5.076,0,38011.586,0,261,148.977,123.445,119.48,105.794,78.748,65.227,64.148,2299.23,2299.23,2299.23
-6.936,-5.033,0,38012.273,0,261,148.956,123.476,119.497,105.792,78.771,65.19,64.093,2299.23,2299.23,2299.23
-6.926,-4.984,0,38012.974,0,261,148.954,123.524,119.529,105.811,78.789,65.142,64.044,2299.25,2299.25,2299.25
-6.917,-4.956,0,38013.705,0,261,148.941,123.547,119.548,105.809,78.785,65.092,64.002,2299.24,2299.24,2299.24
-6.911,-4.928,0,38014.378,0,261,148.932,123.59,119.569,105.804,78.783,65.057,63.947,2299.244,2299.244,2299.244
-6.901,-4.889,0,38015.076,0,261,148.909,123.594,119.592,105.802,78.766,65.001,63.918,2299.235,2299.235,2299.235
-6.893,-4.844,0,38015.776,0,261,148.916,123.635,119.621,105.81,78.748,64.969,63.871,2299.241,2299.241,2299.241
-6.888,-4.788,0,38016.473,0,261,148.892,123.659,119.637,105.812,78.719,64.936,63.84,2299.239,2299.239,2299.239
-6.882,-4.725,0,38017.174,0,261,148.882,123.676,119.662,105.818,78.708,64.893,63.802,2299.229,2299.229,2299.229
-6.877,-4.675,0,38017.874,0,261,148.86,123.707,119.686,105.833,78.686,64.869,63.779,2299.228,2299.228,2299.228
-6.868,-4.607,0,38018.578,0,261,148.857,123.738,119.705,105.85,78.666,64.842,63.756,2299.228,2299.228,2299.228
-6.861,-4.543,0,38019.277,0,261,148.852,123.755,119.728,105.854,78.645,64.81,63.714,2299.227,2299.227,2299.227
-6.855,-4.483,0,38019.972,0,261,148.828,123.788,119.757,105.871,78.622,64.798,63.71,2299.239,2299.239,2299.239
-6.848,-4.419,0,38020.674,0,261,148.824,123.828,119.767,105.875,78.6,64.778,63.677,2299.236,2299.236,2299.236
-6.844,-4.349,0,38021.38,0,261,148.814,123.871,119.804,105.892,78.579,64.756,63.671,2299.238,2299.238,2299.238
-6.84,-4.269,0,38022.082,0,261,148.798,123.911,119.841,105.912,78.565,64.747,63.656,2299.248,2299.248,2299.248
-6.837,-4.197,0,38022.778,0,261,148.771,123.935,119.849,105.924,78.533,64.71,63.623,2299.224,2299.224,2299.224
-6.832,-4.117,0,38023.48,0,261,148.767,123.969,119.867,105.948,78.509,64.699,63.611,2299.232,2299.232,2299.232
-6.824,-4.03,0,38024.18,0,261,148.759,124.002,119.903,105.964,78.493,64.688,63.595,2299.236,2299.236,2299.236
-6.817,-3.969,0,38024.883,0,261,148.743,124.033,119.944,105.989,78.467,64.677,63.579,2299.239,2299.239,2299.239
-6.808,-3.893,0,38025.577,0,261,148.739,124.061,119.961,106.012,78.444,64.654,63.572,2299.24,2299.24,2299.24
-6.795,-3.827,0,38026.279,0,261,148.725,124.104,119.992,106.047,78.426,64.654,63.565,2299.241,2299.241,2299.241
-6.779,-3.768,0,38026.972,0,261,148.704,124.125,120.015,106.072,78.392,64.631,63.548,2299.231,2299.231,2299.231
-6.765,-3.712,0,38027.674,0,261,148.694,124.156,120.044,106.103,78.365,64.627,63.552,2299.229,2299.229,2299.229
-6.764,-3.662,0,38028.375,0,261,148.69,124.189,120.07,106.131,78.346,64.617,63.543,2299.235,2299.235,2299.235
-6.77,-3.628,0,38029.074,0,261,148.679,124.202,120.096,106.158,78.319,64.609,63.534,2299.227,2299.227,2299.227
-6.774,-3.617,0,38029.778,0,261,148.654,124.234,120.117,106.184,78.294,64.608,63.537,2299.225,2299.225,2299.225
-6.77,-3.577,0,38030.474,0,261,148.666,124.278,120.155,106.214,78.297,64.615,63.551,2299.252,2299.252,2299.252
-6.763,-3.548,0,38031.173,0,261,148.648,124.305,120.19,106.222,78.261,64.61,63.547,2299.241,2299.241,2299.241
-6.749,-3.528,0,38031.877,0,261,148.634,124.324,120.22,106.239,78.248,64.608,63.542,2299.241,2299.241,2299.241
-6.743,-3.49,0,38032.58,0,261,148.628,124.346,120.244,106.259,78.229,64.612,63.544,2299.244,2299.244,2299.244
-6.751,-3.449,0,38033.277,0,261,148.601,124.36,120.266,106.264,78.2,64.607,63.534,2299.231,2299.231,2299.231
-6.752,-3.406,0,38033.978,0,261,148.605,124.378,120.29,106.279,78.186,64.608,63.534,2299.236,2299.236,2299.236
-6.749,-3.367,0,38034.68,0,261,148.603,124.398,120.322,106.29,78.179,64.608,63.547,2299.25,2299.25,2299.25
-6.738,-3.333,0,38035.379,0,261,148.594,124.403,120.349,106.311,78.153,64.596,63.535,2299.24,2299.24,2299.24
-6.721,-3.284,0,38036.076,0,261,148.59,124.393,120.369,106.32,78.158,64.591,63.531,2299.244,2299.244,2299.244
-6.731,-3.239,0,38036.777,0,261,148.588,124.396,120.389,106.333,78.137,64.578,63.525,2299.235,2299.235,2299.235
-6.738,-3.189,0,38037.475,0,261,148.585,124.399,120.414,106.357,78.142,64.586,63.533,2299.24,2299.24,2299.24
-6.734,-3.134,0,38038.189,0,261,148.586,124.403,120.429,106.362,78.128,64.572,63.514,2299.233,2299.233,2299.233
-6.722,-3.07,0,38038.874,0,261,148.577,124.411,120.447,106.389,78.136,64.578,63.511,2299.235,2299.235,2299.235
-6.707,-3.011,0,38039.575,0,261,148.586,124.431,120.467,106.414,78.148,64.573,63.499,2299.243,2299.243,2299.243
-6.72,-2.959,0,38040.287,0,261,148.566,124.437,120.475,106.421,78.153,64.56,63.507,2299.244,2299.244,2299.244
-6.726,-2.908,0,38040.976,0,261,148.568,124.455,120.498,106.433,78.173,64.559,63.496,2299.249,2299.249,2299.249
-6.716,-2.801,0,38041.676,0,261,148.566,124.459,120.509,106.44,78.187,64.551,63.482,2299.245,2299.245,2299.245
-6.704,-2.72,0,38042.374,0,261,148.547,124.446,120.526,106.443,78.191,64.536,63.47,2299.22,2299.22,2299.22
-6.681,-2.622,0,38043.076,0,261,148.546,124.454,120.529,106.453,78.214,64.521,63.459,2299.222,2299.222,2299.222
-6.683,-2.511,0,38043.786,0,261,148.548,124.46,120.542,106.475,78.243,64.531,63.46,2299.242,2299.242,2299.242
-6.678,-2.399,0,38044.475,0,261,148.551,124.479,120.562,106.483,78.254,64.53,63.454,2299.251,2299.251,2299.251
-6.664,-2.285,0,38045.201,0,261,148.543,124.462,120.569,106.494,78.257,64.522,63.446,2299.242,2299.242,2299.242
-6.642,-2.167,0,38045.891,0,261,148.547,124.476,120.575,106.508,78.265,64.52,63.442,2299.251,2299.251,2299.251
-6.616,-2.059,0,38046.589,0,261,148.534,124.481,120.589,106.506,78.276,64.507,63.431,2299.243,2299.243,2299.243
-6.614,-1.954,0,38047.282,0,261,148.531,124.472,120.596,106.519,78.259,64.508,63.431,2299.237,2299.237,2299.237
-6.61,-1.866,0,38047.975,0,261,148.539,124.472,120.612,106.54,78.266,64.511,63.436,2299.244,2299.244,2299.244
-6.603,-1.785,0,38048.676,0,261,148.537,124.481,120.623,106.559,78.266,64.521,63.454,2299.254,2299.254,2299.254
-6.588,-1.706,0,38049.377,0,261,148.53,124.477,120.624,106.554,78.243,64.511,63.446,2299.24,2299.24,2299.24
-6.57,-1.633,0,38050.076,0,261,148.536,124.473,120.63,106.571,78.235,64.51,63.449,2299.239,2299.239,2299.239
-6.546,-1.562,0,38050.781,0,261,148.544,124.459,120.638,106.605,78.229,64.525,63.47,2299.252,2299.252,2299.252
-6.545,-1.486,0,38051.475,0,261,148.538,124.459,120.647,106.606,78.212,64.534,63.48,2299.236,2299.236,2299.236
-6.54,-1.424,0,38052.175,0,261,148.542,124.431,120.636,106.647,78.194,64.546,63.506,2299.237,2299.237,2299.237
-6.529,-1.357,0,38052.881,0,261,148.548,124.433,120.65,106.689,78.202,64.581,63.545,2299.25,2299.25,2299.25
-6.509,-1.295,0,38053.574,0,261,148.565,124.42,120.653,106.741,78.185,64.618,63.589,2299.251,2299.251,2299.251
-6.487,-1.231,0,38054.279,0,261,148.558,124.405,120.657,106.8,78.174,64.642,63.616,2299.246,2299.246,2299.246
-6.493,-1.174,0,38054.976,0,261,148.566,124.383,120.664,106.861,78.161,64.673,63.658,2299.245,2299.245,2299.245
-6.488,-1.114,0,38055.682,0,261,148.575,124.364,120.664,106.916,78.152,64.703,63.693,2299.25,2299.25,2299.25
-6.474,-1.052,0,38056.376,0,261,148.574,124.344,120.656,106.958,78.15,64.735,63.723,2299.242,2299.242,2299.242
-6.45,-1.006,0,38057.076,0,261,148.59,124.332,120.663,107.037,78.161,64.781,63.752,2299.256,2299.256,2299.256
-6.458,-0.949,0,38057.781,0,261,148.591,124.313,120.659,107.061,78.144,64.788,63.784,2299.241,2299.241,2299.241
-6.454,-0.897,0,38058.477,0,261,148.588,124.289,120.646,107.103,78.137,64.825,63.811,2299.234,2299.234,2299.234
-6.433,-0.852,0,38059.182,0,261,148.603,124.278,120.658,107.147,78.139,64.862,63.853,2299.246,2299.246,2299.246
-6.433,-0.807,0,38059.878,0,261,148.606,124.273,120.653,107.186,78.147,64.9,63.888,2299.25,2299.25,2299.25
-6.434,-0.758,0,38060.614,0,261,148.598,124.247,120.651,107.199,78.137,64.926,63.92,2299.242,2299.242,2299.242
-6.42,-0.721,0,38061.283,0,261,148.606,124.235,120.642,107.222,78.135,64.949,63.956,2299.235,2299.235,2299.235
-6.414,-0.675,0,38061.981,0,261,148.615,124.224,120.639,107.249,78.154,64.992,63.998,2299.242,2299.242,2299.242
-6.417,-0.635,0,38062.684,0,261,148.618,124.207,120.637,107.269,78.153,65.03,64.032,2299.244,2299.244,2299.244
-6.39,-0.583,0,38063.377,0,261,148.629,124.203,120.642,107.297,78.179,65.079,64.074,2299.256,2299.256,2299.256
-6.391,-0.535,0,38064.078,0,261,148.623,124.187,120.63,107.301,78.186,65.102,64.102,2299.246,2299.246,2299.246
-6.386,-0.488,0,38064.782,0,261,148.608,124.169,120.613,107.316,78.195,65.133,64.132,2299.238,2299.238,2299.238
-6.36,-0.444,0,38065.489,0,261,148.62,124.144,120.608,107.322,78.2,65.166,64.17,2299.229,2299.229,2299.229
-6.374,-0.405,0,38066.176,0,261,148.62,124.123,120.606,107.34,78.218,65.194,64.204,2299.229,2299.229,2299.229
-6.35,-0.363,0,38066.876,0,261,148.622,124.117,120.606,107.362,78.243,65.238,64.262,2299.247,2299.247,2299.247
-6.357,-0.33,0,38067.576,0,261,148.624,124.098,120.593,107.352,78.254,65.271,64.289,2299.237,2299.237,2299.237
-6.344,-0.288,0,38068.312,0,261,148.637,124.081,120.588,107.37,78.279,65.311,64.337,2299.25,2299.25,2299.25
-6.341,-0.252,0,38068.984,0,261,148.636,124.048,120.584,107.36,78.303,65.348,64.376,2299.23,2299.23,2299.23
-6.336,-0.217,0,38069.676,0,261,148.657,124.039,120.57,107.379,78.334,65.406,64.427,2299.258,2299.258,2299.258
-6.329,-0.185,0,38070.413,0,261,148.636,124.013,120.547,107.37,78.345,65.432,64.478,2299.232,2299.232,2299.232
-6.327,-0.154,0,38071.086,0,261,148.652,123.999,120.552,107.377,78.383,65.491,64.537,2299.247,2299.247,2299.247
-6.32,-0.125,0,38071.779,0,261,148.66,123.981,120.54,107.392,78.41,65.556,64.593,2299.252,2299.252,2299.252
-6.318,-0.098,0,38072.496,0,261,148.651,123.959,120.528,107.397,78.444,65.596,64.644,2299.243,2299.243,2299.243
-6.316,-0.081,0,38073.199,0,261,148.667,123.939,120.521,107.415,78.494,65.652,64.715,2299.256,2299.256,2299.256
-6.314,-0.072,0,38073.877,0,261,148.674,123.92,120.505,107.425,78.535,65.724,64.788,2299.265,2299.265,2299.265
-6.317,-0.066,0,38074.577,0,261,148.667,123.882,120.485,107.409,78.567,65.774,64.832,2299.241,2299.241,2299.241
-6.313,-0.062,0,38075.286,0,261,148.676,123.868,120.478,107.424,78.617,65.843,64.912,2299.259,2299.259,2299.259
-6.319,-0.059,0,38076.006,0,261,148.687,123.824,120.461,107.429,78.647,65.892,64.957,2299.244,2299.244,2299.244
-6.318,-0.056,0,38076.683,0,261,148.706,123.812,120.46,107.432,78.7,65.969,65.029,2299.263,2299.263,2299.263
-6.32,-0.056,0,38077.397,0,261,148.705,123.772,120.438,107.428,78.74,66.023,65.087,2299.264,2299.264,2299.264
-6.303,-0.057,0,38078.077,0,261,148.706,123.738,120.411,107.418,78.768,66.085,65.145,2299.255,2299.255,2299.255
-6.32,-0.055,0,38078.788,0,261,148.717,123.707,120.393,107.425,78.812,66.133,65.194,2299.246,2299.246,2299.246
-6.299,-0.054,0,38079.482,0,261,148.723,123.673,120.386,107.431,78.845,66.193,65.255,2299.253,2299.253,2299.253
-6.317,-0.053,0,38080.178,0,261,148.74,123.65,120.361,107.416,78.88,66.247,65.308,2299.248,2299.248,2299.248
-6.291,-0.048,0,38080.877,0,261,148.743,123.632,120.342,107.412,78.92,66.312,65.377,2299.258,2299.258,2299.258
-6.307,-0.044,0,38081.584,0,261,148.74,123.599,120.314,107.408,78.945,66.361,65.428,2299.248,2299.248,2299.248
-6.292,-0.039,0,38082.277,0,261,148.746,123.566,120.299,107.397,78.989,66.419,65.489,2299.24,2299.24,2299.24
-6.296,-0.036,0,38082.978,0,261,148.762,123.552,120.29,107.406,79.041,66.482,65.558,2299.266,2299.266,2299.266
-6.29,-0.031,0,38083.678,0,261,148.774,123.53,120.274,107.399,79.075,66.54,65.634,2299.264,2299.264,2299.264
-6.269,-0.025,0,38084.378,0,261,148.765,123.494,120.24,107.388,79.101,66.599,65.669,2299.244,2299.244,2299.244
-6.28,-0.017,0,38085.112,0,261,148.785,123.465,120.221,107.381,79.132,66.664,65.743,2299.26,2299.26,2299.26
-6.267,-0.012,0,38085.778,0,261,148.789,123.417,120.205,107.348,79.138,66.727,65.805,2299.249,2299.249,2299.249
-6.26,-0.007,0,38086.478,0,261,148.813,123.368,120.185,107.324,79.153,66.787,65.869,2299.251,2299.251,2299.251
-6.254,-0.007,0,38087.186,0,261,148.825,123.316,120.157,107.307,79.162,66.852,65.944,2299.255,2299.255,2299.255
-6.231,-0.007,0,38087.879,0,261,148.844,123.248,120.132,107.274,79.171,66.919,66.057,2299.25,2299.25,2299.25
-6.207,-0.007,0,38088.576,0,261,148.871,123.189,120.117,107.262,79.171,67.034,66.198,2299.267,2299.267,2299.267
-6.205,-0.006,0,38089.276,0,261,148.876,123.117,120.07,107.243,79.185,67.138,66.346,2299.254,2299.254,2299.254
-6.188,-0.006,0,38089.992,0,261,148.899,123.054,120.04,107.232,79.21,67.283,66.501,2299.249,2299.249,2299.249
-6.157,-0.007,0,38090.678,0,261,148.91,123.001,120.007,107.225,79.229,67.432,66.656,2299.251,2299.251,2299.251
-6.155,-0.007,0,38091.385,0,261,148.939,122.955,119.977,107.232,79.264,67.582,66.831,2299.272,2299.272,2299.272
-6.148,-0.007,0,38092.083,0,261,148.941,122.887,119.914,107.2,79.295,67.721,66.98,2299.238,2299.238,2299.238
-6.122,-0.007,0,38092.783,0,261,148.963,122.833,119.891,107.2,79.34,67.883,67.149,2299.248,2299.248,2299.248
-6.103,-0.006,0,38093.48,0,261,148.973,122.782,119.848,107.183,79.4,68.039,67.311,2299.243,2299.243,2299.243
-6.1,-0.007,0,38094.18,0,261,148.983,122.734,119.81,107.193,79.442,68.196,67.476,2299.249,2299.249,2299.249
-6.089,-0.007,0,38094.878,0,261,148.993,122.687,119.77,107.177,79.51,68.348,67.64,2299.251,2299.251,2299.251
-6.054,-0.006,0,38095.582,0,261,148.999,122.626,119.725,107.165,79.572,68.499,67.796,2299.241,2299.241,2299.241
-6.057,-0.007,0,38096.286,0,261,149.016,122.588,119.698,107.167,79.652,68.666,67.958,2299.253,2299.253,2299.253
-6.057,-0.007,0,38096.977,0,261,149.041,122.541,119.652,107.17,79.723,68.828,68.133,2299.262,2299.262,2299.262
-6.04,-0.007,0,38097.692,0,261,149.037,122.501,119.617,107.154,79.805,68.979,68.291,2299.256,2299.256,2299.256
-6.055,-0.007,0,38098.386,0,261,149.042,122.436,119.559,107.131,79.866,69.127,68.438,2299.243,2299.243,2299.243
-6.055,-0.006,0,38099.078,0,261,149.061,122.394,119.524,107.147,79.966,69.29,68.605,2299.254,2299.254,2299.254
-5.999,-0.007,0,38099.782,0,261,149.069,122.348,119.488,107.128,80.042,69.44,68.752,2299.251,2299.251,2299.251
-5.99,-0.007,0,38100.479,0,261,149.08,122.309,119.462,107.132,80.128,69.598,68.919,2299.263,2299.263,2299.263
-5.988,-0.007,0,38101.081,0,261,149.101,122.27,119.426,107.142,80.228,69.748,69.082,2299.276,2299.276,2299.276
