pos,load,Var3,time,Var5,Var6,T_oven,T_Cu1,T_Cu2,T_Inco1,T_Inco2,T_Cu3,T_Cu4,Var14,Var15,Var16
-5.972,-0.008,0,38161.697,0,261,149.421,119.339,116.918,107.507,87.425,79.676,79.086,2299.295,2299.295,2299.295
-5.974,-0.009,0,38162.401,0,261,149.411,119.318,116.897,107.516,87.502,79.774,79.171,2299.297,2299.297,2299.297
-5.982,-0.008,0,38163.097,0,261,149.424,119.3,116.873,107.514,87.556,79.845,79.253,2299.289,2299.289,2299.289
-5.986,-0.009,0,38163.799,0,261,149.402,119.27,116.846,107.522,87.616,79.931,79.331,2299.273,2299.273,2299.273
-5.943,-0.008,0,38164.509,0,261,149.415,119.254,116.833,107.534,87.685,80.016,79.427,2299.287,2299.287,2299.287
-5.943,-0.008,0,38165.199,0,261,149.428,119.239,116.82,107.552,87.753,80.108,79.522,2299.295,2299.295,2299.295
-5.946,-0.009,0,38165.906,0,261,149.409,119.215,116.806,107.554,87.815,80.187,79.608,2299.287,2299.287,2299.287
-5.958,-0.008,0,38166.598,0,261,149.427,119.2,116.787,107.563,87.883,80.282,79.688,2299.295,2299.295,2299.295
-5.974,-0.008,0,38167.297,0,261,149.412,119.158,116.765,107.576,87.939,80.365,79.776,2299.287,2299.287,2299.287
-5.991,-0.008,0,38168.001,0,261,149.42,119.149,116.749,107.584,88.014,80.435,79.854,2299.289,2299.289,2299.289
-6.008,-0.008,0,38168.698,0,261,149.417,119.129,116.734,107.593,88.075,80.54,79.942,2299.293,2299.293,2299.293
-6.023,-0.009,0,38169.403,0,261,149.406,119.094,116.714,107.578,88.128,80.603,80.016,2299.279,2299.279,2299.279
-6.037,-0.008,0,38170.098,0,261,149.409,119.09,116.707,107.609,88.207,80.689,80.103,2299.298,2299.298,2299.298
-6.052,-0.008,0,38170.8,0,261,149.409,119.063,116.676,107.61,88.265,80.769,80.17,2299.29,2299.29,2299.29
-6.063,-0.009,0,38171.503,0,261,149.41,119.043,116.664,107.626,88.332,80.838,80.245,2299.292,2299.292,2299.292
-6.072,-0.008,0,38172.198,0,261,149.411,119.019,116.653,107.63,88.39,80.919,80.326,2299.297,2299.297,2299.297
-6.082,-0.008,0,38172.903,0,261,149.413,118.995,116.634,107.63,88.458,80.99,80.383,2299.29,2299.29,2299.29
-6.094,-0.009,0,38173.599,0,261,149.403,118.994,116.617,107.645,88.513,81.058,80.463,2299.292,2299.292,2299.292
-6.114,-0.008,0,38174.299,0,261,149.407,118.975,116.611,107.657,88.582,81.134,80.518,2299.3,2299.3,2299.3
-6.139,-0.009,0,38175,0,261,149.418,118.95,116.594,107.668,88.639,81.191,80.573,2299.304,2299.304,2299.304
-6.163,-0.009,0,38175.697,0,261,149.398,118.928,116.573,107.671,88.697,81.25,80.614,2299.294,2299.294,2299.294
-6.179,-0.009,0,38176.402,0,261,149.416,118.922,116.556,107.691,88.762,81.303,80.667,2299.307,2299.307,2299.307
-6.194,-0.009,0,38177.098,0,261,149.398,118.897,116.555,107.692,88.809,81.348,80.689,2299.304,2299.304,2299.304
-6.211,-0.008,0,38177.799,0,261,149.392,118.877,116.537,107.69,88.869,81.378,80.714,2299.296,2299.296,2299.296
-6.224,-0.008,0,38178.501,0,261,149.401,118.865,116.527,107.719,88.925,81.41,80.721,2299.311,2299.311,2299.311
-6.237,-0.012,0,38179.211,0,261,149.399,118.85,116.501,107.721,88.975,81.424,80.698,2299.304,2299.304,2299.304
-6.227,-0.018,0,38179.899,0,261,149.403,118.834,116.489,107.732,89.022,81.396,80.607,2299.309,2299.309,2299.309
-6.237,-0.025,0,38180.598,0,261,149.385,118.805,116.467,107.733,89.06,81.313,80.46,2299.284,2299.284,2299.284
-6.25,-0.038,0,38181.298,0,261,149.387,118.817,116.461,107.758,89.119,81.23,80.35,2299.306,2299.306,2299.306
-6.262,-0.051,0,38182.001,0,261,149.381,118.83,116.45,107.789,89.167,81.116,80.222,2299.306,2299.306,2299.306
-6.273,-0.062,0,38182.701,0,261,149.359,118.855,116.44,107.813,89.21,80.992,80.086,2299.305,2299.305,2299.305
-6.277,-0.071,0,38183.398,0,261,149.322,118.912,116.433,107.852,89.255,80.883,79.949,2299.302,2299.302,2299.302
-6.279,-0.082,0,38184.099,0,261,149.282,119.01,116.426,107.888,89.323,80.757,79.828,2299.301,2299.301,2299.301
-6.276,-0.088,0,38184.799,0,261,149.233,119.084,116.416,107.92,89.366,80.646,79.717,2299.302,2299.302,2299.302
-6.272,-0.091,0,38185.506,0,261,149.2,119.149,116.428,107.924,89.385,80.525,79.589,2299.297,2299.297,2299.297
-6.262,-0.094,0,38186.2,0,261,149.174,119.217,116.442,107.941,89.393,80.421,79.474,2299.305,2299.305,2299.305
-6.268,-0.098,0,38186.9,0,261,149.138,119.275,116.469,107.944,89.392,80.316,79.376,2299.303,2299.303,2299.303
-6.276,-0.1,0,38187.599,0,261,149.11,119.318,116.486,107.938,89.385,80.228,79.274,2299.305,2299.305,2299.305
-6.28,-0.104,0,38188.302,0,261,149.08,119.363,116.499,107.927,89.346,80.11,79.164,2299.289,2299.289,2299.289
-6.282,-0.11,0,38189.002,0,261,149.064,119.413,116.535,107.942,89.327,80.021,79.083,2299.307,2299.307,2299.307
-6.279,-0.112,0,38189.7,0,261,149.048,119.459,116.562,107.951,89.303,79.932,78.999,2299.31,2299.31,2299.31
-6.269,-0.118,0,38190.401,0,261,149.018,119.499,116.586,107.943,89.269,79.844,78.904,2299.314,2299.314,2299.314
-6.265,-0.118,0,38191.099,0,261,149.002,119.551,116.62,107.949,89.234,79.767,78.821,2299.321,2299.321,2299.321
-6.283,-0.128,0,38191.802,0,261,148.979,119.589,116.652,107.953,89.199,79.679,78.731,2299.325,2299.325,2299.325
-6.295,-0.135,0,38192.511,0,261,148.943,119.618,116.668,107.944,89.144,79.587,78.631,2299.299,2299.299,2299.299
-6.3,-0.141,0,38193.201,0,261,148.928,119.649,116.701,107.939,89.097,79.487,78.535,2299.301,2299.301,2299.301
-6.303,-0.163,0,38193.9,0,261,148.898,119.689,116.735,107.956,89.044,79.406,78.44,2299.303,2299.303,2299.303
-6.298,-0.204,0,38194.598,0,261,148.886,119.728,116.762,107.949,88.998,79.311,78.334,2299.304,2299.304,2299.304
-6.305,-0.244,0,38195.305,0,261,148.857,119.757,116.791,107.947,88.951,79.207,78.232,2299.297,2299.297,2299.297
-6.323,-0.287,0,38196.001,0,261,148.832,119.806,116.819,107.944,88.901,79.106,78.12,2299.3,2299.3,2299.3
-6.337,-0.332,0,38196.714,0,261,148.814,119.864,116.865,107.959,88.854,79.019,78.014,2299.316,2299.316,2299.316
-6.349,-0.377,0,38197.401,0,261,148.792,119.92,116.896,107.962,88.817,78.912,77.913,2299.322,2299.322,2299.322
-6.36,-0.427,0,38198.101,0,261,148.763,119.953,116.917,107.948,88.751,78.803,77.798,2299.308,2299.308,2299.308
-6.368,-0.477,0,38198.8,0,261,148.739,120.015,116.944,107.949,88.691,78.694,77.684,2299.302,2299.302,2299.302
-6.376,-0.526,0,38199.506,0,261,148.706,120.048,116.978,107.943,88.626,78.582,77.565,2299.297,2299.297,2299.297
-6.382,-0.58,0,38200.202,0,261,148.692,120.111,117.02,107.946,88.583,78.474,77.462,2299.314,2299.314,2299.314
-6.386,-0.631,0,38200.9,0,261,148.656,120.159,117.056,107.951,88.515,78.364,77.336,2299.311,2299.311,2299.311
-6.389,-0.684,0,38201.609,0,261,148.642,120.199,117.085,107.95,88.447,78.248,77.206,2299.308,2299.308,2299.308
-6.394,-0.733,0,38202.302,0,261,148.615,120.253,117.128,107.939,88.389,78.139,77.099,2299.307,2299.307,2299.307
-6.4,-0.785,0,38203.001,0,261,148.607,120.32,117.179,107.954,88.332,78.028,76.987,2299.327,2299.327,2299.327
-6.408,-0.84,0,38203.7,0,261,148.566,120.359,117.195,107.941,88.247,77.914,76.86,2299.31,2299.31,2299.31
-6.421,-0.892,0,38204.402,0,261,148.543,120.399,117.234,107.935,88.175,77.788,76.737,2299.308,2299.308,2299.308
-6.434,-0.945,0,38205.114,0,261,148.524,120.453,117.27,107.925,88.112,77.666,76.619,2299.31,2299.31,2299.31
-6.442,-1.005,0,38205.799,0,261,148.487,120.502,117.301,107.929,88.031,77.549,76.492,2299.302,2299.302,2299.302
-6.451,-1.065,0,38206.514,0,261,148.475,120.552,117.362,107.939,87.967,77.44,76.384,2299.319,2299.319,2299.319
-6.461,-1.126,0,38207.201,0,261,148.441,120.598,117.393,107.935,87.892,77.318,76.26,2299.31,2299.31,2299.31
-6.47,-1.182,0,38207.902,0,261,148.42,120.642,117.437,107.925,87.831,77.197,76.138,2299.313,2299.313,2299.313
-6.476,-1.246,0,38208.601,0,261,148.411,120.7,117.459,107.927,87.754,77.078,76.008,2299.313,2299.313,2299.313
-6.483,-1.315,0,38209.316,0,261,148.377,120.747,117.498,107.908,87.674,76.945,75.871,2299.3,2299.3,2299.3
-6.489,-1.385,0,38210,0,261,148.355,120.8,117.538,107.908,87.597,76.819,75.734,2299.302,2299.302,2299.302
-6.494,-1.451,0,38210.701,0,261,148.338,120.85,117.578,107.921,87.527,76.707,75.603,2299.312,2299.312,2299.312
-6.502,-1.518,0,38211.401,0,261,148.305,120.896,117.613,107.916,87.442,76.565,75.474,2299.3,2299.3,2299.3
-6.507,-1.595,0,38212.1,0,261,148.276,120.959,117.666,107.932,87.375,76.446,75.361,2299.322,2299.322,2299.322
-6.516,-1.661,0,38212.801,0,261,148.257,121.006,117.697,107.933,87.293,76.316,75.22,2299.308,2299.308,2299.308
-6.523,-1.738,0,38213.509,0,261,148.239,121.057,117.743,107.938,87.214,76.189,75.102,2299.321,2299.321,2299.321
-6.533,-1.83,0,38214.2,0,261,148.212,121.108,117.773,107.941,87.131,76.058,74.96,2299.306,2299.306,2299.306
-6.54,-1.914,0,38214.919,0,261,148.192,121.166,117.822,107.956,87.045,75.934,74.838,2299.315,2299.315,2299.315
-6.549,-1.991,0,38215.608,0,261,148.166,121.208,117.857,107.964,86.963,75.801,74.7,2299.299,2299.299,2299.299
-6.558,-2.073,0,38216.301,0,261,148.15,121.254,117.901,108,86.873,75.664,74.571,2299.305,2299.305,2299.305
-6.567,-2.151,0,38217.011,0,261,148.12,121.301,117.938,108.005,86.787,75.533,74.441,2299.297,2299.297,2299.297
-6.574,-2.226,0,38217.701,0,261,148.11,121.357,117.984,108.026,86.707,75.423,74.311,2299.307,2299.307,2299.307
-6.582,-2.3,0,38218.403,0,261,148.082,121.401,118.025,108.057,86.619,75.302,74.196,2299.305,2299.305,2299.305
-6.591,-2.371,0,38219.101,0,261,148.067,121.449,118.061,108.074,86.531,75.182,74.064,2299.31,2299.31,2299.31
-6.599,-2.442,0,38219.814,0,261,148.05,121.492,118.111,108.099,86.457,75.074,73.965,2299.326,2299.326,2299.326
-6.603,-2.433,0,38220.51,0,261,148.036,121.539,118.152,108.114,86.379,74.949,73.848,2299.317,2299.317,2299.317
-6.605,-2.466,0,38221.202,0,261,147.997,121.575,118.189,108.12,86.296,74.828,73.725,2299.299,2299.299,2299.299
-6.611,-2.547,0,38221.915,0,261,147.987,121.635,118.236,108.14,86.22,74.732,73.632,2299.315,2299.315,2299.315
-6.616,-2.611,0,38222.602,0,261,147.969,121.667,118.283,108.158,86.128,74.627,73.52,2299.319,2299.319,2299.319
-6.618,-2.669,0,38223.305,0,261,147.951,121.723,118.319,108.178,86.053,74.512,73.414,2299.318,2299.318,2299.318
-6.616,-2.731,0,38224.005,0,261,147.916,121.747,118.349,108.177,85.965,74.397,73.299,2299.299,2299.299,2299.299
-6.619,-2.79,0,38224.702,0,261,147.911,121.802,118.389,108.191,85.902,74.306,73.208,2299.318,2299.318,2299.318
-6.634,-2.854,0,38225.419,0,261,147.897,121.856,118.44,108.207,85.818,74.218,73.117,2299.327,2299.327,2299.327
-6.65,-2.903,0,38226.102,0,261,147.873,121.889,118.481,108.225,85.736,74.116,73.007,2299.323,2299.323,2299.323
-6.662,-2.956,0,38226.811,0,261,147.838,121.928,118.504,108.223,85.661,73.999,72.912,2299.304,2299.304,2299.304
-6.671,-3.015,0,38227.514,0,261,147.836,121.989,118.562,108.244,85.592,73.918,72.831,2299.328,2299.328,2299.328
-6.672,-3.069,0,38228.201,0,261,147.81,122.029,118.586,108.233,85.523,73.811,72.726,2299.309,2299.309,2299.309
-6.666,-3.129,0,38228.907,0,261,147.788,122.059,118.623,108.239,85.449,73.733,72.641,2299.309,2299.309,2299.309
-6.682,-3.193,0,38229.601,0,261,147.767,122.103,118.666,108.243,85.383,73.634,72.552,2299.318,2299.318,2299.318
-6.701,-3.254,0,38230.301,0,261,147.747,122.135,118.705,108.248,85.316,73.556,72.46,2299.313,2299.313,2299.313
-6.707,-3.32,0,38231.014,0,261,147.723,122.171,118.739,108.233,85.248,73.455,72.376,2299.313,2299.313,2299.313
-6.705,-3.382,0,38231.703,0,261,147.719,122.212,118.786,108.257,85.183,73.376,72.28,2299.329,2299.329,2299.329
-6.707,-3.438,0,38232.402,0,261,147.705,122.23,118.816,108.248,85.119,73.272,72.186,2299.321,2299.321,2299.321
-6.727,-3.484,0,38233.104,0,261,147.678,122.245,118.843,108.236,85.05,73.182,72.086,2299.312,2299.312,2299.312
-6.731,-3.54,0,38233.803,0,261,147.667,122.281,118.875,108.238,84.982,73.088,71.997,2299.311,2299.311,2299.311
-6.72,-3.596,0,38234.503,0,261,147.661,122.311,118.923,108.222,84.925,73.008,71.914,2299.33,2299.33,2299.33
-6.742,-3.655,0,38235.204,0,261,147.641,122.334,118.925,108.195,84.854,72.902,71.809,2299.299,2299.299,2299.299
-6.754,-3.714,0,38235.902,0,261,147.625,122.375,118.979,108.201,84.802,72.826,71.735,2299.322,2299.322,2299.322
-6.744,-3.784,0,38236.603,0,261,147.611,122.387,118.999,108.174,84.74,72.735,71.636,2299.311,2299.311,2299.311
-6.759,-3.859,0,38237.304,0,261,147.597,122.422,119.025,108.172,84.674,72.643,71.547,2299.314,2299.314,2299.314
-6.774,-3.933,0,38238.002,0,261,147.571,122.467,119.066,108.166,84.629,72.564,71.467,2299.328,2299.328,2299.328
-6.773,-3.998,0,38238.703,0,261,147.552,122.491,119.079,108.144,84.561,72.465,71.362,2299.31,2299.31,2299.31
-6.778,-4.061,0,38239.403,0,261,147.544,122.527,119.114,108.143,84.498,72.391,71.283,2299.323,2299.323,2299.323
-6.792,-4.113,0,38240.103,0,261,147.537,122.556,119.145,108.146,84.448,72.303,71.206,2299.336,2299.336,2299.336
-6.778,-4.186,0,38240.824,0,261,147.513,122.578,119.165,108.123,84.384,72.21,71.113,2299.317,2299.317,2299.317
-6.801,-4.249,0,38241.504,0,261,147.501,122.606,119.196,108.11,84.324,72.117,71.022,2299.315,2299.315,2299.315
-6.803,-4.31,0,38242.203,0,261,147.486,122.634,119.203,108.1,84.259,72.034,70.935,2299.311,2299.311,2299.311
-6.801,-4.366,0,38242.925,0,261,147.464,122.667,119.24,108.094,84.208,71.958,70.862,2299.325,2299.325,2299.325
-6.819,-4.416,0,38243.608,0,261,147.45,122.693,119.266,108.084,84.151,71.863,70.767,2299.311,2299.311,2299.311
-6.801,-4.46,0,38244.303,0,261,147.443,122.724,119.288,108.089,84.091,71.784,70.693,2299.323,2299.323,2299.323
-6.829,-4.507,0,38245.02,0,261,147.428,122.759,119.316,108.064,84.041,71.707,70.616,2299.322,2299.322,2299.322
-6.817,-4.571,0,38245.705,0,261,147.421,122.797,119.347,108.062,84,71.644,70.541,2299.339,2299.339,2299.339
-6.836,-4.616,0,38246.402,0,261,147.396,122.812,119.358,108.035,83.926,71.551,70.452,2299.312,2299.312,2299.312
-6.835,-4.646,0,38247.103,0,261,147.382,122.839,119.386,108.016,83.862,71.463,70.366,2299.313,2299.313,2299.313
-6.839,-4.676,0,38247.815,0,261,147.381,122.87,119.411,107.994,83.824,71.4,70.304,2299.328,2299.328,2299.328
-6.845,-4.711,0,38248.505,0,261,147.349,122.899,119.43,107.969,83.765,71.32,70.223,2299.32,2299.32,2299.32
-6.843,-4.748,0,38249.204,0,261,147.328,122.923,119.455,107.943,83.705,71.245,70.152,2299.309,2299.309,2299.309
-6.854,-4.783,0,38249.904,0,261,147.314,122.959,119.469,107.92,83.656,71.171,70.075,2299.304,2299.304,2299.304
-6.85,-4.817,0,38250.604,0,261,147.307,122.988,119.502,107.9,83.616,71.099,70.009,2299.32,2299.32,2299.32
-6.862,-4.855,0,38251.313,0,261,147.286,123.032,119.522,107.884,83.571,71.043,69.952,2299.32,2299.32,2299.32
-6.859,-4.885,0,38252.012,0,261,147.273,123.052,119.548,107.859,83.532,70.98,69.885,2299.324,2299.324,2299.324
-6.87,-4.935,0,38252.705,0,261,147.264,123.091,119.573,107.834,83.492,70.919,69.815,2299.321,2299.321,2299.321
-6.874,-4.977,0,38253.405,0,261,147.246,123.118,119.592,107.823,83.444,70.851,69.763,2299.327,2299.327,2299.327
-6.879,-5.012,0,38254.104,0,261,147.226,123.149,119.614,107.789,83.405,70.788,69.694,2299.314,2299.314,2299.314
-6.888,-5.039,0,38254.806,0,261,147.191,123.182,119.633,107.765,83.373,70.723,69.633,2299.31,2299.31,2299.31
-6.873,-5.039,0,38255.51,0,261,147.192,123.232,119.667,107.769,83.344,70.661,69.566,2299.324,2299.324,2299.324
-6.89,-5.039,0,38256.205,0,261,147.164,123.257,119.685,107.746,83.319,70.612,69.513,2299.323,2299.323,2299.323
-6.869,-5.039,0,38256.909,0,261,147.156,123.287,119.704,107.738,83.296,70.554,69.454,2299.327,2299.327,2299.327
-6.89,-5.037,0,38257.605,0,261,147.131,123.317,119.728,107.72,83.252,70.487,69.383,2299.321,2299.321,2299.321
-6.876,-5.038,0,38258.308,0,261,147.115,123.35,119.752,107.724,83.211,70.429,69.332,2299.32,2299.32,2299.32
-6.887,-5.038,0,38259.005,0,261,147.095,123.373,119.781,107.727,83.185,70.372,69.267,2299.328,2299.328,2299.328
-6.885,-5.039,0,38259.704,0,261,147.085,123.405,119.803,107.714,83.148,70.317,69.221,2299.33,2299.33,2299.33
-6.874,-5.038,0,38260.407,0,261,147.057,123.43,119.823,107.707,83.107,70.251,69.148,2299.317,2299.317,2299.317
-6.911,-5.093,0,38261.105,0,261,147.045,123.46,119.842,107.697,83.065,70.207,69.099,2299.316,2299.316,2299.316
-6.919,-5.176,0,38261.821,0,261,147.026,123.485,119.872,107.703,83.053,70.157,69.043,2299.325,2299.325,2299.325
-6.935,-5.168,0,38262.522,0,261,147.01,123.525,119.899,107.693,83.051,70.091,68.971,2299.327,2299.327,2299.327
-6.931,-5.119,0,38263.205,0,261,146.989,123.568,119.914,107.694,83.04,70.024,68.877,2299.326,2299.326,2299.326
-6.924,-5.066,0,38263.905,0,261,146.982,123.593,119.944,107.682,83.022,69.932,68.782,2299.322,2299.322,2299.322
-6.927,-5.007,0,38264.628,0,261,146.953,123.63,119.958,107.666,83.007,69.845,68.686,2299.319,2299.319,2299.319
-6.901,-4.966,0,38265.315,0,261,146.922,123.653,119.982,107.666,82.971,69.757,68.597,2299.319,2299.319,2299.319
-6.918,-4.929,0,38266.009,0,261,146.913,123.683,120.021,107.655,82.933,69.674,68.503,2299.324,2299.324,2299.324
-6.909,-4.889,0,38266.706,0,261,146.895,123.71,120.022,107.649,82.886,69.58,68.423,2299.316,2299.316,2299.316
-6.891,-4.836,0,38267.409,0,261,146.877,123.741,120.058,107.644,82.845,69.49,68.332,2299.325,2299.325,2299.325
-6.906,-4.789,0,38268.124,0,261,146.878,123.761,120.078,107.648,82.789,69.411,68.246,2299.319,2299.319,2299.319
-6.89,-4.736,0,38268.805,0,261,146.856,123.793,120.1,107.639,82.743,69.331,68.18,2299.322,2299.322,2299.322
-6.879,-4.686,0,38269.505,0,261,146.853,123.815,120.134,107.649,82.695,69.264,68.103,2299.323,2299.323,2299.323
-6.887,-4.619,0,38270.206,0,261,146.842,123.844,120.156,107.657,82.638,69.193,68.048,2299.336,2299.336,2299.336
-6.873,-4.545,0,38270.906,0,261,146.816,123.863,120.169,107.649,82.571,69.117,67.979,2299.322,2299.322,2299.322
-6.849,-4.48,0,38271.606,0,261,146.811,123.887,120.201,107.661,82.516,69.071,67.922,2299.335,2299.335,2299.335
-6.861,-4.414,0,38272.324,0,261,146.791,123.895,120.21,107.646,82.45,68.999,67.874,2299.314,2299.314,2299.314
-6.857,-4.341,0,38273.008,0,261,146.771,123.917,120.236,107.651,82.4,68.948,67.827,2299.323,2299.323,2299.323
-6.837,-4.266,0,38273.708,0,261,146.754,123.936,120.258,107.653,82.343,68.903,67.781,2299.325,2299.325,2299.325
-6.822,-4.198,0,38274.411,0,261,146.744,123.961,120.28,107.66,82.278,68.854,67.741,2299.321,2299.321,2299.321
-6.829,-4.12,0,38275.104,0,261,146.72,123.957,120.29,107.657,82.214,68.8,67.69,2299.297,2299.297,2299.297
-6.818,-4.045,0,38275.809,0,261,146.734,124.002,120.323,107.686,82.171,68.781,67.673,2299.332,2299.332,2299.332
-6.8,-3.984,0,38276.51,0,261,146.716,124.012,120.342,107.697,82.117,68.742,67.64,2299.33,2299.33,2299.33
-6.783,-3.933,0,38277.204,0,261,146.693,124.019,120.367,107.726,82.045,68.712,67.605,2299.323,2299.323,2299.323
-6.791,-3.874,0,38277.905,0,261,146.683,124.03,120.378,107.749,81.998,68.671,67.587,2299.328,2299.328,2299.328
-6.79,-3.817,0,38278.612,0,261,146.691,124.054,120.393,107.769,81.955,68.641,67.555,2299.337,2299.337,2299.337
-6.782,-3.772,0,38279.311,0,261,146.658,124.057,120.409,107.784,81.889,68.611,67.512,2299.317,2299.317,2299.317
-6.769,-3.737,0,38280.007,0,261,146.653,124.071,120.433,107.804,81.831,68.576,67.49,2299.318,2299.318,2299.318
-6.757,-3.699,0,38280.706,0,261,146.638,124.103,120.45,107.811,81.796,68.547,67.464,2299.326,2299.326,2299.326
-6.77,-3.674,0,38281.407,0,261,146.628,124.125,120.466,107.827,81.744,68.531,67.437,2299.338,2299.338,2299.338
-6.774,-3.647,0,38282.108,0,261,146.607,124.14,120.48,107.829,81.714,68.501,67.404,2299.331,2299.331,2299.331
-6.769,-3.611,0,38282.808,0,261,146.599,124.17,120.503,107.822,81.662,68.465,67.383,2299.324,2299.324,2299.324
-6.76,-3.59,0,38283.506,0,261,146.575,124.205,120.513,107.818,81.626,68.436,67.37,2299.323,2299.323,2299.323
-6.74,-3.534,0,38284.206,0,261,146.567,124.239,120.54,107.827,81.592,68.419,67.347,2299.338,2299.338,2299.338
-6.749,-3.494,0,38284.906,0,261,146.561,124.26,120.555,107.822,81.559,68.403,67.324,2299.33,2299.33,2299.33
-6.752,-3.456,0,38285.61,0,261,146.531,124.299,120.579,107.811,81.523,68.378,67.306,2299.329,2299.329,2299.329
-6.749,-3.398,0,38286.306,0,261,146.516,124.32,120.595,107.822,81.492,68.362,67.284,2299.334,2299.334,2299.334
-6.742,-3.377,0,38287.006,0,261,146.508,124.35,120.612,107.835,81.455,68.338,67.275,2299.339,2299.339,2299.339
-6.73,-3.334,0,38287.706,0,261,146.495,124.375,120.644,107.822,81.423,68.322,67.252,2299.34,2299.34,2299.34
-6.724,-3.287,0,38288.406,0,261,146.481,124.381,120.645,107.815,81.397,68.293,67.213,2299.328,2299.328,2299.328
-6.734,-3.235,0,38289.12,0,261,146.463,124.399,120.678,107.823,81.383,68.266,67.199,2299.332,2299.332,2299.332
-6.735,-3.167,0,38289.806,0,261,146.443,124.414,120.683,107.838,81.35,68.248,67.171,2299.326,2299.326,2299.326
-6.733,-3.112,0,38290.506,0,261,146.444,124.43,120.705,107.832,81.35,68.221,67.144,2299.325,2299.325,2299.325
-6.73,-3.067,0,38291.206,0,261,146.428,124.433,120.724,107.837,81.329,68.197,67.12,2299.324,2299.324,2299.324
-6.723,-3.002,0,38291.906,0,261,146.43,124.426,120.747,107.853,81.333,68.181,67.105,2299.335,2299.335,2299.335
-6.707,-2.91,0,38292.631,0,261,146.414,124.426,120.752,107.841,81.32,68.143,67.061,2299.32,2299.32,2299.32
-6.696,-2.814,0,38293.307,0,261,146.412,124.428,120.784,107.85,81.321,68.126,67.052,2299.337,2299.337,2299.337
-6.7,-2.711,0,38294.007,0,261,146.419,124.449,120.798,107.857,81.327,68.112,67.032,2299.349,2299.349,2299.349
-6.697,-2.609,0,38294.706,0,261,146.396,124.422,120.794,107.85,81.313,68.071,66.996,2299.325,2299.325,2299.325
-6.685,-2.494,0,38295.407,0,261,146.393,124.428,120.819,107.845,81.316,68.055,66.976,2299.329,2299.329,2299.329
-6.663,-2.375,0,38296.124,0,261,146.387,124.419,120.82,107.848,81.324,68.029,66.956,2299.333,2299.333,2299.333
-6.638,-2.255,0,38296.808,0,261,146.393,124.421,120.833,107.851,81.308,68.015,66.941,2299.339,2299.339,2299.339
-6.636,-2.14,0,38297.508,0,261,146.379,124.413,120.832,107.851,81.294,68.005,66.927,2299.332,2299.332,2299.332
-6.631,-2.029,0,38298.207,0,261,146.363,124.397,120.831,107.84,81.275,67.978,66.915,2299.315,2299.315,2299.315
-6.62,-1.937,0,38298.908,0,261,146.366,124.39,120.844,107.849,81.272,67.984,66.922,2299.337,2299.337,2299.337
-6.599,-1.847,0,38299.612,0,261,146.353,124.394,120.845,107.85,81.253,67.967,66.914,2299.33,2299.33,2299.33
-6.576,-1.767,0,38300.307,0,261,146.367,124.388,120.865,107.858,81.23,67.963,66.909,2299.34,2299.34,2299.34
-6.58,-1.698,0,38301.015,0,261,146.357,124.373,120.848,107.857,81.204,67.956,66.899,2299.329,2299.329,2299.329
-6.575,-1.629,0,38301.712,0,261,146.365,124.366,120.859,107.862,81.185,67.953,66.89,2299.334,2299.334,2299.334
-6.559,-1.556,0,38302.408,0,261,146.35,124.349,120.857,107.866,81.154,67.935,66.882,2299.326,2299.326,2299.326
-6.535,-1.483,0,38303.133,0,261,146.349,124.346,120.86,107.888,81.125,67.94,66.878,2299.332,2299.332,2299.332
-6.518,-1.424,0,38303.807,0,261,146.355,124.324,120.857,107.898,81.082,67.939,66.886,2299.329,2299.329,2299.329
-6.519,-1.351,0,38304.519,0,261,146.353,124.308,120.856,107.922,81.062,67.936,66.894,2299.326,2299.326,2299.326
-6.511,-1.281,0,38305.21,0,261,146.361,124.289,120.856,107.993,81.038,67.945,66.91,2299.341,2299.341,2299.341
-6.499,-1.217,0,38305.913,0,261,146.354,124.272,120.844,108.026,81.015,67.952,66.923,2299.332,2299.332,2299.332
-6.484,-1.167,0,38306.609,0,261,146.362,124.24,120.846,108.063,80.989,67.96,66.932,2299.322,2299.322,2299.322
-6.464,-1.111,0,38307.308,0,261,146.361,124.226,120.857,108.123,80.97,67.98,66.965,2299.337,2299.337,2299.337
-6.461,-1.06,0,38308.014,0,261,146.364,124.208,120.841,108.165,80.96,68.005,66.988,2299.334,2299.334,2299.334
-6.466,-1.018,0,38308.708,0,261,146.366,124.185,120.837,108.202,80.932,68.022,67.014,2299.342,2299.342,2299.342
-6.459,-0.949,0,38309.412,0,261,146.374,124.164,120.834,108.219,80.915,68.04,67.038,2299.338,2299.338,2299.338
-6.452,-0.902,0,38310.107,0,261,146.366,124.138,120.819,108.249,80.909,68.065,67.057,2299.339,2299.339,2299.339
-6.441,-0.843,0,38310.807,0,261,146.36,124.121,120.808,108.272,80.891,68.076,67.082,2299.331,2299.331,2299.331
-6.435,-0.802,0,38311.513,0,261,146.365,124.1,120.808,108.297,80.869,68.094,67.102,2299.334,2299.334,2299.334
-6.426,-0.754,0,38312.209,0,261,146.373,124.077,120.796,108.315,80.86,68.116,67.122,2299.337,2299.337,2299.337
-6.416,-0.708,0,38312.908,0,261,146.364,124.07,120.785,108.348,80.86,68.134,67.148,2299.344,2299.344,2299.344
-6.404,-0.666,0,38313.627,0,261,146.371,124.048,120.777,108.355,80.841,68.161,67.174,2299.343,2299.343,2299.343
-6.396,-0.622,0,38314.314,0,261,146.364,124.026,120.782,108.357,80.85,68.181,67.195,2299.344,2299.344,2299.344
-6.383,-0.572,0,38315.007,0,261,146.368,123.998,120.755,108.366,80.831,68.191,67.204,2299.328,2299.328,2299.328
-6.374,-0.531,0,38315.708,0,261,146.36,123.981,120.747,108.378,80.854,68.22,67.226,2299.335,2299.335,2299.335
-6.365,-0.488,0,38316.41,0,261,146.361,123.964,120.735,108.382,80.838,68.231,67.257,2299.333,2299.333,2299.333
-6.364,-0.453,0,38317.112,0,261,146.37,123.946,120.724,108.39,80.852,68.252,67.289,2299.334,2299.334,2299.334
-6.361,-0.409,0,38317.809,0,261,146.381,123.935,120.718,108.394,80.854,68.293,67.316,2299.346,2299.346,2299.346
-6.354,-0.364,0,38318.512,0,261,146.367,123.911,120.705,108.393,80.862,68.31,67.344,2299.342,2299.342,2299.342
-6.35,-0.327,0,38319.232,0,261,146.369,123.88,120.682,108.383,80.864,68.344,67.38,2299.333,2299.333,2299.333
-6.346,-0.29,0,38319.91,0,261,146.375,123.86,120.677,108.384,80.87,68.371,67.415,2299.342,2299.342,2299.342
-6.343,-0.252,0,38320.613,0,261,146.367,123.834,120.656,108.378,80.878,68.411,67.448,2299.331,2299.331,2299.331
-6.341,-0.221,0,38321.312,0,261,146.37,123.82,120.651,108.374,80.897,68.447,67.484,2299.341,2299.341,2299.341
-6.337,-0.187,0,38322.011,0,261,146.382,123.805,120.643,108.375,80.92,68.485,67.534,2299.356,2299.356,2299.356
-6.33,-0.154,0,38322.709,0,261,146.365,123.767,120.615,108.358,80.923,68.526,67.561,2299.335,2299.335,2299.335
-6.323,-0.128,0,38323.411,0,261,146.366,123.747,120.607,108.363,80.941,68.565,67.606,2299.339,2299.339,2299.339
-6.314,-0.105,0,38324.11,0,261,146.376,123.713,120.584,108.357,80.965,68.596,67.65,2299.336,2299.336,2299.336
-6.302,-0.086,0,38324.814,0,261,146.384,123.696,120.573,108.372,80.996,68.645,67.714,2299.348,2299.348,2299.348
-6.31,-0.077,0,38325.508,0,261,146.39,123.656,120.56,108.362,81.022,68.697,67.751,2299.347,2299.347,2299.347
-6.317,-0.07,0,38326.208,0,261,146.392,123.611,120.52,108.358,81.055,68.729,67.803,2299.335,2299.335,2299.335
-6.32,-0.066,0,38326.91,0,261,146.391,123.58,120.507,108.351,81.09,68.777,67.856,2299.337,2299.337,2299.337
-6.32,-0.064,0,38327.61,0,261,146.409,123.548,120.491,108.361,81.112,68.85,67.91,2299.351,2299.351,2299.351
-6.316,-0.062,0,38328.308,0,261,146.41,123.511,120.475,108.357,81.149,68.882,67.956,2299.344,2299.344,2299.344
-6.304,-0.062,0,38329.013,0,261,146.404,123.476,120.445,108.35,81.178,68.928,67.999,2299.34,2299.34,2299.34
-6.307,-0.06,0,38329.712,0,261,146.411,123.446,120.431,108.336,81.213,68.974,68.041,2299.342,2299.342,2299.342
-6.315,-0.059,0,38330.41,0,261,146.41,123.418,120.402,108.335,81.223,69.016,68.084,2299.342,2299.342,2299.342
-6.318,-0.057,0,38331.118,0,261,146.416,123.393,120.387,108.326,81.266,69.064,68.129,2299.349,2299.349,2299.349
-6.313,-0.056,0,38331.808,0,261,146.418,123.331,120.348,108.306,81.275,69.097,68.159,2299.331,2299.331,2299.331
-6.294,-0.052,0,38332.528,0,261,146.413,123.318,120.324,108.306,81.306,69.14,68.202,2299.338,2299.338,2299.338
-6.292,-0.048,0,38333.211,0,261,146.422,123.287,120.297,108.29,81.341,69.195,68.246,2299.347,2299.347,2299.347
-6.297,-0.043,0,38333.908,0,261,146.413,123.252,120.274,108.279,81.361,69.215,68.293,2299.335,2299.335,2299.335
-6.296,-0.036,0,38334.614,0,261,146.425,123.222,120.257,108.278,81.384,69.259,68.332,2299.338,2299.338,2299.338
-6.284,-0.031,0,38335.308,0,261,146.426,123.193,120.234,108.265,81.419,69.309,68.387,2299.353,2299.353,2299.353
-6.265,-0.025,0,38336.014,0,261,146.446,123.16,120.215,108.242,81.432,69.368,68.449,2299.362,2299.362,2299.362
-6.268,-0.019,0,38336.734,0,261,146.444,123.093,120.177,108.216,81.442,69.393,68.487,2299.338,2299.338,2299.338
-6.27,-0.016,0,38337.41,0,261,146.468,123.047,120.156,108.202,81.466,69.473,68.544,2299.367,2299.367,2299.367
-6.26,-0.012,0,38338.111,0,261,146.481,122.971,120.117,108.169,81.448,69.5,68.584,2299.347,2299.347,2299.347
-6.234,-0.011,0,38338.81,0,261,146.503,122.904,120.084,108.143,81.456,69.55,68.644,2299.347,2299.347,2299.347
-6.235,-0.011,0,38339.51,0,261,146.523,122.844,120.065,108.111,81.457,69.603,68.746,2299.358,2299.358,2299.358
-6.223,-0.011,0,38340.216,0,261,146.533,122.761,120.023,108.083,81.456,69.687,68.845,2299.342,2299.342,2299.342
-6.19,-0.011,0,38340.91,0,261,146.556,122.695,119.978,108.076,81.472,69.806,68.989,2299.354,2299.354,2299.354
-6.188,-0.011,0,38341.61,0,261,146.55,122.638,119.944,108.045,81.466,69.913,69.135,2299.341,2299.341,2299.341
-6.173,-0.011,0,38342.328,0,261,146.578,122.587,119.899,108.037,81.489,70.041,69.275,2299.341,2299.341,2299.341
-6.141,-0.011,0,38343.011,0,261,146.596,122.531,119.858,108.024,81.528,70.193,69.441,2299.358,2299.358,2299.358
-6.139,-0.011,0,38343.719,0,261,146.604,122.468,119.813,108.012,81.556,70.334,69.592,2299.356,2299.356,2299.356
-6.127,-0.011,0,38344.409,0,261,146.603,122.393,119.769,107.989,81.588,70.472,69.747,2299.348,2299.348,2299.348
-6.096,-0.01,0,38345.109,0,261,146.623,122.348,119.721,107.98,81.632,70.628,69.902,2299.354,2299.354,2299.354
-6.095,-0.011,0,38345.81,0,261,146.627,122.288,119.669,107.961,81.677,70.77,70.058,2299.346,2299.346,2299.346
-6.09,-0.012,0,38346.512,0,261,146.632,122.24,119.624,107.944,81.722,70.916,70.212,2299.345,2299.345,2299.345
-6.073,-0.011,0,38347.213,0,261,146.637,122.171,119.577,107.92,81.778,71.063,70.361,2299.337,2299.337,2299.337
-6.083,-0.011,0,38347.91,0,261,146.651,122.124,119.53,107.913,81.839,71.223,70.53,2299.347,2299.347,2299.347
-6.065,-0.012,0,38348.618,0,261,146.654,122.064,119.482,107.89,81.893,71.363,70.671,2299.334,2299.334,2299.334
-6.047,-0.011,0,38349.318,0,261,146.675,122.016,119.447,107.889,81.971,71.52,70.838,2299.356,2299.356,2299.356
-6.037,-0.011,0,38350.028,0,261,146.679,121.961,119.394,107.859,82.039,71.654,70.977,2299.344,2299.344,2299.344
-6.042,-0.011,0,38350.715,0,261,146.684,121.911,119.341,107.847,82.099,71.801,71.127,2299.339,2299.339,2299.339
-6.016,-0.011,0,38351.417,0,261,146.686,121.854,119.303,107.822,82.177,71.931,71.266,2299.333,2299.333,2299.333
-5.997,-0.011,0,38352.115,0,261,146.695,121.81,119.261,107.817,82.251,72.097,71.42,2299.344,2299.344,2299.344
-5.984,-0.011,0,38352.812,0,261,146.711,121.765,119.217,107.811,82.338,72.238,71.58,2299.359,2299.359,2299.359
-5.997,-0.011,0,38353.526,0,261,146.709,121.701,119.165,107.787,82.409,72.372,71.719,2299.345,2299.345,2299.345
-6.003,-0.011,0,38354.226,0,261,146.712,121.659,119.129,107.779,82.493,72.524,71.876,2299.356,2299.356,2299.356
-5.958,-0.012,0,38354.91,0,261,146.728,121.607,119.081,107.789,82.581,72.673,72.011,2299.364,2299.364,2299.364
-5.936,-0.011,0,38355.611,0,261,146.717,121.554,119.034,107.753,82.657,72.804,72.155,2299.351,2299.351,2299.351
-5.927,-0.011,0,38356.316,0,261,146.724,121.51,118.988,107.748,82.746,72.949,72.302,2299.355,2299.355,2299.355
-5.936,-0.012,0,38357.011,0,261,146.728,121.445,118.939,107.735,82.829,73.082,72.442,2299.353,2299.353,2299.353
-5.967,-0.011,0,38357.712,0,261,146.735,121.409,118.905,107.727,82.91,73.219,72.582,2299.353,2299.353,2299.353
-5.984,-0.012,0,38358.411,0,261,146.74,121.359,118.858,107.713,83.003,73.372,72.713,2299.353,2299.353,2299.353
-6.001,-0.011,0,38359.113,0,261,146.749,121.306,118.821,107.715,83.085,73.508,72.865,2299.364,2299.364,2299.364
-6.009,-0.011,0,38359.812,0,261,146.765,121.254,118.761,107.694,83.173,73.628,72.989,2299.351,2299.351,2299.351
-6.022,-0.011,0,38360.511,0,261,146.762,121.216,118.724,107.685,83.259,73.762,73.126,2299.355,2299.355,2299.355
-6.044,-0.011,0,38361.246,0,261,146.754,121.159,118.672,107.673,83.333,73.888,73.247,2299.344,2299.344,2299.344
-6.058,-0.011,0,38361.911,0,261,146.769,121.116,118.639,107.677,83.423,74.018,73.378,2299.35,2299.35,2299.35
-6.057,-0.012,0,38362.609,0,261,146.77,121.061,118.598,107.659,83.519,74.143,73.501,2299.355,2299.355,2299.355
-6.084,-0.011,0,38363.342,0,261,146.779,121.029,118.552,107.66,83.604,74.264,73.627,2299.362,2299.362,2299.362
-6.093,-0.012,0,38364.024,0,261,146.783,120.965,118.518,107.639,83.683,74.387,73.735,2299.349,2299.349,2299.349
-6.101,-0.011,0,38364.718,0,261,146.787,120.94,118.472,107.646,83.78,74.51,73.867,2299.363,2299.363,2299.363
-6.126,-0.01,0,38365.413,0,261,146.796,120.879,118.428,107.632,83.852,74.614,73.966,2299.342,2299.342,2299.342
-6.13,-0.012,0,38366.114,0,261,146.8,120.843,118.393,107.64,83.951,74.732,74.075,2299.359,2299.359,2299.359
-6.161,-0.011,0,38366.812,0,261,146.811,120.797,118.348,107.626,84.03,74.839,74.183,2299.36,2299.36,2299.36
-6.176,-0.012,0,38367.513,0,261,146.801,120.743,118.309,107.613,84.112,74.939,74.272,2299.349,2299.349,2299.349
-6.183,-0.012,0,38368.211,0,261,146.81,120.697,118.271,107.616,84.191,75.034,74.35,2299.352,2299.352,2299.352
-6.213,-0.012,0,38368.912,0,261,146.809,120.649,118.23,107.61,84.274,75.111,74.436,2299.347,2299.347,2299.347
-6.207,-0.011,0,38369.613,0,261,146.823,120.602,118.177,107.592,84.346,75.199,74.487,2299.345,2299.345,2299.345
-6.24,-0.012,0,38370.331,0,261,146.826,120.563,118.144,107.594,84.428,75.265,74.526,2299.349,2299.349,2299.349
-6.238,-0.02,0,38371.043,0,261,146.833,120.526,118.114,107.608,84.504,75.304,74.52,2299.363,2299.363,2299.363
-6.245,-0.027,0,38371.714,0,261,146.824,120.477,118.073,107.6,84.578,75.307,74.477,2299.349,2299.349,2299.349
-6.252,-0.037,0,38372.413,0,261,146.837,120.446,118.038,107.61,84.663,75.282,74.426,2299.359,2299.359,2299.359
-6.255,-0.053,0,38373.119,0,261,146.823,120.419,117.998,107.613,84.739,75.237,74.376,2299.353,2299.353,2299.353
-6.272,-0.063,0,38373.821,0,261,146.803,120.415,117.955,107.635,84.813,75.207,74.326,2299.348,2299.348,2299.348
-6.258,-0.075,0,38374.512,0,261,146.791,120.436,117.93,107.667,84.918,75.159,74.276,2299.362,2299.362,2299.362
-6.278,-0.086,0,38375.235,0,261,146.758,120.472,117.903,107.695,85.001,75.126,74.238,2299.366,2299.366,2299.366
-6.27,-0.091,0,38375.914,0,261,146.726,120.508,117.88,107.697,85.069,75.079,74.175,2299.36,2299.36,2299.36
-6.274,-0.093,0,38376.62,0,261,146.693,120.542,117.854,107.693,85.123,75.042,74.136,2299.358,2299.358,2299.358
-6.276,-0.096,0,38377.337,0,261,146.676,120.566,117.826,107.691,85.166,75.008,74.096,2299.357,2299.357,2299.357
-6.268,-0.099,0,38378.013,0,261,146.654,120.583,117.815,107.687,85.199,74.984,74.057,2299.358,2299.358,2299.358
-6.279,-0.101,0,38378.725,0,261,146.633,120.604,117.811,107.674,85.221,74.933,74.029,2299.356,2299.356,2299.356
-6.265,-0.104,0,38379.417,0,261,146.618,120.611,117.801,107.656,85.249,74.912,73.988,2299.359,2299.359,2299.359
-6.281,-0.108,0,38380.116,0,261,146.594,120.627,117.792,107.639,85.253,74.88,73.957,2299.348,2299.348,2299.348
-6.261,-0.11,0,38380.814,0,261,146.577,120.625,117.788,107.639,85.268,74.847,73.922,2299.351,2299.351,2299.351
-6.281,-0.111,0,38381.512,0,261,146.562,120.639,117.789,107.623,85.265,74.826,73.887,2299.347,2299.347,2299.347
-6.266,-0.117,0,38382.218,0,261,146.54,120.659,117.791,107.624,85.273,74.8,73.866,2299.358,2299.358,2299.358
-6.285,-0.125,0,38382.918,0,261,146.536,120.66,117.799,107.618,85.274,74.785,73.842,2299.368,2299.368,2299.368
-6.275,-0.134,0,38383.612,0,261,146.516,120.664,117.795,107.612,85.262,74.754,73.815,2299.367,2299.367,2299.367
-6.297,-0.143,0,38384.314,0,261,146.503,120.689,117.793,107.608,85.26,74.73,73.796,2299.372,2299.372,2299.372
-6.296,-0.158,0,38385.014,0,261,146.489,120.684,117.791,107.598,85.249,74.696,73.75,2299.358,2299.358,2299.358
-6.308,-0.193,0,38385.715,0,261,146.471,120.686,117.794,107.589,85.245,74.662,73.724,2299.362,2299.362,2299.362
-6.315,-0.232,0,38386.421,0,261,146.447,120.685,117.787,107.579,85.232,74.62,73.672,2299.352,2299.352,2299.352
-6.322,-0.275,0,38387.114,0,261,146.425,120.69,117.783,107.564,85.219,74.586,73.629,2299.345,2299.345,2299.345
-6.337,-0.317,0,38387.814,0,261,146.408,120.712,117.792,107.549,85.207,74.548,73.592,2299.342,2299.342,2299.342
-6.331,-0.363,0,38388.519,0,261,146.393,120.729,117.794,107.54,85.187,74.515,73.557,2299.352,2299.352,2299.352
-6.356,-0.413,0,38389.217,0,261,146.374,120.744,117.8,107.529,85.169,74.476,73.527,2299.354,2299.354,2299.354
-6.353,-0.462,0,38389.913,0,261,146.359,120.764,117.817,107.527,85.154,74.433,73.468,2299.362,2299.362,2299.362
-6.368,-0.512,0,38390.613,0,261,146.339,120.784,117.814,107.509,85.128,74.396,73.427,2299.361,2299.361,2299.361
-6.381,-0.562,0,38391.321,0,261,146.314,120.816,117.825,107.485,85.112,74.346,73.384,2299.361,2299.361,2299.361
-6.371,-0.613,0,38392.018,0,261,146.298,120.84,117.816,107.476,85.071,74.296,73.328,2299.352,2299.352,2299.352
-6.399,-0.666,0,38392.715,0,261,146.277,120.858,117.836,107.47,85.061,74.252,73.274,2299.361,2299.361,2299.361
-6.406,-0.721,0,38393.418,0,261,146.26,120.881,117.839,107.458,85.033,74.205,73.214,2299.358,2299.358,2299.358
-6.399,-0.77,0,38394.113,0,261,146.241,120.906,117.852,107.448,85.003,74.14,73.166,2299.361,2299.361,2299.361
-6.425,-0.823,0,38394.83,0,261,146.225,120.937,117.872,107.444,84.985,74.097,73.101,2299.378,2299.378,2299.378
-6.431,-0.875,0,38395.515,0,261,146.195,120.96,117.87,107.417,84.949,74.042,73.039,2299.357,2299.357,2299.357
-6.422,-0.931,0,38396.221,0,261,146.173,120.976,117.888,107.407,84.926,73.965,72.978,2299.352,2299.352,2299.352
-6.449,-0.987,0,38396.913,0,261,146.153,121.021,117.901,107.406,84.908,73.924,72.923,2299.378,2299.378,2299.378
-6.46,-1.046,0,38397.62,0,261,146.126,121.031,117.907,107.387,84.866,73.855,72.843,2299.358,2299.358,2299.358
-6.45,-1.105,0,38398.317,0,261,146.109,121.064,117.924,107.392,84.84,73.787,72.766,2299.362,2299.362,2299.362
-6.469,-1.168,0,38399.017,0,261,146.085,121.089,117.94,107.359,84.801,73.707,72.706,2299.359,2299.359,2299.359
-6.485,-1.228,0,38399.724,0,261,146.072,121.119,117.959,107.361,84.787,73.647,72.633,2299.377,2299.377,2299.377
-6.485,-1.298,0,38400.418,0,261,146.043,121.137,117.979,107.347,84.752,73.572,72.558,2299.366,2299.366,2299.366
-6.477,-1.372,0,38401.114,0,261,146.021,121.163,117.989,107.347,84.715,73.5,72.474,2299.369,2299.369,2299.369
-6.5,-1.444,0,38401.814,0,261,145.999,121.195,118.014,107.346,84.677,73.429,72.399,2299.37,2299.37,2299.37
-6.514,-1.513,0,38402.531,0,261,145.984,121.219,118.023,107.343,84.638,73.357,72.325,2299.37,2299.37,2299.37
-6.513,-1.587,0,38403.218,0,261,145.963,121.263,118.052,107.349,84.604,73.285,72.24,2299.381,2299.381,2299.381
-6.51,-1.653,0,38403.914,0,261,145.946,121.295,118.064,107.356,84.558,73.203,72.165,2299.373,2299.373,2299.373
-6.534,-1.737,0,38404.616,0,261,145.924,121.33,118.088,107.345,84.525,73.144,72.092,2299.378,2299.378,2299.378
-6.545,-1.817,0,38405.313,0,261,145.896,121.362,118.098,107.352,84.481,73.053,72.008,2299.366,2299.366,2299.366
-6.536,-1.916,0,38406.019,0,261,145.873,121.398,118.131,107.364,84.432,72.991,71.954,2299.371,2299.371,2299.371
-6.55,-1.994,0,38406.718,0,261,145.847,121.434,118.15,107.395,84.391,72.921,71.874,2299.384,2299.384,2299.384
-6.568,-2.075,0,38407.417,0,261,145.833,121.452,118.166,107.398,84.344,72.852,71.795,2299.371,2299.371,2299.371
-6.567,-2.141,0,38408.115,0,261,145.797,121.478,118.179,107.41,84.288,72.76,71.729,2299.352,2299.352,2299.352
-6.567,-2.218,0,38408.818,0,261,145.794,121.516,118.218,107.433,84.255,72.704,71.664,2299.375,2299.375,2299.375
-6.585,-2.285,0,38409.518,0,261,145.76,121.541,118.224,107.447,84.192,72.633,71.596,2299.361,2299.361,2299.361
-6.585,-2.368,0,38410.215,0,261,145.754,121.583,118.263,107.481,84.156,72.585,71.535,2299.387,2299.387,2299.387
-6.585,-2.442,0,38410.915,0,261,145.729,121.595,118.279,107.479,84.103,72.504,71.464,2299.367,2299.367,2299.367
-6.606,-2.513,0,38411.623,0,261,145.711,121.63,118.314,107.505,84.06,72.448,71.41,2299.376,2299.376,2299.376
-6.601,-2.516,0,38412.324,0,261,145.705,121.65,118.345,107.53,84.025,72.384,71.346,2299.388,2299.388,2299.388
-6.599,-2.537,0,38413.027,0,261,145.683,121.679,118.36,107.53,83.961,72.331,71.276,2299.378,2299.378,2299.378
-6.617,-2.604,0,38413.719,0,261,145.653,121.712,118.387,107.548,83.923,72.263,71.225,2299.382,2299.382,2299.382
-6.609,-2.664,0,38414.414,0,261,145.62,121.723,118.404,107.547,83.871,72.198,71.146,2299.362,2299.362,2299.362
-6.626,-2.733,0,38415.143,0,261,145.617,121.74,118.418,107.56,83.823,72.149,71.103,2299.366,2299.366,2299.366
-6.638,-2.793,0,38415.819,0,261,145.595,121.767,118.46,107.583,83.778,72.09,71.041,2299.375,2299.375,2299.375
-6.627,-2.855,0,38416.518,0,261,145.57,121.79,118.467,107.584,83.737,72.025,70.983,2299.358,2299.358,2299.358
-6.655,-2.905,0,38417.217,0,261,145.559,121.819,118.501,107.598,83.698,71.979,70.934,2299.378,2299.378,2299.378
-6.655,-2.956,0,38417.915,0,261,145.544,121.844,118.523,107.597,83.654,71.93,70.896,2299.379,2299.379,2299.379
-6.667,-3.015,0,38418.617,0,261,145.515,121.865,118.534,107.599,83.613,71.872,70.828,2299.37,2299.37,2299.37
-6.671,-3.071,0,38419.314,0,261,145.494,121.875,118.559,107.602,83.581,71.817,70.773,2299.364,2299.364,2299.364
-6.676,-3.132,0,38420.017,0,261,145.496,121.902,118.58,107.607,83.545,71.758,70.729,2299.379,2299.379,2299.379
-6.69,-3.181,0,38420.716,0,261,145.481,121.916,118.615,107.607,83.508,71.712,70.673,2299.374,2299.374,2299.374
-6.686,-3.234,0,38421.417,0,261,145.469,121.921,118.627,107.593,83.462,71.651,70.629,2299.379,2299.379,2299.379
-6.706,-3.296,0,38422.126,0,261,145.46,121.945,118.652,107.591,83.433,71.613,70.561,2299.385,2299.385,2299.385
-6.701,-3.367,0,38422.827,0,261,145.418,121.954,118.658,107.573,83.401,71.55,70.495,2299.374,2299.374,2299.374
-6.72,-3.436,0,38423.518,0,261,145.415,121.962,118.686,107.557,83.355,71.491,70.437,2299.365,2299.365,2299.365
-6.716,-3.506,0,38424.224,0,261,145.408,121.992,118.696,107.551,83.322,71.431,70.389,2299.374,2299.374,2299.374
-6.73,-3.574,0,38424.917,0,261,145.399,122.015,118.724,107.568,83.289,71.382,70.342,2299.39,2299.39,2299.39
-6.731,-3.63,0,38425.615,0,261,145.381,122.014,118.728,107.551,83.248,71.317,70.266,2299.381,2299.381,2299.381
-6.74,-3.682,0,38426.346,0,261,145.364,122.029,118.736,107.541,83.209,71.248,70.208,2299.371,2299.371,2299.371
-6.747,-3.731,0,38427.017,0,261,145.361,122.058,118.76,107.536,83.177,71.201,70.144,2299.385,2299.385,2299.385
-6.743,-3.791,0,38427.718,0,261,145.327,122.057,118.768,107.512,83.14,71.13,70.072,2299.365,2299.365,2299.365
-6.764,-3.854,0,38428.415,0,261,145.327,122.082,118.787,107.495,83.104,71.063,70.013,2299.376,2299.376,2299.376
-6.749,-3.919,0,38429.118,0,261,145.305,122.106,118.813,107.494,83.078,71.014,69.968,2299.395,2299.395,2299.395
-6.776,-3.979,0,38429.827,0,261,145.284,122.119,118.814,107.453,83.037,70.945,69.89,2299.375,2299.375,2299.375
-6.778,-4.05,0,38430.526,0,261,145.262,122.137,118.829,107.447,83.006,70.888,69.836,2299.375,2299.375,2299.375
-6.782,-4.101,0,38431.216,0,261,145.254,122.162,118.845,107.429,82.969,70.834,69.78,2299.387,2299.387,2299.387
-6.796,-4.179,0,38431.92,0,261,145.23,122.169,118.849,107.407,82.928,70.767,69.703,2299.367,2299.367,2299.367
-6.785,-4.244,0,38432.618,0,261,145.212,122.193,118.864,107.391,82.894,70.703,69.659,2299.369,2299.369,2299.369
-6.802,-4.315,0,38433.325,0,261,145.193,122.221,118.888,107.394,82.871,70.66,69.603,2299.383,2299.383,2299.383
-6.811,-4.382,0,38434.018,0,261,145.186,122.239,118.902,107.383,82.833,70.604,69.556,2299.391,2299.391,2299.391
-6.794,-4.432,0,38434.715,0,261,145.157,122.252,118.92,107.37,82.799,70.541,69.485,2299.377,2299.377,2299.377
-6.818,-4.463,0,38435.414,0,261,145.168,122.282,118.941,107.39,82.765,70.493,69.451,2299.407,2299.407,2299.407
-6.822,-4.511,0,38436.118,0,261,145.124,122.284,118.939,107.352,82.721,70.433,69.371,2299.378,2299.378,2299.378
-6.808,-4.57,0,38436.833,0,261,145.117,122.303,118.954,107.334,82.685,70.371,69.312,2299.375,2299.375,2299.375
-6.832,-4.618,0,38437.524,0,261,145.103,122.327,118.961,107.318,82.654,70.325,69.262,2299.38,2299.38,2299.38
-6.837,-4.654,0,38438.218,0,261,145.068,122.335,118.969,107.296,82.607,70.26,69.204,2299.356,2299.356,2299.356
-6.82,-4.683,0,38438.923,0,261,145.075,122.366,118.999,107.292,82.591,70.229,69.169,2299.39,2299.39,2299.39
-6.84,-4.712,0,38439.618,0,261,145.051,122.376,119.009,107.269,82.556,70.168,69.117,2299.38,2299.38,2299.38
-6.848,-4.749,0,38440.318,0,261,145.05,122.407,119.024,107.254,82.526,70.114,69.069,2299.393,2299.393,2299.393
-6.838,-4.776,0,38441.028,0,261,145.024,122.429,119.031,107.238,82.495,70.072,69.019,2299.384,2299.384,2299.384
-6.848,-4.819,0,38441.721,0,261,145.011,122.45,119.047,107.215,82.476,70.033,68.972,2299.389,2299.389,2299.389
-6.862,-4.851,0,38442.427,0,261,144.983,122.466,119.061,107.191,82.438,69.972,68.923,2299.377,2299.377,2299.377
-6.862,-4.881,0,38443.124,0,261,144.96,122.484,119.071,107.16,82.408,69.924,68.864,2299.373,2299.373,2299.373
-6.849,-4.93,0,38443.817,0,261,144.95,122.513,119.088,107.142,82.398,69.88,68.824,2299.388,2299.388,2299.388
-6.873,-4.98,0,38444.517,0,261,144.947,122.559,119.119,107.122,82.394,69.851,68.782,2299.408,2299.408,2299.408
-6.884,-5.021,0,38445.216,0,261,144.902,122.556,119.114,107.093,82.354,69.781,68.732,2299.365,2299.365,2299.365
-6.877,-5.027,0,38445.915,0,261,144.901,122.59,119.123,107.091,82.354,69.756,68.688,2299.388,2299.388,2299.388
-6.865,-5.027,0,38446.617,0,261,144.887,122.624,119.151,107.087,82.347,69.719,68.65,2299.404,2299.404,2299.404
-6.883,-5.027,0,38447.318,0,261,144.865,122.637,119.156,107.073,82.325,69.661,68.593,2299.38,2299.38,2299.38
-6.886,-5.027,0,38448.02,0,261,144.848,122.669,119.177,107.065,82.318,69.616,68.562,2299.396,2299.396,2299.396
-6.876,-5.027,0,38448.719,0,261,144.823,122.688,119.187,107.046,82.273,69.573,68.506,2299.378,2299.378,2299.378
-6.864,-5.026,0,38449.418,0,261,144.801,122.697,119.186,107.025,82.255,69.523,68.455,2299.37,2299.37,2299.37
-6.881,-5.026,0,38450.117,0,261,144.798,122.724,119.232,107.045,82.26,69.5,68.427,2299.405,2299.405,2299.405
-6.886,-5.026,0,38450.817,0,261,144.778,122.742,119.234,107.034,82.22,69.457,68.389,2299.389,2299.389,2299.389
-6.883,-5.026,0,38451.517,0,261,144.75,122.75,119.236,107.029,82.185,69.414,68.329,2299.374,2299.374,2299.374
-6.872,-5.026,0,38452.219,0,261,144.752,122.786,119.269,107.027,82.172,69.378,68.304,2299.395,2299.395,2299.395
-6.867,-5.026,0,38452.917,0,261,144.721,122.803,119.292,107.011,82.156,69.327,68.261,2299.383,2299.383,2299.383
-6.881,-5.026,0,38453.618,0,261,144.709,122.814,119.298,107.026,82.111,69.291,68.214,2299.382,2299.382,2299.382
-6.887,-5.026,0,38454.316,0,261,144.696,122.834,119.318,107.016,82.101,69.247,68.178,2299.383,2299.383,2299.383
-6.884,-5.026,0,38455.018,0,261,144.686,122.849,119.323,107.013,82.078,69.217,68.15,2299.389,2299.389,2299.389
-6.875,-5.026,0,38455.718,0,261,144.669,122.869,119.351,107.016,82.043,69.187,68.108,2299.388,2299.388,2299.388
-6.864,-5.026,0,38456.419,0,261,144.655,122.893,119.362,107.021,82.025,69.157,68.083,2299.399,2299.399,2299.399
-6.877,-5.026,0,38457.117,0,261,144.631,122.912,119.375,107.014,81.995,69.119,68.038,2299.388,2299.388,2299.388
-6.884,-5.026,0,38457.817,0,261,144.614,122.922,119.383,107.015,81.971,69.078,68.008,2299.39,2299.39,2299.39
-6.886,-5.026,0,38458.519,0,261,144.6,122.922,119.392,107.004,81.94,69.045,67.963,2299.378,2299.378,2299.378
-6.883,-5.025,0,38459.219,0,261,144.581,122.953,119.415,106.996,81.913,69.004,67.935,2299.381,2299.381,2299.381
-6.875,-5.026,0,38459.919,0,261,144.577,122.96,119.424,107.005,81.885,68.967,67.895,2299.38,2299.38,2299.38
-6.863,-5.025,0,38460.618,0,261,144.57,122.978,119.443,107.016,81.864,68.946,67.874,2299.394,2299.394,2299.394
-6.88,-5.026,0,38461.317,0,261,144.547,122.988,119.456,107.015,81.836,68.902,67.837,2299.39,2299.39,2299.39
-6.918,-5.163,0,38462.018,0,261,144.534,123.003,119.467,107.014,81.816,68.874,67.804,2299.391,2299.391,2299.391
-6.93,-5.152,0,38462.718,0,261,144.53,123.013,119.483,107.002,81.808,68.845,67.77,2299.381,2299.381,2299.381
-6.93,-5.149,0,38463.419,0,261,144.519,123.038,119.507,107.008,81.828,68.817,67.735,2299.4,2299.4,2299.4
-6.922,-5.092,0,38464.118,0,261,144.487,123.056,119.509,107.001,81.834,68.766,67.679,2299.393,2299.393,2299.393
-6.905,-5.042,0,38464.819,0,261,144.468,123.077,119.521,106.982,81.821,68.715,67.616,2299.386,2299.386,2299.386
-6.907,-4.994,0,38465.519,0,261,144.448,123.095,119.534,106.994,81.817,68.67,67.56,2299.397,2299.397,2299.397
-6.917,-4.965,0,38466.217,0,261,144.449,123.107,119.559,106.986,81.805,68.61,67.503,2299.401,2299.401,2299.401
-6.917,-4.928,0,38466.919,0,261,144.416,123.106,119.557,106.969,81.775,68.548,67.428,2299.384,2299.384,2299.384
-6.911,-4.876,0,38467.618,0,261,144.421,123.139,119.581,106.978,81.755,68.5,67.372,2299.406,2299.406,2299.406
-6.902,-4.821,0,38468.318,0,261,144.398,123.143,119.584,106.96,81.718,68.437,67.312,2299.392,2299.392,2299.392
-6.892,-4.78,0,38469.018,0,261,144.373,123.156,119.585,106.952,81.678,68.361,67.254,2299.378,2299.378,2299.378
-6.884,-4.748,0,38469.718,0,261,144.368,123.178,119.61,106.95,81.649,68.317,67.198,2299.389,2299.389,2299.389
-6.87,-4.679,0,38470.419,0,261,144.349,123.169,119.619,106.958,81.608,68.267,67.147,2299.384,2299.384,2299.384
-6.87,-4.613,0,38471.119,0,261,144.347,123.176,119.626,106.952,81.571,68.209,67.097,2299.387,2299.387,2299.387
-6.868,-4.542,0,38471.818,0,261,144.329,123.194,119.645,106.955,81.53,68.163,67.058,2299.391,2299.391,2299.391
-6.865,-4.472,0,38472.518,0,261,144.321,123.21,119.662,106.968,81.49,68.121,67.023,2299.4,2299.4,2299.4
-6.861,-4.392,0,38473.219,0,261,144.301,123.219,119.671,106.956,81.444,68.082,66.993,2299.395,2299.395,2299.395
-6.852,-4.314,0,38473.918,0,261,144.297,123.217,119.683,106.957,81.405,68.059,66.958,2299.395,2299.395,2299.395
-6.842,-4.232,0,38474.619,0,261,144.279,123.224,119.685,106.96,81.359,68.021,66.932,2299.392,2299.392,2299.392
-6.832,-4.144,0,38475.319,0,261,144.265,123.236,119.69,106.973,81.305,67.998,66.922,2299.393,2299.393,2299.393
-6.822,-4.058,0,38476.019,0,261,144.255,123.229,119.706,106.977,81.26,67.975,66.9,2299.385,2299.385,2299.385
-6.813,-3.981,0,38476.719,0,261,144.249,123.243,119.713,106.977,81.224,67.956,66.891,2299.391,2299.391,2299.391
-6.804,-3.91,0,38477.419,0,261,144.24,123.243,119.712,106.979,81.171,67.935,66.876,2299.39,2299.39,2299.39
-6.797,-3.849,0,38478.119,0,261,144.24,123.247,119.738,106.999,81.134,67.94,66.87,2299.404,2299.404,2299.404
-6.791,-3.793,0,38478.819,0,261,144.217,123.255,119.735,107.002,81.088,67.921,66.864,2299.389,2299.389,2299.389
-6.783,-3.737,0,38479.519,0,261,144.21,123.254,119.756,107.02,81.054,67.915,66.858,2299.398,2299.398,2299.398
-6.777,-3.692,0,38480.219,0,261,144.206,123.265,119.757,107.029,81.025,67.902,66.849,2299.392,2299.392,2299.392
-6.773,-3.657,0,38480.92,0,261,144.202,123.269,119.764,107.044,81.001,67.895,66.844,2299.402,2299.402,2299.402
-6.77,-3.624,0,38481.619,0,261,144.178,123.254,119.769,107.05,80.948,67.886,66.827,2299.385,2299.385,2299.385
-6.764,-3.587,0,38482.319,0,261,144.172,123.268,119.776,107.062,80.929,67.883,66.831,2299.395,2299.395,2299.395
-6.763,-3.569,0,38483.019,0,261,144.16,123.268,119.78,107.072,80.899,67.863,66.828,2299.396,2299.396,2299.396
-6.761,-3.548,0,38483.72,0,261,144.146,123.273,119.776,107.068,80.869,67.87,66.827,2299.39,2299.39,2299.39
-6.758,-3.536,0,38484.419,0,261,144.138,123.278,119.785,107.069,80.843,67.855,66.822,2299.392,2299.392,2299.392
-6.757,-3.512,0,38485.121,0,261,144.121,123.3,119.791,107.071,80.827,67.863,66.815,2299.401,2299.401,2299.401
-6.75,-3.463,0,38485.82,0,261,144.114,123.322,119.811,107.081,80.807,67.865,66.829,2299.404,2299.404,2299.404
-6.748,-3.431,0,38486.521,0,261,144.088,123.324,119.807,107.059,80.775,67.855,66.806,2299.386,2299.386,2299.386
-6.745,-3.404,0,38487.219,0,261,144.074,123.375,119.831,107.081,80.778,67.855,66.821,2299.406,2299.406,2299.406
-6.742,-3.347,0,38487.919,0,261,144.059,123.387,119.825,107.081,80.75,67.851,66.815,2299.396,2299.396,2299.396
-6.737,-3.285,0,38488.621,0,261,144.041,123.397,119.834,107.072,80.737,67.847,66.815,2299.395,2299.395,2299.395
-6.736,-3.247,0,38489.32,0,261,144.03,123.415,119.842,107.083,80.732,67.845,66.815,2299.395,2299.395,2299.395
-6.733,-3.185,0,38490.021,0,261,144.02,123.426,119.86,107.093,80.709,67.839,66.8,2299.402,2299.402,2299.402
-6.728,-3.117,0,38490.719,0,261,143.993,123.434,119.868,107.096,80.719,67.83,66.798,2299.399,2299.399,2299.399
-6.729,-3.086,0,38491.42,0,261,143.993,123.449,119.883,107.097,80.72,67.83,66.79,2299.401,2299.401,2299.401
-6.728,-3.009,0,38492.119,0,261,143.992,123.453,119.895,107.092,80.728,67.824,66.786,2299.407,2299.407,2299.407
-6.723,-2.935,0,38492.82,0,261,143.973,123.438,119.891,107.09,80.717,67.816,66.783,2299.388,2299.388,2299.388
-6.716,-2.848,0,38493.521,0,261,143.977,123.434,119.916,107.093,80.732,67.812,66.781,2299.393,2299.393,2299.393
-6.708,-2.754,0,38494.219,0,261,143.969,123.428,119.917,107.105,80.744,67.804,66.781,2299.404,2299.404,2299.404
-6.699,-2.646,0,38494.919,0,261,143.97,123.416,119.917,107.096,80.747,67.804,66.767,2299.395,2299.395,2299.395
-6.688,-2.54,0,38495.621,0,261,143.948,123.4,119.937,107.087,80.762,67.795,66.758,2299.393,2299.393,2299.393
-6.676,-2.426,0,38496.321,0,261,143.944,123.399,119.933,107.093,80.776,67.796,66.763,2299.395,2299.395,2299.395
-6.664,-2.313,0,38497.021,0,261,143.952,123.405,119.942,107.101,80.774,67.796,66.773,2299.418,2299.418,2299.418
-6.65,-2.194,0,38497.721,0,261,143.945,123.391,119.95,107.098,80.768,67.8,66.768,2299.412,2299.412,2299.412
-6.634,-2.072,0,38498.42,0,261,143.93,123.376,119.946,107.09,80.767,67.794,66.762,2299.397,2299.397,2299.397
-6.622,-1.979,0,38499.121,0,261,143.923,123.376,119.938,107.093,80.761,67.786,66.768,2299.395,2299.395,2299.395
-6.608,-1.884,0,38499.821,0,261,143.918,123.357,119.938,107.105,80.75,67.798,66.773,2299.399,2299.399,2299.399
-6.595,-1.788,0,38500.522,0,261,143.911,123.363,119.93,107.093,80.749,67.811,66.79,2299.41,2299.41,2299.41
-6.586,-1.724,0,38501.221,0,261,143.911,123.345,119.934,107.11,80.722,67.824,66.805,2299.408,2299.408,2299.408
-6.574,-1.659,0,38501.921,0,261,143.896,123.32,119.929,107.112,80.709,67.827,66.801,2299.397,2299.397,2299.397
-6.562,-1.587,0,38502.621,0,261,143.903,123.308,119.933,107.117,80.704,67.835,66.815,2299.405,2299.405,2299.405
-6.545,-1.5,0,38503.321,0,261,143.892,123.282,119.916,107.118,80.674,67.836,66.821,2299.393,2299.393,2299.393
-6.533,-1.436,0,38504.02,0,261,143.908,123.264,119.921,107.128,80.66,67.846,66.838,2299.398,2299.398,2299.398
-6.522,-1.374,0,38504.722,0,261,143.905,123.232,119.909,107.158,80.645,67.85,66.843,2299.397,2299.397,2299.397
-6.51,-1.298,0,38505.42,0,261,143.907,123.209,119.898,107.199,80.639,67.874,66.864,2299.4,2299.4,2299.4
-6.5,-1.229,0,38506.122,0,261,143.906,123.179,119.891,107.234,80.621,67.872,66.871,2299.395,2299.395,2299.395
-6.492,-1.176,0,38506.821,0,261,143.916,123.164,119.885,107.288,80.609,67.9,66.901,2299.411,2299.411,2299.411
-6.484,-1.12,0,38507.521,0,261,143.909,123.129,119.879,107.319,80.595,67.926,66.918,2299.408,2299.408,2299.408
-6.479,-1.072,0,38508.221,0,261,143.902,123.098,119.862,107.361,80.576,67.928,66.937,2299.395,2299.395,2299.395
-6.472,-1.025,0,38508.921,0,261,143.918,123.07,119.855,107.401,80.578,67.957,66.969,2299.403,2299.403,2299.403
-6.464,-0.979,0,38509.621,0,261,143.926,123.054,119.85,107.432,80.58,67.989,67.002,2299.412,2299.412,2299.412
-6.452,-0.918,0,38510.322,0,261,143.914,123.015,119.833,107.455,80.558,68.012,67.029,2299.402,2299.402,2299.402
-6.437,-0.864,0,38511.021,0,261,143.924,122.999,119.824,107.484,80.551,68.049,67.077,2299.411,2299.411,2299.411
-6.421,-0.817,0,38511.722,0,261,143.926,122.969,119.819,107.518,80.543,68.089,67.108,2299.415,2299.415,2299.415
-6.41,-0.771,0,38512.422,0,261,143.922,122.947,119.803,107.529,80.534,68.102,67.129,2299.405,2299.405,2299.405
-6.414,-0.734,0,38513.122,0,261,143.907,122.916,119.778,107.534,80.533,68.131,67.154,2299.389,2299.389,2299.389
-6.415,-0.684,0,38513.821,0,261,143.928,122.91,119.774,107.558,80.531,68.17,67.193,2299.418,2299.418,2299.418
-6.412,-0.644,0,38514.521,0,261,143.922,122.863,119.751,107.563,80.521,68.182,67.222,2299.393,2299.393,2299.393
-6.403,-0.598,0,38515.222,0,261,143.916,122.835,119.724,107.573,80.522,68.206,67.242,2299.387,2299.387,2299.387
-6.385,-0.545,0,38515.921,0,261,143.924,122.817,119.716,107.588,80.535,68.231,67.28,2299.392,2299.392,2299.392
-6.373,-0.504,0,38516.622,0,261,143.922,122.796,119.703,107.584,80.549,68.26,67.298,2299.394,2299.394,2299.394
-6.374,-0.453,0,38517.323,0,261,143.929,122.775,119.693,107.598,80.559,68.31,67.349,2299.411,2299.411,2299.411
-6.371,-0.415,0,38518.024,0,261,143.921,122.752,119.671,107.597,80.572,68.329,67.38,2299.4,2299.4,2299.4
-6.357,-0.374,0,38518.722,0,261,143.927,122.724,119.65,107.596,80.588,68.381,67.425,2299.408,2299.408,2299.408
-6.347,-0.336,0,38519.423,0,261,143.923,122.702,119.645,107.608,80.601,68.4,67.473,2299.41,2299.41,2299.41
-6.353,-0.299,0,38520.123,0,261,143.92,122.683,119.623,107.597,80.617,68.451,67.512,2299.418,2299.418,2299.418
-6.341,-0.263,0,38520.821,0,261,143.915,122.651,119.607,107.586,80.621,68.477,67.549,2299.399,2299.399,2299.399
-6.324,-0.228,0,38521.523,0,261,143.922,122.631,119.591,107.596,80.649,68.53,67.612,2299.424,2299.424,2299.424
-6.335,-0.197,0,38522.221,0,261,143.929,122.601,119.572,107.579,80.665,68.558,67.647,2299.42,2299.42,2299.42
-6.326,-0.163,0,38522.923,0,261,143.917,122.563,119.548,107.554,80.678,68.6,67.679,2299.398,2299.398,2299.398
-6.313,-0.138,0,38523.623,0,261,143.907,122.525,119.518,107.538,80.697,68.644,67.745,2299.387,2299.387,2299.387
-6.324,-0.111,0,38524.322,0,261,143.925,122.505,119.509,107.553,80.726,68.698,67.793,2299.409,2299.409,2299.409
-6.314,-0.092,0,38525.022,0,261,143.926,122.46,119.491,107.557,80.759,68.753,67.848,2299.411,2299.411,2299.411
-6.313,-0.082,0,38525.723,0,261,143.924,122.43,119.457,107.546,80.792,68.801,67.89,2299.399,2299.399,2299.399
-6.321,-0.075,0,38526.422,0,261,143.921,122.394,119.442,107.547,80.825,68.854,67.958,2299.395,2299.395,2299.395
-6.304,-0.069,0,38527.127,0,261,143.953,122.364,119.421,107.565,80.876,68.911,68.012,2299.424,2299.424,2299.424
-6.317,-0.068,0,38527.824,0,261,143.947,122.318,119.398,107.554,80.912,68.965,68.058,2299.42,2299.42,2299.42
-6.318,-0.066,0,38528.524,0,261,143.95,122.285,119.376,107.551,80.941,69.022,68.113,2299.419,2299.419,2299.419
-6.302,-0.067,0,38529.222,0,261,143.95,122.246,119.346,107.534,80.966,69.059,68.155,2299.408,2299.408,2299.408
-6.319,-0.065,0,38529.923,0,261,143.944,122.22,119.33,107.533,81.009,69.114,68.208,2299.423,2299.423,2299.423
-6.309,-0.063,0,38530.623,0,261,143.946,122.177,119.291,107.515,81.027,69.154,68.247,2299.397,2299.397,2299.397
-6.307,-0.061,0,38531.322,0,261,143.953,122.155,119.265,107.52,81.059,69.208,68.295,2299.418,2299.418,2299.418
-6.314,-0.061,0,38532.023,0,261,143.954,122.121,119.247,107.492,81.09,69.247,68.335,2299.404,2299.404,2299.404
-6.289,-0.056,0,38532.723,0,261,143.947,122.069,119.213,107.487,81.116,69.286,68.372,2299.398,2299.398,2299.398
-6.304,-0.05,0,38533.423,0,261,143.947,122.036,119.192,107.48,81.146,69.326,68.42,2299.404,2299.404,2299.404
-6.293,-0.047,0,38534.122,0,261,143.954,122.006,119.161,107.465,81.171,69.364,68.462,2299.409,2299.409,2299.409
-6.29,-0.042,0,38534.822,0,261,143.966,121.976,119.133,107.456,81.211,69.417,68.517,2299.42,2299.42,2299.42
-6.286,-0.037,0,38535.523,0,261,143.968,121.945,119.114,107.453,81.236,69.462,68.564,2299.422,2299.422,2299.422
-6.271,-0.031,0,38536.224,0,261,143.967,121.893,119.07,107.422,81.248,69.487,68.6,2299.398,2299.398,2299.398
-6.275,-0.025,0,38536.923,0,261,143.962,121.823,119.039,107.403,81.273,69.531,68.639,2299.393,2299.393,2299.393
-6.257,-0.022,0,38537.623,0,261,143.988,121.768,119.02,107.388,81.294,69.594,68.707,2299.413,2299.413,2299.413
-6.264,-0.019,0,38538.324,0,261,144.013,121.708,118.984,107.36,81.299,69.639,68.747,2299.409,2299.409,2299.409
-6.242,-0.015,0,38539.025,0,261,144.028,121.638,118.952,107.332,81.309,69.686,68.807,2299.414,2299.414,2299.414
-6.239,-0.015,0,38539.724,0,261,144.064,121.594,118.937,107.31,81.329,69.756,68.893,2299.435,2299.435,2299.435
-6.214,-0.015,0,38540.424,0,261,144.064,121.518,118.877,107.29,81.329,69.826,69.005,2299.424,2299.424,2299.424
-6.208,-0.015,0,38541.123,0,261,144.073,121.44,118.843,107.258,81.325,69.916,69.124,2299.415,2299.415,2299.415
-6.19,-0.015,0,38541.825,0,261,144.094,121.37,118.799,107.25,81.348,70.03,69.267,2299.421,2299.421,2299.421
-6.174,-0.015,0,38542.524,0,261,144.096,121.307,118.749,107.219,81.348,70.153,69.414,2299.406,2299.406,2299.406
-6.163,-0.014,0,38543.224,0,261,144.115,121.257,118.717,107.207,81.38,70.306,69.569,2299.419,2299.419,2299.419
-6.128,-0.014,0,38543.924,0,261,144.115,121.191,118.657,107.187,81.405,70.442,69.705,2299.408,2299.408,2299.408
-6.129,-0.014,0,38544.624,0,261,144.14,121.142,118.621,107.174,81.443,70.587,69.87,2299.426,2299.426,2299.426
-6.101,-0.015,0,38545.323,0,261,144.148,121.079,118.572,107.159,81.477,70.731,70.015,2299.416,2299.416,2299.416
-6.094,-0.014,0,38546.025,0,261,144.154,121.015,118.529,107.141,81.535,70.878,70.176,2299.416,2299.416,2299.416
-6.075,-0.014,0,38546.724,0,261,144.15,120.954,118.472,107.116,81.577,71.021,70.322,2299.406,2299.406,2299.406
-6.063,-0.015,0,38547.425,0,261,144.167,120.9,118.435,107.114,81.634,71.168,70.478,2299.417,2299.417,2299.417
-6.048,-0.015,0,38548.125,0,261,144.19,120.864,118.39,107.084,81.691,71.318,70.634,2299.426,2299.426,2299.426
-6.044,-0.014,0,38548.825,0,261,144.181,120.8,118.329,107.072,81.751,71.459,70.778,2299.42,2299.42,2299.42
-6.015,-0.015,0,38549.527,0,261,144.189,120.739,118.278,107.053,81.812,71.599,70.929,2299.409,2299.409,2299.409
-6.001,-0.015,0,38550.227,0,261,144.196,120.683,118.241,107.047,81.884,71.742,71.079,2299.409,2299.409,2299.409
-5.992,-0.015,0,38550.924,0,261,144.204,120.636,118.187,107.026,81.962,71.895,71.235,2299.419,2299.419,2299.419
-6.002,-0.015,0,38551.628,0,261,144.22,120.585,118.14,107,82.035,72.038,71.384,2299.42,2299.42,2299.42
-5.99,-0.014,0,38552.324,0,261,144.23,120.534,118.099,106.994,82.098,72.182,71.533,2299.419,2299.419,2299.419
-5.985,-0.015,0,38553.046,0,261,144.228,120.485,118.063,106.978,82.173,72.322,71.677,2299.418,2299.418,2299.418
-5.967,-0.014,0,38553.725,0,261,144.226,120.426,117.997,106.963,82.252,72.464,71.813,2299.416,2299.416,2299.416
-5.986,-0.015,0,38554.425,0,261,144.239,120.376,117.953,106.943,82.338,72.606,71.968,2299.419,2299.419,2299.419
-5.985,-0.015,0,38555.128,0,261,144.229,120.313,117.891,106.922,82.407,72.739,72.106,2299.402,2299.402,2299.402
-6.015,-0.015,0,38555.824,0,261,144.25,120.276,117.859,106.926,82.503,72.89,72.255,2299.425,2299.425,2299.425
-6.028,-0.014,0,38556.525,0,261,144.238,120.223,117.816,106.905,82.57,73.027,72.378,2299.416,2299.416,2299.416
-6.046,-0.015,0,38557.257,0,261,144.253,120.173,117.771,106.896,82.67,73.168,72.529,2299.43,2299.43,2299.43
-6.047,-0.015,0,38557.925,0,261,144.266,120.123,117.732,106.887,82.746,73.287,72.643,2299.422,2299.422,2299.422
-6.077,-0.015,0,38558.629,0,261,144.257,120.059,117.671,106.87,82.83,73.414,72.774,2299.41,2299.41,2299.41
-6.072,-0.014,0,38559.327,0,261,144.268,120.017,117.629,106.855,82.906,73.538,72.903,2299.417,2299.417,2299.417
-6.102,-0.015,0,38560.035,0,261,144.279,119.963,117.585,106.844,82.997,73.661,73.034,2299.417,2299.417,2299.417
-6.108,-0.015,0,38560.758,0,261,144.264,119.903,117.531,106.817,83.067,73.764,73.128,2299.393,2299.393,2299.393
-6.126,-0.015,0,38561.442,0,261,144.285,119.869,117.494,106.816,83.157,73.902,73.257,2299.416,2299.416,2299.416
-6.154,-0.015,0,38562.161,0,261,144.287,119.821,117.466,106.82,83.254,74.024,73.374,2299.427,2299.427,2299.427
-6.153,-0.014,0,38562.825,0,261,144.297,119.768,117.407,106.805,83.331,74.13,73.472,2299.422,2299.422,2299.422
-6.187,-0.015,0,38563.532,0,261,144.305,119.723,117.372,106.801,83.416,74.228,73.566,2299.426,2299.426,2299.426
-6.199,-0.015,0,38564.228,0,261,144.293,119.67,117.313,106.779,83.487,74.328,73.644,2299.41,2299.41,2299.41
-6.212,-0.015,0,38564.958,0,261,144.309,119.631,117.29,106.784,83.571,74.42,73.726,2299.43,2299.43,2299.43
-6.236,-0.014,0,38565.628,0,261,144.306,119.578,117.227,106.758,83.644,74.488,73.78,2299.409,2299.409,2299.409
-6.23,-0.02,0,38566.325,0,261,144.317,119.527,117.192,106.765,83.723,74.55,73.815,2299.421,2299.421,2299.421
-6.246,-0.028,0,38567.031,0,261,144.319,119.477,117.146,106.763,83.798,74.584,73.79,2299.421,2299.421,2299.421
-6.248,-0.038,0,38567.724,0,261,144.3,119.432,117.105,106.745,83.862,74.573,73.755,2299.409,2299.409,2299.409
-6.25,-0.051,0,38568.427,0,261,144.319,119.402,117.063,106.767,83.96,74.552,73.721,2299.428,2299.428,2299.428
-6.268,-0.063,0,38569.126,0,261,144.303,119.376,117.024,106.779,84.033,74.531,73.675,2299.42,2299.42,2299.42
-6.26,-0.073,0,38569.825,0,261,144.292,119.366,116.993,106.804,84.138,74.494,73.633,2299.423,2299.423,2299.423
-6.276,-0.088,0,38570.555,0,261,144.254,119.381,116.952,106.812,84.214,74.46,73.581,2299.413,2299.413,2299.413
-6.275,-0.093,0,38571.233,0,261,144.234,119.417,116.913,106.816,84.294,74.43,73.552,2299.417,2299.417,2299.417
-6.263,-0.093,0,38571.927,0,261,144.214,119.448,116.897,106.828,84.357,74.403,73.521,2299.424,2299.424,2299.424
-6.281,-0.099,0,38572.625,0,261,144.203,119.479,116.88,106.818,84.417,74.384,73.48,2299.431,2299.431,2299.431
-6.271,-0.102,0,38573.349,0,261,144.171,119.503,116.862,106.818,84.458,74.355,73.458,2299.44,2299.44,2299.44
-6.273,-0.107,0,38574.025,0,261,144.151,119.504,116.829,106.788,84.465,74.321,73.425,2299.415,2299.415,2299.415
-6.281,-0.109,0,38574.732,0,261,144.138,119.512,116.813,106.791,84.5,74.298,73.39,2299.419,2299.419,2299.419
-6.265,-0.114,0,38575.427,0,261,144.129,119.525,116.806,106.768,84.517,74.276,73.374,2299.43,2299.43,2299.43
-6.278,-0.114,0,38576.128,0,261,144.104,119.517,116.795,106.761,84.529,74.256,73.354,2299.425,2299.425,2299.425
-6.281,-0.118,0,38576.833,0,261,144.075,119.515,116.793,106.748,84.525,74.228,73.318,2299.408,2299.408,2299.408
-6.262,-0.118,0,38577.543,0,261,144.055,119.523,116.777,106.733,84.542,74.198,73.292,2299.414,2299.414,2299.414
-6.283,-0.121,0,38578.229,0,261,144.044,119.533,116.784,106.729,84.551,74.183,73.277,2299.421,2299.421,2299.421
-6.287,-0.137,0,38578.947,0,261,144.032,119.533,116.778,106.726,84.557,74.17,73.263,2299.424,2299.424,2299.424
-6.278,-0.141,0,38579.632,0,261,144.019,119.544,116.769,106.719,84.549,74.149,73.239,2299.429,2299.429,2299.429
-6.301,-0.149,0,38580.325,0,261,144.011,119.529,116.76,106.693,84.538,74.119,73.21,2299.418,2299.418,2299.418
-6.301,-0.181,0,38581.027,0,261,143.992,119.529,116.768,106.683,84.548,74.108,73.2,2299.424,2299.424,2299.424
-6.309,-0.221,0,38581.73,0,261,143.981,119.545,116.774,106.685,84.534,74.094,73.176,2299.435,2299.435,2299.435
-6.326,-0.262,0,38582.436,0,261,143.959,119.542,116.759,106.662,84.517,74.073,73.148,2299.424,2299.424,2299.424
-6.316,-0.306,0,38583.135,0,261,143.947,119.552,116.755,106.659,84.52,74.037,73.134,2299.431,2299.431,2299.431
-6.344,-0.351,0,38583.826,0,261,143.928,119.565,116.756,106.644,84.503,74.006,73.096,2299.431,2299.431,2299.431
-6.343,-0.401,0,38584.527,0,261,143.914,119.561,116.74,106.627,84.494,73.979,73.059,2299.42,2299.42,2299.42
-6.358,-0.448,0,38585.255,0,261,143.888,119.583,116.746,106.616,84.474,73.957,73.017,2299.416,2299.416,2299.416
-6.365,-0.497,0,38585.938,0,261,143.88,119.6,116.748,106.599,84.474,73.931,72.998,2299.429,2299.429,2299.429
-6.373,-0.548,0,38586.628,0,261,143.852,119.613,116.745,106.576,84.451,73.887,72.947,2299.42,2299.42,2299.42
-6.383,-0.599,0,38587.329,0,261,143.838,119.635,116.758,106.573,84.426,73.853,72.929,2299.436,2299.436,2299.436
-6.393,-0.651,0,38588.026,0,261,143.807,119.653,116.755,106.563,84.407,73.821,72.878,2299.43,2299.43,2299.43
-6.398,-0.703,0,38588.728,0,261,143.774,119.661,116.755,106.537,84.381,73.773,72.82,2299.41,2299.41,2299.41
-6.414,-0.757,0,38589.426,0,261,143.771,119.704,116.769,106.538,84.37,73.745,72.793,2299.441,2299.441,2299.441
-6.405,-0.806,0,38590.133,0,261,143.735,119.715,116.777,106.513,84.35,73.696,72.752,2299.43,2299.43,2299.43
-6.433,-0.859,0,38590.832,0,261,143.729,119.737,116.787,106.491,84.326,73.662,72.704,2299.436,2299.436,2299.436
-6.425,-0.914,0,38591.529,0,261,143.706,119.769,116.788,106.488,84.31,73.611,72.642,2299.429,2299.429,2299.429
-6.447,-0.967,0,38592.229,0,261,143.675,119.785,116.793,106.464,84.284,73.548,72.574,2299.422,2299.422,2299.422
-6.453,-1.023,0,38592.929,0,261,143.663,119.802,116.81,106.457,84.267,73.516,72.528,2299.437,2299.437,2299.437
-6.455,-1.08,0,38593.63,0,261,143.637,119.822,116.807,106.443,84.24,73.432,72.455,2299.419,2299.419,2299.419
-6.475,-1.14,0,38594.326,0,261,143.623,119.85,116.831,106.44,84.238,73.378,72.391,2299.443,2299.443,2299.443
-6.464,-1.203,0,38595.027,0,261,143.602,119.88,116.848,106.421,84.217,73.327,72.324,2299.45,2299.45,2299.45
-6.489,-1.273,0,38595.75,0,261,143.56,119.89,116.841,106.406,84.178,73.247,72.259,2299.423,2299.423,2299.423
-6.494,-1.35,0,38596.451,0,261,143.539,119.921,116.861,106.404,84.155,73.193,72.192,2299.435,2299.435,2299.435
-6.494,-1.423,0,38597.128,0,261,143.529,119.941,116.875,106.393,84.127,73.129,72.122,2299.43,2299.43,2299.43
-6.512,-1.489,0,38597.838,0,261,143.497,119.964,116.881,106.388,84.082,73.063,72.05,2299.422,2299.422,2299.422
-6.503,-1.567,0,38598.528,0,261,143.483,120.007,116.91,106.381,84.056,72.98,71.976,2299.432,2299.432,2299.432
-6.522,-1.639,0,38599.233,0,261,143.457,120.042,116.918,106.39,84.018,72.925,71.921,2299.438,2299.438,2299.438
-6.534,-1.714,0,38599.932,0,261,143.438,120.075,116.933,106.391,83.987,72.865,71.86,2299.435,2299.435,2299.435
-6.523,-1.796,0,38600.633,0,261,143.404,120.104,116.939,106.383,83.941,72.789,71.787,2299.419,2299.419,2299.419
-6.551,-1.886,0,38601.34,0,261,143.382,120.134,116.969,106.405,83.917,72.743,71.738,2299.434,2299.434,2299.434
-6.55,-1.963,0,38602.028,0,261,143.353,120.161,116.977,106.423,83.87,72.682,71.679,2299.425,2299.425,2299.425
-6.561,-2.06,0,38602.729,0,261,143.336,120.195,116.997,106.424,83.831,72.616,71.615,2299.419,2299.419,2299.419
-6.567,-2.154,0,38603.442,0,261,143.317,120.219,117.024,106.444,83.786,72.565,71.569,2299.435,2299.435,2299.435
-6.572,-2.231,0,38604.157,0,261,143.307,120.25,117.034,106.466,83.748,72.511,71.51,2299.433,2299.433,2299.433
-6.583,-2.302,0,38604.83,0,261,143.287,120.265,117.07,106.484,83.699,72.463,71.458,2299.437,2299.437,2299.437
-6.575,-2.366,0,38605.528,0,261,143.263,120.276,117.089,106.507,83.666,72.408,71.392,2299.431,2299.431,2299.431
-6.592,-2.366,0,38606.229,0,261,143.248,120.295,117.1,106.514,83.613,72.341,71.33,2299.428,2299.428,2299.428
-6.572,-2.386,0,38606.927,0,261,143.226,120.315,117.128,106.535,83.575,72.289,71.286,2299.434,2299.434,2299.434
-6.599,-2.458,0,38607.629,0,261,143.211,120.328,117.145,106.537,83.541,72.228,71.237,2299.432,2299.432,2299.432
-6.59,-2.534,0,38608.327,0,261,143.195,120.343,117.158,106.567,83.495,72.173,71.176,2299.429,2299.429,2299.429
-6.612,-2.604,0,38609.03,0,261,143.187,120.367,117.196,106.58,83.463,72.142,71.145,2299.447,2299.447,2299.447
-6.605,-2.655,0,38609.729,0,261,143.151,120.377,117.198,106.585,83.412,72.078,71.089,2299.429,2299.429,2299.429
-6.626,-2.706,0,38610.457,0,261,143.145,120.395,117.227,106.596,83.378,72.03,71.034,2299.433,2299.433,2299.433
-6.632,-2.77,0,38611.132,0,261,143.138,120.407,117.244,106.619,83.348,71.991,70.989,2299.434,2299.434,2299.434
-6.642,-2.834,0,38611.828,0,261,143.118,120.418,117.249,106.617,83.311,71.943,70.945,2299.435,2299.435,2299.435
-6.631,-2.895,0,38612.532,0,261,143.095,120.427,117.269,106.636,83.275,71.902,70.901,2299.436,2299.436,2299.436
-6.657,-2.936,0,38613.228,0,261,143.083,120.437,117.281,106.627,83.237,71.849,70.852,2299.43,2299.43,2299.43
-6.643,-2.983,0,38613.929,0,261,143.07,120.452,117.309,106.641,83.208,71.806,70.796,2299.43,2299.43,2299.43
-6.672,-3.043,0,38614.631,0,261,143.055,120.458,117.324,106.637,83.169,71.757,70.76,2299.435,2299.435,2299.435
-6.667,-3.112,0,38615.329,0,261,143.041,120.468,117.331,106.636,83.148,71.698,70.698,2299.43,2299.43,2299.43
-6.683,-3.171,0,38616.042,0,261,143.034,120.486,117.354,106.631,83.117,71.665,70.654,2299.445,2299.445,2299.445
-6.691,-3.217,0,38616.73,0,261,143.014,120.484,117.359,106.621,83.073,71.605,70.596,2299.432,2299.432,2299.432
-6.681,-3.261,0,38617.431,0,261,142.991,120.5,117.379,106.62,83.041,71.55,70.549,2299.436,2299.436,2299.436
-6.708,-3.328,0,38618.13,0,261,142.973,120.512,117.396,106.585,83.005,71.489,70.481,2299.425,2299.425,2299.425
-6.707,-3.388,0,38618.829,0,261,142.953,120.539,117.404,106.581,82.978,71.432,70.417,2299.429,2299.429,2299.429
-6.714,-3.441,0,38619.531,0,261,142.938,120.553,117.403,106.562,82.936,71.382,70.368,2299.42,2299.42,2299.42
-6.73,-3.504,0,38620.232,0,261,142.928,120.572,117.432,106.547,82.92,71.331,70.309,2299.432,2299.432,2299.432
-6.727,-3.567,0,38620.93,0,261,142.908,120.585,117.447,106.527,82.886,71.265,70.253,2299.435,2299.435,2299.435
-6.736,-3.644,0,38621.634,0,261,142.895,120.604,117.457,106.5,82.864,71.211,70.199,2299.435,2299.435,2299.435
-6.75,-3.715,0,38622.332,0,261,142.886,120.624,117.468,106.501,82.826,71.156,70.146,2299.436,2299.436,2299.436
-6.75,-3.786,0,38623.03,0,261,142.861,120.641,117.476,106.489,82.796,71.098,70.081,2299.436,2299.436,2299.436
-6.742,-3.848,0,38623.738,0,261,142.842,120.649,117.487,106.468,82.76,71.031,70.026,2299.427,2299.427,2299.427
-6.766,-3.91,0,38624.43,0,261,142.835,120.673,117.504,106.457,82.729,70.982,69.973,2299.434,2299.434,2299.434
-6.774,-3.968,0,38625.128,0,261,142.831,120.695,117.525,106.454,82.707,70.935,69.918,2299.449,2299.449,2299.449
-6.769,-4.024,0,38625.843,0,261,142.804,120.712,117.516,106.432,82.667,70.88,69.847,2299.441,2299.441,2299.441
-6.771,-4.092,0,38626.53,0,261,142.785,120.719,117.522,106.399,82.641,70.816,69.791,2299.434,2299.434,2299.434
-6.791,-4.147,0,38627.23,0,261,142.78,120.746,117.555,106.396,82.612,70.771,69.743,2299.456,2299.456,2299.456
-6.799,-4.196,0,38627.934,0,261,142.747,120.764,117.559,106.367,82.578,70.7,69.677,2299.441,2299.441,2299.441
-6.797,-4.264,0,38628.63,0,261,142.739,120.778,117.574,106.355,82.549,70.646,69.622,2299.444,2299.444,2299.444
-6.788,-4.323,0,38629.332,0,261,142.722,120.801,117.584,106.339,82.504,70.598,69.564,2299.448,2299.448,2299.448
-6.805,-4.377,0,38630.03,0,261,142.706,120.806,117.601,106.335,82.483,70.537,69.509,2299.45,2299.45,2299.45
-6.817,-4.428,0,38630.73,0,261,142.685,120.826,117.597,106.301,82.441,70.475,69.44,2299.423,2299.423,2299.423
-6.824,-4.479,0,38631.429,0,261,142.672,120.831,117.605,106.289,82.396,70.419,69.379,2299.428,2299.428,2299.428
-6.823,-4.521,0,38632.129,0,261,142.672,120.868,117.635,106.306,82.375,70.373,69.349,2299.459,2299.459,2299.459
-6.817,-4.576,0,38632.83,0,261,142.642,120.866,117.638,106.264,82.34,70.312,69.281,2299.438,2299.438,2299.438
-6.82,-4.618,0,38633.53,0,261,142.633,120.894,117.645,106.263,82.3,70.262,69.225,2299.446,2299.446,2299.446
-6.838,-4.647,0,38634.232,0,261,142.604,120.917,117.665,106.242,82.294,70.206,69.171,2299.457,2299.457,2299.457
-6.849,-4.697,0,38634.932,0,261,142.586,120.926,117.665,106.209,82.244,70.137,69.107,2299.433,2299.433,2299.433
-6.852,-4.741,0,38635.631,0,261,142.566,120.951,117.672,106.19,82.229,70.096,69.054,2299.44,2299.44,2299.44
-6.852,-4.782,0,38636.335,0,261,142.542,120.966,117.686,106.165,82.207,70.036,68.995,2299.43,2299.43,2299.43
-6.847,-4.815,0,38637.032,0,261,142.535,121.008,117.712,106.166,82.183,70.002,68.957,2299.462,2299.462,2299.462
-6.842,-4.853,0,38637.732,0,261,142.512,121.011,117.712,106.137,82.165,69.945,68.903,2299.45,2299.45,2299.45
-6.852,-4.878,0,38638.429,0,261,142.493,121.026,117.733,106.13,82.127,69.89,68.861,2299.447,2299.447,2299.447
-6.866,-4.915,0,38639.13,0,261,142.47,121.053,117.739,106.103,82.108,69.849,68.808,2299.441,2299.441,2299.441
-6.875,-4.957,0,38639.834,0,261,142.453,121.061,117.751,106.091,82.088,69.799,68.767,2299.438,2299.438,2299.438
-6.883,-5.007,0,38640.534,0,261,142.438,121.102,117.758,106.093,82.074,69.758,68.715,2299.442,2299.442,2299.442
-6.887,-5.041,0,38641.25,0,261,142.401,121.115,117.774,106.071,82.051,69.702,68.679,2299.431,2299.431,2299.431
-6.883,-5.042,0,38641.937,0,261,142.391,121.144,117.793,106.085,82.042,69.67,68.647,2299.442,2299.442,2299.442
-6.877,-5.041,0,38642.633,0,261,142.365,121.174,117.801,106.063,82.009,69.628,68.596,2299.436,2299.436,2299.436
-6.868,-5.041,0,38643.342,0,261,142.352,121.193,117.82,106.054,82.01,69.592,68.557,2299.441,2299.441,2299.441
-6.865,-5.04,0,38644.032,0,261,142.325,121.219,117.836,106.052,81.985,69.559,68.515,2299.441,2299.441,2299.441
-6.869,-5.04,0,38644.735,0,261,142.319,121.233,117.85,106.041,81.964,69.512,68.471,2299.435,2299.435,2299.435
-6.924,-5.162,0,38645.433,0,261,142.299,121.251,117.868,106.043,81.934,69.483,68.438,2299.44,2299.44,2299.44
-6.93,-5.129,0,38646.132,0,261,142.284,121.284,117.876,106.028,81.951,69.44,68.401,2299.446,2299.446,2299.446
-6.933,-5.121,0,38646.831,0,261,142.262,121.31,117.898,106.021,81.956,69.397,68.34,2299.447,2299.447,2299.447
-6.93,-5.068,0,38647.533,0,261,142.246,121.333,117.913,106.009,81.945,69.347,68.275,2299.444,2299.444,2299.444
-6.92,-4.995,0,38648.232,0,261,142.228,121.341,117.928,106.001,81.934,69.285,68.209,2299.44,2299.44,2299.44
-6.912,-4.962,0,38648.938,0,261,142.21,121.374,117.948,106,81.918,69.227,68.146,2299.444,2299.444,2299.444
-6.906,-4.939,0,38649.634,0,261,142.191,121.394,117.954,105.988,81.891,69.174,68.091,2299.445,2299.445,2299.445
-6.898,-4.896,0,38650.344,0,261,142.176,121.403,117.979,105.976,81.862,69.104,68.021,2299.442,2299.442,2299.442
-6.889,-4.856,0,38651.03,0,261,142.17,121.437,118.002,105.992,81.847,69.049,67.965,2299.464,2299.464,2299.464
-6.883,-4.818,0,38651.756,0,261,142.149,121.45,118.005,105.97,81.805,68.985,67.89,2299.446,2299.446,2299.446
-6.879,-4.793,0,38652.45,0,261,142.135,121.463,118.035,105.979,81.766,68.933,67.831,2299.462,2299.462,2299.462
-6.877,-4.747,0,38653.134,0,261,142.107,121.468,118.037,105.964,81.713,68.843,67.756,2299.44,2299.44,2299.44
-6.869,-4.677,0,38653.831,0,261,142.095,121.49,118.05,105.959,81.672,68.778,67.698,2299.44,2299.44,2299.44
-6.86,-4.606,0,38654.553,0,261,142.074,121.489,118.066,105.952,81.626,68.716,67.621,2299.434,2299.434,2299.434
-6.853,-4.532,0,38655.231,0,261,142.068,121.516,118.079,105.962,81.585,68.662,67.573,2299.446,2299.446,2299.446
-6.846,-4.454,0,38655.933,0,261,142.053,121.522,118.097,105.965,81.537,68.605,67.516,2299.449,2299.449,2299.449
-6.844,-4.377,0,38656.635,0,261,142.053,121.534,118.114,105.966,81.479,68.554,67.475,2299.451,2299.451,2299.451
-6.838,-4.312,0,38657.34,0,261,142.028,121.53,118.116,105.965,81.433,68.508,67.434,2299.449,2299.449,2299.449
-6.832,-4.235,0,38658.034,0,261,142.02,121.555,118.133,105.978,81.38,68.465,67.396,2299.454,2299.454,2299.454
-6.826,-4.146,0,38658.756,0,261,142.01,121.563,118.15,105.98,81.33,68.429,67.377,2299.46,2299.46,2299.46
-6.819,-4.058,0,38659.434,0,261,141.992,121.555,118.158,105.985,81.265,68.403,67.343,2299.453,2299.453,2299.453
-6.813,-3.983,0,38660.133,0,261,141.992,121.569,118.17,105.998,81.22,68.373,67.325,2299.454,2299.454,2299.454
-6.806,-3.913,0,38660.833,0,261,141.977,121.573,118.176,106.001,81.164,68.351,67.312,2299.449,2299.449,2299.449
-6.797,-3.851,0,38661.535,0,261,141.968,121.585,118.192,106.007,81.126,68.337,67.303,2299.463,2299.463,2299.463
-6.788,-3.795,0,38662.255,0,261,141.954,121.583,118.204,106.009,81.077,68.314,67.28,2299.448,2299.448,2299.448
-6.776,-3.739,0,38662.931,0,261,141.95,121.596,118.221,106.038,81.039,68.315,67.283,2299.474,2299.474,2299.474
-6.761,-3.689,0,38663.633,0,261,141.929,121.59,118.219,106.032,80.983,68.286,67.262,2299.452,2299.452,2299.452
-6.752,-3.643,0,38664.333,0,261,141.926,121.582,118.226,106.039,80.939,68.281,67.249,2299.451,2299.451,2299.451
-6.751,-3.601,0,38665.07,0,261,141.922,121.592,118.232,106.053,80.918,68.275,67.249,2299.461,2299.461,2299.461
-6.752,-3.557,0,38665.731,0,261,141.894,121.606,118.242,106.052,80.885,68.261,67.244,2299.452,2299.452,2299.452
-6.753,-3.537,0,38666.435,0,261,141.892,121.59,118.243,106.069,80.848,68.253,67.235,2299.45,2299.45,2299.45
-6.756,-3.538,0,38667.139,0,261,141.889,121.607,118.255,106.072,80.812,68.238,67.228,2299.448,2299.448,2299.448
-6.758,-3.518,0,38667.836,0,261,141.867,121.619,118.271,106.075,80.794,68.239,67.238,2299.458,2299.458,2299.458
-6.757,-3.503,0,38668.538,0,261,141.863,121.645,118.275,106.091,80.777,68.237,67.233,2299.474,2299.474,2299.474
-6.75,-3.457,0,38669.232,0,261,141.849,121.652,118.278,106.078,80.742,68.214,67.218,2299.453,2299.453,2299.453
-6.74,-3.413,0,38669.933,0,261,141.817,121.676,118.277,106.075,80.714,68.225,67.207,2299.452,2299.452,2299.452
-6.726,-3.383,0,38670.645,0,261,141.81,121.695,118.289,106.082,80.712,68.213,67.21,2299.459,2299.459,2299.459
-6.722,-3.34,0,38671.335,0,261,141.794,121.718,118.297,106.078,80.679,68.219,67.212,2299.46,2299.46,2299.46
-6.726,-3.276,0,38672.042,0,261,141.783,121.725,118.306,106.076,80.681,68.207,67.207,2299.448,2299.448,2299.448
-6.73,-3.222,0,38672.733,0,261,141.761,121.752,118.318,106.087,80.66,68.198,67.204,2299.457,2299.457,2299.457
-6.731,-3.165,0,38673.434,0,261,141.739,121.759,118.328,106.078,80.643,68.188,67.198,2299.45,2299.45,2299.45
-6.728,-3.1,0,38674.134,0,261,141.736,121.768,118.334,106.085,80.63,68.186,67.18,2299.446,2299.446,2299.446
-6.72,-3.054,0,38674.839,0,261,141.723,121.792,118.353,106.095,80.633,68.193,67.193,2299.463,2299.463,2299.463
-6.707,-2.991,0,38675.536,0,261,141.705,121.798,118.371,106.088,80.628,68.182,67.179,2299.457,2299.457,2299.457
-6.707,-2.923,0,38676.234,0,261,141.697,121.79,118.374,106.088,80.644,68.174,67.172,2299.451,2299.451,2299.451
-6.711,-2.847,0,38676.934,0,261,141.684,121.794,118.378,106.087,80.655,68.171,67.167,2299.457,2299.457,2299.457
-6.708,-2.75,0,38677.633,0,261,141.687,121.794,118.402,106.089,80.656,68.165,67.16,2299.468,2299.468,2299.468
-6.698,-2.649,0,38678.338,0,261,141.664,121.781,118.406,106.09,80.666,68.155,67.156,2299.461,2299.461,2299.461
-6.681,-2.541,0,38679.043,0,261,141.671,121.782,118.411,106.076,80.671,68.156,67.15,2299.461,2299.461,2299.461
-6.655,-2.425,0,38679.733,0,261,141.648,121.764,118.412,106.079,80.677,68.142,67.131,2299.452,2299.452,2299.452
-6.651,-2.307,0,38680.435,0,261,141.652,121.768,118.428,106.07,80.674,68.152,67.151,2299.469,2299.469,2299.469
-6.644,-2.183,0,38681.14,0,261,141.639,121.773,118.434,106.083,80.669,68.142,67.139,2299.474,2299.474,2299.474
-6.634,-2.073,0,38681.834,0,261,141.641,121.75,118.428,106.069,80.662,68.139,67.13,2299.463,2299.463,2299.463
-6.619,-1.975,0,38682.533,0,261,141.632,121.747,118.435,106.081,80.658,68.143,67.142,2299.459,2299.459,2299.459
-6.6,-1.885,0,38683.237,0,261,141.623,121.746,118.446,106.08,80.659,68.141,67.147,2299.465,2299.465,2299.465
-6.576,-1.795,0,38683.933,0,261,141.609,121.729,118.441,106.087,80.643,68.146,67.148,2299.461,2299.461,2299.461
-6.573,-1.719,0,38684.64,0,261,141.616,121.729,118.445,106.086,80.623,68.149,67.166,2299.463,2299.463,2299.463
-6.572,-1.659,0,38685.336,0,261,141.603,121.707,118.44,106.091,80.611,68.156,67.175,2299.458,2299.458,2299.458
-6.565,-1.593,0,38686.035,0,261,141.598,121.702,118.429,106.091,80.592,68.18,67.183,2299.463,2299.463,2299.463
-6.55,-1.505,0,38686.733,0,261,141.603,121.688,118.43,106.101,80.579,68.182,67.187,2299.469,2299.469,2299.469
-6.531,-1.44,0,38687.434,0,261,141.604,121.662,118.427,106.11,80.565,68.192,67.191,2299.467,2299.467,2299.467
-6.507,-1.379,0,38688.135,0,261,141.601,121.631,118.423,106.129,80.546,68.191,67.197,2299.462,2299.462,2299.462
-6.499,-1.306,0,38688.838,0,261,141.605,121.61,118.425,106.173,80.533,68.204,67.217,2299.473,2299.473,2299.473
-6.497,-1.234,0,38689.535,0,261,141.603,121.583,118.414,106.191,80.506,68.202,67.221,2299.458,2299.458,2299.458
-6.496,-1.191,0,38690.235,0,261,141.615,121.551,118.403,106.24,80.495,68.224,67.231,2299.468,2299.468,2299.468
-6.482,-1.128,0,38690.94,0,261,141.614,121.516,118.393,106.276,80.488,68.233,67.247,2299.468,2299.468,2299.468
-6.456,-1.063,0,38691.635,0,261,141.607,121.499,118.385,106.324,80.481,68.244,67.273,2299.465,2299.465,2299.465
-6.46,-1.013,0,38692.342,0,261,141.617,121.476,118.385,106.363,80.475,68.268,67.306,2299.474,2299.474,2299.474
-6.459,-0.963,0,38693.041,0,261,141.605,121.441,118.363,106.385,80.458,68.282,67.325,2299.464,2299.464,2299.464
-6.447,-0.918,0,38693.733,0,261,141.616,121.419,118.353,106.415,80.452,68.31,67.357,2299.469,2299.469,2299.469
-6.424,-0.866,0,38694.435,0,261,141.612,121.387,118.34,106.438,80.427,68.332,67.385,2299.461,2299.461,2299.461
-6.435,-0.825,0,38695.139,0,261,141.609,121.362,118.337,106.472,80.435,68.365,67.428,2299.472,2299.472,2299.472
-6.431,-0.773,0,38695.845,0,261,141.622,121.34,118.326,106.487,80.432,68.401,67.448,2299.473,2299.473,2299.473
-6.406,-0.728,0,38696.535,0,261,141.611,121.319,118.301,106.503,80.43,68.428,67.484,2299.475,2299.475,2299.475
-6.412,-0.686,0,38697.234,0,261,141.613,121.284,118.291,106.504,80.424,68.461,67.512,2299.467,2299.467,2299.467
-6.412,-0.642,0,38697.938,0,261,141.614,121.274,118.287,106.519,80.433,68.492,67.53,2299.481,2299.481,2299.481
-6.385,-0.592,0,38698.637,0,261,141.61,121.233,118.255,106.52,80.435,68.501,67.561,2299.471,2299.471,2299.471
-6.395,-0.553,0,38699.335,0,261,141.598,121.216,118.25,106.527,80.424,68.531,67.589,2299.459,2299.459,2299.459
-6.384,-0.506,0,38700.033,0,261,141.618,121.2,118.24,106.529,80.44,68.567,67.626,2299.479,2299.479,2299.479
-6.37,-0.467,0,38700.735,0,261,141.595,121.176,118.22,106.53,80.439,68.578,67.654,2299.461,2299.461,2299.461
-6.374,-0.421,0,38701.436,0,261,141.61,121.153,118.196,106.53,80.458,68.611,67.693,2299.464,2299.464,2299.464
-6.345,-0.378,0,38702.142,0,261,141.603,121.126,118.199,106.543,80.471,68.662,67.737,2299.481,2299.481,2299.481
-6.359,-0.339,0,38702.836,0,261,141.612,121.11,118.17,106.523,80.482,68.679,67.764,2299.467,2299.467,2299.467
-6.332,-0.3,0,38703.534,0,261,141.59,121.079,118.151,106.518,80.493,68.72,67.807,2299.461,2299.461,2299.461
-6.344,-0.261,0,38704.237,0,261,141.593,121.042,118.133,106.521,80.508,68.763,67.856,2299.463,2299.463,2299.463
-6.319,-0.225,0,38704.935,0,261,141.582,121.033,118.127,106.507,80.519,68.795,67.888,2299.454,2299.454,2299.454
-6.333,-0.192,0,38705.637,0,261,141.592,121.002,118.105,106.507,80.538,68.852,67.942,2299.471,2299.471,2299.471
-6.307,-0.162,0,38706.346,0,261,141.595,120.991,118.087,106.499,80.563,68.891,67.992,2299.484,2299.484,2299.484
-6.324,-0.139,0,38707.041,0,261,141.598,120.952,118.067,106.497,80.571,68.926,68.035,2299.461,2299.461,2299.461
-6.307,-0.118,0,38707.737,0,261,141.599,120.928,118.05,106.497,80.607,68.987,68.096,2299.479,2299.479,2299.479
-6.318,-0.099,0,38708.453,0,261,141.584,120.887,118.029,106.48,80.634,69.025,68.13,2299.462,2299.462,2299.462
-6.312,-0.085,0,38709.135,0,261,141.588,120.856,118.019,106.483,80.666,69.074,68.184,2299.468,2299.468,2299.468
-6.312,-0.078,0,38709.842,0,261,141.576,120.819,117.972,106.474,80.683,69.115,68.229,2299.446,2299.446,2299.446
-6.316,-0.072,0,38710.536,0,261,141.605,120.775,117.97,106.48,80.732,69.182,68.304,2299.47,2299.47,2299.47
-6.3,-0.069,0,38711.236,0,261,141.601,120.748,117.945,106.487,80.774,69.227,68.355,2299.476,2299.476,2299.476
-6.318,-0.068,0,38711.962,0,261,141.612,120.706,117.919,106.486,80.794,69.274,68.398,2299.474,2299.474,2299.474
-6.305,-0.069,0,38712.649,0,261,141.614,120.669,117.897,106.472,80.828,69.328,68.449,2299.473,2299.473,2299.473
-6.313,-0.066,0,38713.336,0,261,141.611,120.632,117.867,106.47,80.864,69.372,68.488,2299.469,2299.469,2299.469
-6.314,-0.066,0,38714.041,0,261,141.616,120.609,117.852,106.458,80.892,69.422,68.544,2299.481,2299.481,2299.481
-6.297,-0.064,0,38714.739,0,261,141.614,120.575,117.827,106.443,80.912,69.468,68.574,2299.477,2299.477,2299.477
-6.313,-0.065,0,38715.467,0,261,141.621,120.538,117.798,106.439,80.947,69.514,68.622,2299.479,2299.479,2299.479
-6.3,-0.058,0,38716.136,0,261,141.617,120.505,117.762,106.425,80.964,69.544,68.652,2299.468,2299.468,2299.468
-6.296,-0.056,0,38716.835,0,261,141.622,120.475,117.738,106.41,80.993,69.585,68.692,2299.472,2299.472,2299.472
-6.302,-0.05,0,38717.536,0,261,141.614,120.454,117.722,106.41,81.026,69.623,68.737,2299.48,2299.48,2299.48
-6.284,-0.046,0,38718.237,0,261,141.614,120.408,117.684,106.389,81.057,69.676,68.775,2299.481,2299.481,2299.481
-6.283,-0.04,0,38718.939,0,261,141.615,120.373,117.669,106.393,81.077,69.703,68.813,2299.485,2299.485,2299.485
-6.283,-0.036,0,38719.639,0,261,141.631,120.326,117.627,106.367,81.108,69.741,68.854,2299.472,2299.472,2299.472
-6.267,-0.029,0,38720.349,0,261,141.639,120.29,117.611,106.354,81.137,69.787,68.905,2299.482,2299.482,2299.482
-6.255,-0.025,0,38721.043,0,261,141.648,120.225,117.579,106.332,81.141,69.828,68.948,2299.481,2299.481,2299.481
-6.264,-0.021,0,38721.736,0,261,141.655,120.158,117.548,106.309,81.156,69.869,68.992,2299.468,2299.468,2299.468
-6.251,-0.018,0,38722.477,0,261,141.671,120.092,117.517,106.287,81.161,69.916,69.042,2299.477,2299.477,2299.477
-6.218,-0.017,0,38723.136,0,261,141.681,120.023,117.475,106.255,81.164,69.967,69.122,2299.474,2299.474,2299.474
-6.216,-0.018,0,38723.836,0,261,141.696,119.96,117.44,106.234,81.172,70.04,69.23,2299.469,2299.469,2299.469
-6.21,-0.017,0,38724.55,0,261,141.719,119.9,117.411,106.215,81.194,70.15,69.367,2299.481,2299.481,2299.481
-6.185,-0.018,0,38725.236,0,261,141.726,119.834,117.371,106.194,81.194,70.257,69.495,2299.473,2299.473,2299.473
-6.152,-0.017,0,38725.95,0,261,141.748,119.769,117.329,106.188,81.209,70.388,69.639,2299.48,2299.48,2299.48
-6.155,-0.017,0,38726.644,0,261,141.742,119.71,117.284,106.16,81.233,70.517,69.779,2299.463,2299.463,2299.463
-6.139,-0.018,0,38727.337,0,261,141.772,119.651,117.241,106.151,81.268,70.65,69.942,2299.481,2299.481,2299.481
-6.12,-0.017,0,38728.037,0,261,141.777,119.596,117.195,106.138,81.298,70.794,70.086,2299.484,2299.484,2299.484
-6.09,-0.018,0,38728.736,0,261,141.782,119.534,117.156,106.116,81.343,70.928,70.239,2299.484,2299.484,2299.484
-6.092,-0.018,0,38729.44,0,261,141.777,119.474,117.095,106.092,81.372,71.059,70.376,2299.461,2299.461,2299.461
-6.082,-0.018,0,38730.155,0,261,141.796,119.434,117.05,106.08,81.433,71.218,70.53,2299.482,2299.482,2299.482
-6.056,-0.018,0,38730.837,0,261,141.795,119.373,117.008,106.06,81.474,71.354,70.685,2299.475,2299.475,2299.475
-6.04,-0.018,0,38731.545,0,261,141.808,119.324,116.953,106.052,81.547,71.496,70.828,2299.476,2299.476,2299.476
-6.035,-0.017,0,38732.237,0,261,141.813,119.273,116.916,106.037,81.602,71.643,70.978,2299.487,2299.487,2299.487
-6.012,-0.018,0,38732.94,0,261,141.821,119.219,116.87,106.027,81.659,71.781,71.12,2299.485,2299.485,2299.485
-5.987,-0.018,0,38733.64,0,261,141.841,119.168,116.83,106.003,81.74,71.928,71.278,2299.494,2299.494,2299.494
-5.996,-0.018,0,38734.338,0,261,141.842,119.114,116.776,105.991,81.798,72.061,71.42,2299.485,2299.485,2299.485
-5.987,-0.018,0,38735.039,0,261,141.837,119.061,116.733,105.962,81.865,72.202,71.568,2299.478,2299.478,2299.478
-5.99,-0.018,0,38735.737,0,261,141.84,119,116.687,105.952,81.944,72.343,71.7,2299.481,2299.481,2299.481
-5.983,-0.018,0,38735.837,0,261,141.846,118.957,116.645,105.934,82.012,72.472,71.841,2299.479,2299.479,2299.479
