pos,load,Var3,time,Var5,Var6,T_oven,T_Cu1,T_Cu2,T_Inco1,T_Inco2,T_Cu3,T_Cu4,Var14,Var15,Var16
-5.885,-0.024,0,42649.266,0,261,147.474,59.288,55.846,50.049,39.593,37.271,37.044,2301.269,2301.269,2301.269
-5.885,-0.024,0,42649.715,0,261,147.454,59.447,55.992,50.182,39.652,37.308,37.088,2301.27,2301.27,2301.27
-5.886,-0.024,0,42650.414,0,261,147.425,59.58,56.137,50.298,39.697,37.337,37.113,2301.253,2301.253,2301.253
-5.886,-0.024,0,42651.123,0,261,147.392,59.742,56.293,50.434,39.757,37.382,37.153,2301.267,2301.267,2301.267
-5.886,-0.024,0,42651.815,0,261,147.38,59.89,56.446,50.565,39.807,37.413,37.181,2301.259,2301.259,2301.259
-5.913,-0.024,0,42652.52,0,261,147.365,60.054,56.609,50.701,39.879,37.452,37.224,2301.284,2301.284,2301.284
-5.926,-0.023,0,42653.217,0,261,147.331,60.194,56.746,50.83,39.919,37.498,37.263,2301.266,2301.266,2301.266
-5.945,-0.024,0,42653.917,0,261,147.309,60.35,56.892,50.958,39.987,37.526,37.295,2301.27,2301.27,2301.27
-5.96,-0.023,0,42654.62,0,261,147.276,60.488,57.043,51.09,40.029,37.544,37.326,2301.257,2301.257,2301.257
-5.965,-0.024,0,42655.315,0,261,147.254,60.636,57.198,51.217,40.099,37.609,37.368,2301.267,2301.267,2301.267
-5.976,-0.025,0,42656.017,0,261,147.228,60.776,57.336,51.343,40.15,37.628,37.397,2301.257,2301.257,2301.257
-5.996,-0.024,0,42656.714,0,261,147.212,60.94,57.483,51.477,40.201,37.675,37.441,2301.266,2301.266,2301.266
-6.018,-0.024,0,42657.429,0,261,147.2,61.081,57.64,51.6,40.261,37.71,37.48,2301.268,2301.268,2301.268
-6.038,-0.024,0,42658.124,0,261,147.172,61.236,57.787,51.74,40.333,37.761,37.519,2301.271,2301.271,2301.271
-6.042,-0.024,0,42658.819,0,261,147.147,61.374,57.929,51.853,40.378,37.788,37.552,2301.261,2301.261,2301.261
-6.047,-0.024,0,42659.514,0,261,147.12,61.516,58.075,51.99,40.443,37.835,37.588,2301.261,2301.261,2301.261
-6.072,-0.024,0,42660.224,0,261,147.094,61.668,58.218,52.119,40.502,37.871,37.625,2301.262,2301.262,2301.262
-6.085,-0.023,0,42660.915,0,261,147.086,61.823,58.367,52.252,40.568,37.916,37.678,2301.28,2301.28,2301.28
-6.083,-0.024,0,42661.615,0,261,147.058,61.956,58.516,52.369,40.613,37.95,37.71,2301.26,2301.26,2301.26
-6.112,-0.023,0,42662.317,0,261,147.036,62.103,58.646,52.496,40.678,37.983,37.74,2301.261,2301.261,2301.261
-6.13,-0.024,0,42663.016,0,261,147.015,62.263,58.8,52.63,40.742,38.044,37.794,2301.278,2301.278,2301.278
-6.126,-0.024,0,42663.723,0,261,146.987,62.388,58.929,52.744,40.788,38.072,37.814,2301.251,2301.251,2301.251
-6.157,-0.024,0,42664.421,0,261,146.971,62.538,59.089,52.878,40.865,38.115,37.864,2301.263,2301.263,2301.263
-6.162,-0.025,0,42665.116,0,261,146.955,62.694,59.232,53.013,40.923,38.158,37.911,2301.275,2301.275,2301.275
-6.174,-0.023,0,42665.82,0,261,146.927,62.824,59.361,53.129,40.962,38.189,37.947,2301.262,2301.262,2301.262
-6.199,-0.024,0,42666.517,0,261,146.907,62.974,59.518,53.257,41.035,38.24,37.984,2301.271,2301.271,2301.271
-6.192,-0.024,0,42667.219,0,261,146.902,63.12,59.657,53.4,41.102,38.278,38.029,2301.275,2301.275,2301.275
-6.227,-0.024,0,42667.916,0,261,146.862,63.243,59.785,53.502,41.143,38.31,38.05,2301.251,2301.251,2301.251
-6.235,-0.024,0,42668.623,0,261,146.838,63.408,59.942,53.651,41.209,38.346,38.104,2301.267,2301.267,2301.267
-6.25,-0.024,0,42669.324,0,261,146.816,63.535,60.082,53.767,41.272,38.392,38.139,2301.262,2301.262,2301.262
-6.272,-0.024,0,42670.015,0,261,146.793,63.695,60.218,53.897,41.333,38.443,38.178,2301.278,2301.278,2301.278
-6.27,-0.024,0,42670.716,0,261,146.759,63.819,60.357,54.004,41.383,38.465,38.197,2301.252,2301.252,2301.252
-6.3,-0.024,0,42671.423,0,261,146.755,63.971,60.499,54.145,41.466,38.502,38.232,2301.276,2301.276,2301.276
-6.316,-0.028,0,42672.115,0,261,146.735,64.109,60.645,54.277,41.516,38.539,38.265,2301.283,2301.283,2301.283
-6.301,-0.035,0,42672.82,0,261,146.71,64.249,60.784,54.39,41.568,38.574,38.286,2301.28,2301.28,2301.28
-6.318,-0.049,0,42673.517,0,261,146.707,64.41,60.937,54.521,41.645,38.603,38.301,2301.296,2301.296,2301.296
-6.33,-0.065,0,42674.226,0,261,146.665,64.555,61.058,54.639,41.691,38.598,38.308,2301.269,2301.269,2301.269
-6.317,-0.08,0,42674.922,0,261,146.622,64.756,61.207,54.755,41.753,38.628,38.324,2301.288,2301.288,2301.288
-6.33,-0.09,0,42675.62,0,261,146.548,64.957,61.343,54.876,41.813,38.623,38.318,2301.273,2301.273,2301.273
-6.338,-0.103,0,42676.332,0,261,146.516,65.161,61.486,54.993,41.881,38.642,38.347,2301.288,2301.288,2301.288
-6.322,-0.106,0,42677.016,0,261,146.455,65.368,61.636,55.104,41.942,38.651,38.344,2301.28,2301.28,2301.28
-6.334,-0.108,0,42677.722,0,261,146.417,65.57,61.79,55.221,41.992,38.667,38.359,2301.282,2301.282,2301.282
-6.339,-0.111,0,42678.418,0,261,146.369,65.771,61.951,55.336,42.04,38.682,38.365,2301.274,2301.274,2301.274
-6.321,-0.113,0,42679.12,0,261,146.337,65.966,62.115,55.446,42.107,38.693,38.388,2301.287,2301.287,2301.287
-6.339,-0.116,0,42679.815,0,261,146.293,66.157,62.282,55.561,42.152,38.709,38.397,2301.279,2301.279,2301.279
-6.342,-0.119,0,42680.518,0,261,146.254,66.34,62.444,55.684,42.2,38.718,38.405,2301.278,2301.278,2301.278
-6.326,-0.123,0,42681.218,0,261,146.226,66.524,62.616,55.809,42.261,38.745,38.428,2301.29,2301.29,2301.29
-6.35,-0.132,0,42681.915,0,261,146.193,66.706,62.778,55.925,42.306,38.763,38.439,2301.291,2301.291,2301.291
-6.352,-0.137,0,42682.617,0,261,146.161,66.881,62.933,56.047,42.35,38.767,38.455,2301.273,2301.273,2301.273
-6.346,-0.144,0,42683.316,0,261,146.115,67.057,63.1,56.161,42.4,38.788,38.465,2301.269,2301.269,2301.269
-6.366,-0.154,0,42684.017,0,261,146.091,67.231,63.27,56.281,42.444,38.809,38.471,2301.271,2301.271,2301.271
-6.365,-0.159,0,42684.717,0,261,146.059,67.418,63.439,56.417,42.501,38.823,38.49,2301.28,2301.28,2301.28
-6.359,-0.162,0,42685.423,0,261,146.025,67.587,63.596,56.535,42.546,38.836,38.508,2301.275,2301.275,2301.275
-6.381,-0.184,0,42686.117,0,261,145.993,67.775,63.77,56.658,42.599,38.853,38.521,2301.275,2301.275,2301.275
-6.382,-0.226,0,42686.817,0,261,145.964,67.945,63.932,56.786,42.648,38.875,38.539,2301.276,2301.276,2301.276
-6.383,-0.266,0,42687.523,0,261,145.929,68.124,64.115,56.927,42.695,38.903,38.56,2301.289,2301.289,2301.289
-6.406,-0.309,0,42688.217,0,261,145.886,68.3,64.258,57.033,42.733,38.902,38.552,2301.261,2301.261,2301.261
-6.408,-0.354,0,42688.917,0,261,145.866,68.493,64.439,57.167,42.802,38.928,38.584,2301.285,2301.285,2301.285
-6.405,-0.404,0,42689.617,0,261,145.828,68.677,64.599,57.293,42.851,38.942,38.595,2301.288,2301.288,2301.288
-6.43,-0.457,0,42690.321,0,261,145.797,68.854,64.765,57.412,42.889,38.952,38.597,2301.278,2301.278,2301.278
-6.439,-0.505,0,42691.022,0,261,145.76,69.05,64.943,57.53,42.942,38.978,38.627,2301.285,2301.285,2301.285
-6.432,-0.555,0,42691.734,0,261,145.723,69.236,65.11,57.655,42.998,38.99,38.623,2301.289,2301.289,2301.289
-6.45,-0.608,0,42692.417,0,261,145.683,69.406,65.275,57.78,43.043,38.994,38.635,2301.283,2301.283,2301.283
-6.468,-0.66,0,42693.116,0,261,145.651,69.599,65.443,57.897,43.082,39.012,38.649,2301.275,2301.275,2301.275
-6.472,-0.71,0,42693.828,0,261,145.614,69.791,65.601,58.013,43.128,39.015,38.65,2301.267,2301.267,2301.267
-6.465,-0.768,0,42694.522,0,261,145.58,69.983,65.785,58.135,43.188,39.036,38.674,2301.281,2301.281,2301.281
-6.488,-0.82,0,42695.23,0,261,145.543,70.168,65.95,58.266,43.232,39.048,38.682,2301.278,2301.278,2301.278
-6.502,-0.873,0,42695.917,0,261,145.521,70.375,66.143,58.398,43.291,39.078,38.706,2301.301,2301.301,2301.301
-6.5,-0.927,0,42696.619,0,261,145.461,70.556,66.304,58.511,43.335,39.083,38.711,2301.279,2301.279,2301.279
-6.501,-0.985,0,42697.33,0,261,145.424,70.769,66.481,58.638,43.389,39.095,38.72,2301.288,2301.288,2301.288
-6.521,-1.053,0,42698.028,0,261,145.373,70.962,66.65,58.762,43.429,39.1,38.728,2301.276,2301.276,2301.276
-6.528,-1.119,0,42698.718,0,261,145.346,71.176,66.836,58.901,43.486,39.13,38.752,2301.295,2301.295,2301.295
-6.518,-1.195,0,42699.423,0,261,145.287,71.38,66.993,59.023,43.524,39.141,38.767,2301.279,2301.279,2301.279
-6.535,-1.266,0,42700.117,0,261,145.251,71.581,67.173,59.144,43.571,39.157,38.792,2301.28,2301.28,2301.28
-6.55,-1.338,0,42700.821,0,261,145.204,71.797,67.359,59.273,43.628,39.183,38.808,2301.284,2301.284,2301.284
-6.549,-1.418,0,42701.522,0,261,145.169,72.028,67.545,59.409,43.679,39.2,38.827,2301.29,2301.29,2301.29
-6.551,-1.499,0,42702.22,0,261,145.123,72.225,67.723,59.557,43.72,39.22,38.842,2301.279,2301.279,2301.279
-6.572,-1.593,0,42702.94,0,261,145.078,72.442,67.901,59.677,43.767,39.242,38.858,2301.272,2301.272,2301.272
-6.577,-1.673,0,42703.619,0,261,145.037,72.667,68.093,59.82,43.82,39.258,38.868,2301.28,2301.28,2301.28
-6.567,-1.741,0,42704.331,0,261,145.004,72.883,68.284,59.966,43.866,39.277,38.888,2301.28,2301.28,2301.28
-6.592,-1.82,0,42705.038,0,261,144.956,73.087,68.467,60.092,43.915,39.287,38.892,2301.28,2301.28,2301.28
-6.595,-1.894,0,42705.736,0,261,144.921,73.295,68.657,60.229,43.972,39.312,38.917,2301.291,2301.291,2301.291
-6.587,-1.97,0,42706.425,0,261,144.883,73.495,68.856,60.385,44.021,39.328,38.933,2301.292,2301.292,2301.292
-6.612,-2.055,0,42707.118,0,261,144.842,73.692,69.034,60.521,44.061,39.335,38.938,2301.277,2301.277,2301.277
-6.61,-2.124,0,42707.823,0,261,144.805,73.903,69.232,60.665,44.116,39.356,38.958,2301.29,2301.29,2301.29
-6.617,-2.196,0,42708.529,0,261,144.766,74.099,69.412,60.817,44.163,39.368,38.968,2301.278,2301.278,2301.278
-6.632,-2.257,0,42709.23,0,261,144.732,74.296,69.614,60.961,44.216,39.387,38.975,2301.289,2301.289,2301.289
-6.612,-2.251,0,42709.919,0,261,144.697,74.499,69.796,61.106,44.262,39.402,38.992,2301.285,2301.285,2301.285
-6.632,-2.274,0,42710.617,0,261,144.652,74.69,69.983,61.253,44.319,39.407,39.004,2301.281,2301.281,2301.281
-6.631,-2.337,0,42711.329,0,261,144.63,74.892,70.179,61.41,44.369,39.442,39.019,2301.298,2301.298,2301.298
-6.641,-2.389,0,42712.023,0,261,144.597,75.076,70.368,61.556,44.422,39.457,39.042,2301.296,2301.296,2301.296
-6.651,-2.45,0,42712.723,0,261,144.555,75.267,70.552,61.693,44.461,39.449,39.044,2301.283,2301.283,2301.283
-6.649,-2.513,0,42713.43,0,261,144.519,75.456,70.744,61.853,44.522,39.48,39.075,2301.29,2301.29,2301.29
-6.668,-2.569,0,42714.118,0,261,144.483,75.651,70.927,61.995,44.571,39.514,39.082,2301.298,2301.298,2301.298
-6.659,-2.629,0,42714.822,0,261,144.465,75.837,71.105,62.144,44.614,39.522,39.098,2301.295,2301.295,2301.295
-6.683,-2.683,0,42715.522,0,261,144.424,76.023,71.302,62.294,44.665,39.539,39.114,2301.295,2301.295,2301.295
-6.669,-2.74,0,42716.22,0,261,144.398,76.22,71.486,62.451,44.726,39.565,39.149,2301.308,2301.308,2301.308
-6.698,-2.795,0,42716.932,0,261,144.355,76.401,71.66,62.595,44.762,39.584,39.163,2301.291,2301.291,2301.291
-6.682,-2.84,0,42717.623,0,261,144.322,76.593,71.843,62.745,44.813,39.607,39.176,2301.291,2301.291,2301.291
-6.709,-2.878,0,42718.324,0,261,144.289,76.792,72.031,62.883,44.869,39.622,39.202,2301.289,2301.289,2301.289
-6.701,-2.936,0,42719.02,0,261,144.253,76.987,72.214,63.041,44.922,39.65,39.223,2301.294,2301.294,2301.294
-6.722,-2.996,0,42719.721,0,261,144.219,77.18,72.404,63.187,44.966,39.675,39.25,2301.294,2301.294,2301.294
-6.718,-3.046,0,42720.436,0,261,144.185,77.381,72.587,63.343,45.032,39.713,39.281,2301.308,2301.308,2301.308
-6.733,-3.098,0,42721.142,0,261,144.146,77.566,72.77,63.486,45.082,39.718,39.287,2301.289,2301.289,2301.289
-6.737,-3.157,0,42721.827,0,261,144.096,77.755,72.949,63.632,45.128,39.745,39.318,2301.287,2301.287,2301.287
-6.741,-3.223,0,42722.524,0,261,144.075,77.952,73.132,63.778,45.177,39.78,39.341,2301.288,2301.288,2301.288
-6.755,-3.283,0,42723.219,0,261,144.034,78.149,73.31,63.923,45.231,39.792,39.362,2301.283,2301.283,2301.283
-6.742,-3.342,0,42723.919,0,261,144.003,78.35,73.498,64.065,45.283,39.827,39.385,2301.287,2301.287,2301.287
-6.77,-3.405,0,42724.619,0,261,143.973,78.555,73.688,64.221,45.348,39.851,39.413,2301.3,2301.3,2301.3
-6.768,-3.469,0,42725.321,0,261,143.942,78.752,73.874,64.371,45.405,39.882,39.439,2301.299,2301.299,2301.299
-6.774,-3.525,0,42726.029,0,261,143.897,78.945,74.059,64.519,45.461,39.902,39.447,2301.298,2301.298,2301.298
-6.791,-3.589,0,42726.72,0,261,143.862,79.138,74.248,64.665,45.518,39.932,39.478,2301.299,2301.299,2301.299
-6.783,-3.64,0,42727.425,0,261,143.838,79.333,74.431,64.814,45.579,39.945,39.498,2301.298,2301.298,2301.298
-6.8,-3.701,0,42728.121,0,261,143.78,79.53,74.603,64.944,45.626,39.965,39.523,2301.282,2301.282,2301.282
-6.808,-3.761,0,42728.83,0,261,143.766,79.738,74.8,65.115,45.694,40.01,39.554,2301.307,2301.307,2301.307
-6.794,-3.817,0,42729.522,0,261,143.712,79.914,74.977,65.245,45.737,40.021,39.574,2301.289,2301.289,2301.289
-6.82,-3.877,0,42730.221,0,261,143.687,80.119,75.16,65.389,45.795,40.046,39.599,2301.289,2301.289,2301.289
-6.823,-3.937,0,42730.925,0,261,143.648,80.315,75.349,65.54,45.864,40.074,39.615,2301.297,2301.297,2301.297
-6.812,-3.991,0,42731.62,0,261,143.622,80.518,75.547,65.699,45.926,40.111,39.645,2301.304,2301.304,2301.304
-6.837,-4.044,0,42732.322,0,261,143.585,80.712,75.731,65.834,45.983,40.125,39.665,2301.291,2301.291,2301.291
-6.839,-4.106,0,42733.029,0,261,143.55,80.914,75.906,65.991,46.039,40.156,39.697,2301.303,2301.303,2301.303
-6.828,-4.164,0,42733.72,0,261,143.508,81.121,76.103,66.133,46.107,40.194,39.726,2301.31,2301.31,2301.31
-6.855,-4.225,0,42734.425,0,261,143.477,81.325,76.283,66.284,46.157,40.214,39.752,2301.303,2301.303,2301.303
-6.855,-4.278,0,42735.128,0,261,143.441,81.515,76.473,66.418,46.218,40.238,39.769,2301.304,2301.304,2301.304
-6.845,-4.331,0,42735.821,0,261,143.414,81.716,76.66,66.582,46.281,40.275,39.806,2301.303,2301.303,2301.303
-6.871,-4.383,0,42736.52,0,261,143.365,81.911,76.845,66.715,46.343,40.292,39.818,2301.294,2301.294,2301.294
-6.869,-4.439,0,42737.221,0,261,143.337,82.118,77.035,66.872,46.407,40.33,39.865,2301.305,2301.305,2301.305
-6.86,-4.486,0,42737.923,0,261,143.289,82.325,77.223,67.021,46.467,40.363,39.887,2301.304,2301.304,2301.304
-6.883,-4.529,0,42738.624,0,261,143.266,82.517,77.407,67.169,46.522,40.378,39.923,2301.305,2301.305,2301.305
-6.885,-4.567,0,42739.322,0,261,143.222,82.7,77.585,67.308,46.581,40.416,39.934,2301.29,2301.29,2301.29
-6.869,-4.605,0,42740.022,0,261,143.184,82.894,77.781,67.459,46.647,40.452,39.981,2301.304,2301.304,2301.304
-6.887,-4.64,0,42740.726,0,261,143.166,83.096,77.976,67.616,46.715,40.487,40.011,2301.307,2301.307,2301.307
-6.899,-4.682,0,42741.434,0,261,143.132,83.301,78.158,67.762,46.774,40.531,40.049,2301.31,2301.31,2301.31
-6.894,-4.727,0,42742.121,0,261,143.08,83.484,78.337,67.905,46.838,40.551,40.076,2301.293,2301.293,2301.293
-6.888,-4.771,0,42742.82,0,261,143.041,83.672,78.527,68.048,46.89,40.574,40.105,2301.288,2301.288,2301.288
-6.914,-4.836,0,42743.528,0,261,143.015,83.871,78.715,68.203,46.967,40.619,40.137,2301.302,2301.302,2301.302
-6.92,-4.892,0,42744.221,0,261,142.972,84.075,78.9,68.354,47.031,40.664,40.174,2301.304,2301.304,2301.304
-6.909,-4.954,0,42744.921,0,261,142.934,84.267,79.081,68.499,47.091,40.687,40.203,2301.293,2301.293,2301.293
-6.93,-5.025,0,42745.621,0,261,142.912,84.48,79.275,68.643,47.158,40.729,40.256,2301.304,2301.304,2301.304
-6.944,-5.067,0,42746.321,0,261,142.873,84.684,79.457,68.793,47.224,40.769,40.285,2301.308,2301.308,2301.308
-6.934,-5.066,0,42747.022,0,261,142.832,84.898,79.644,68.936,47.296,40.798,40.323,2301.311,2301.311,2301.311
-6.952,-5.172,0,42747.721,0,261,142.792,85.091,79.826,69.09,47.358,40.842,40.367,2301.31,2301.31,2301.31
-6.985,-5.125,0,42748.42,0,261,142.751,85.302,80.023,69.232,47.43,40.88,40.393,2301.309,2301.309,2301.309
-6.981,-5.126,0,42749.121,0,261,142.696,85.537,80.206,69.366,47.49,40.915,40.427,2301.297,2301.297,2301.297
-6.962,-5.073,0,42749.821,0,261,142.636,85.809,80.419,69.516,47.581,40.959,40.467,2301.326,2301.326,2301.326
-6.977,-5.033,0,42750.522,0,261,142.583,86.049,80.602,69.663,47.631,41,40.493,2301.31,2301.31,2301.31
-6.973,-4.99,0,42751.222,0,261,142.523,86.295,80.803,69.811,47.71,41.031,40.518,2301.31,2301.31,2301.31
-6.952,-4.94,0,42751.922,0,261,142.489,86.538,80.99,69.956,47.783,41.057,40.546,2301.314,2301.314,2301.314
-6.952,-4.871,0,42752.621,0,261,142.448,86.754,81.204,70.103,47.849,41.09,40.571,2301.312,2301.312,2301.312
-6.954,-4.813,0,42753.321,0,261,142.391,86.967,81.392,70.258,47.909,41.116,40.594,2301.296,2301.296,2301.296
-6.943,-4.752,0,42754.021,0,261,142.355,87.196,81.601,70.407,47.96,41.147,40.63,2301.299,2301.299,2301.299
-6.92,-4.704,0,42754.72,0,261,142.325,87.405,81.811,70.574,48.047,41.178,40.651,2301.306,2301.306,2301.306
-6.927,-4.654,0,42755.421,0,261,142.285,87.604,82.017,70.726,48.101,41.208,40.667,2301.293,2301.293,2301.293
-6.93,-4.595,0,42756.122,0,261,142.256,87.827,82.217,70.88,48.162,41.241,40.711,2301.305,2301.305,2301.305
-6.92,-4.536,0,42756.821,0,261,142.234,88.024,82.431,71.051,48.241,41.267,40.736,2301.311,2301.311,2301.311
-6.903,-4.489,0,42757.522,0,261,142.193,88.219,82.64,71.223,48.305,41.286,40.762,2301.311,2301.311,2301.311
-6.893,-4.441,0,42758.221,0,261,142.172,88.414,82.835,71.389,48.36,41.329,40.796,2301.312,2301.312,2301.312
-6.899,-4.371,0,42758.921,0,261,142.139,88.609,83.04,71.557,48.428,41.359,40.821,2301.32,2301.32,2301.32
-6.895,-4.3,0,42759.621,0,261,142.115,88.794,83.236,71.714,48.481,41.384,40.839,2301.309,2301.309,2301.309
-6.885,-4.23,0,42760.321,0,261,142.076,88.971,83.429,71.888,48.546,41.409,40.872,2301.306,2301.306,2301.306
-6.868,-4.157,0,42761.022,0,261,142.066,89.154,83.634,72.054,48.605,41.451,40.911,2301.32,2301.32,2301.32
-6.849,-4.086,0,42761.722,0,261,142.03,89.322,83.814,72.213,48.662,41.476,40.928,2301.296,2301.296,2301.296
-6.854,-4.026,0,42762.423,0,261,142.03,89.494,84.017,72.383,48.721,41.515,40.969,2301.311,2301.311,2301.311
-6.856,-3.96,0,42763.123,0,261,142.017,89.675,84.21,72.571,48.783,41.549,41.009,2301.329,2301.329,2301.329
-6.848,-3.875,0,42763.823,0,261,141.99,89.828,84.392,72.73,48.84,41.581,41.036,2301.311,2301.311,2301.311
-6.839,-3.807,0,42764.521,0,261,141.959,89.986,84.573,72.9,48.891,41.615,41.081,2301.309,2301.309,2301.309
-6.824,-3.713,0,42765.222,0,261,141.955,90.144,84.754,73.071,48.944,41.655,41.101,2301.307,2301.307,2301.307
-6.807,-3.639,0,42765.922,0,261,141.945,90.297,84.937,73.232,49.012,41.7,41.152,2301.312,2301.312,2301.312
-6.79,-3.575,0,42766.622,0,261,141.949,90.444,85.121,73.405,49.071,41.749,41.194,2301.322,2301.322,2301.322
-6.784,-3.516,0,42767.323,0,261,141.941,90.587,85.287,73.572,49.134,41.788,41.24,2301.318,2301.318,2301.318
-6.788,-3.465,0,42768.022,0,261,141.943,90.687,85.471,73.736,49.189,41.819,41.283,2301.311,2301.311,2301.311
-6.785,-3.434,0,42768.722,0,261,141.944,90.807,85.636,73.905,49.256,41.865,41.328,2301.317,2301.317,2301.317
-6.783,-3.4,0,42769.422,0,261,141.951,90.918,85.795,74.065,49.309,41.911,41.375,2301.316,2301.316,2301.316
-6.783,-3.366,0,42770.121,0,261,141.951,91.034,85.961,74.223,49.373,41.965,41.421,2301.313,2301.313,2301.313
-6.783,-3.352,0,42770.821,0,261,141.946,91.141,86.109,74.385,49.433,42.004,41.468,2301.304,2301.304,2301.304
-6.785,-3.341,0,42771.523,0,261,141.956,91.268,86.268,74.547,49.503,42.058,41.517,2301.314,2301.314,2301.314
-6.781,-3.31,0,42772.222,0,261,141.945,91.417,86.423,74.702,49.578,42.114,41.576,2301.32,2301.32,2301.32
-6.779,-3.296,0,42772.922,0,261,141.948,91.547,86.574,74.874,49.644,42.165,41.617,2301.334,2301.334,2301.334
-6.774,-3.255,0,42773.624,0,261,141.924,91.66,86.698,75.01,49.688,42.2,41.652,2301.307,2301.307,2301.307
-6.766,-3.205,0,42774.323,0,261,141.928,91.819,86.861,75.174,49.776,42.259,41.708,2301.333,2301.333,2301.333
-6.756,-3.156,0,42775.024,0,261,141.918,91.952,87.006,75.317,49.842,42.299,41.752,2301.325,2301.325,2301.325
-6.748,-3.106,0,42775.722,0,261,141.909,92.092,87.15,75.471,49.913,42.352,41.798,2301.338,2301.338,2301.338
-6.738,-3.058,0,42776.423,0,261,141.89,92.219,87.274,75.602,49.969,42.398,41.833,2301.313,2301.313,2301.313
-6.731,-3.003,0,42777.124,0,261,141.886,92.354,87.42,75.751,50.037,42.44,41.882,2301.314,2301.314,2301.314
-6.732,-2.969,0,42777.823,0,261,141.884,92.501,87.559,75.896,50.115,42.485,41.922,2301.323,2301.323,2301.323
-6.744,-2.95,0,42778.551,0,261,141.865,92.637,87.689,76.033,50.169,42.528,41.959,2301.311,2301.311,2301.311
-6.741,-2.905,0,42779.223,0,261,141.865,92.782,87.839,76.176,50.244,42.565,42.004,2301.327,2301.327,2301.327
-6.744,-2.845,0,42779.923,0,261,141.842,92.911,87.977,76.304,50.316,42.604,42.046,2301.311,2301.311,2301.311
-6.744,-2.795,0,42780.624,0,261,141.842,93.066,88.121,76.446,50.4,42.661,42.081,2301.325,2301.325,2301.325
-6.743,-2.725,0,42781.324,0,261,141.824,93.193,88.251,76.573,50.453,42.701,42.117,2301.309,2301.309,2301.309
-6.737,-2.636,0,42782.026,0,261,141.819,93.337,88.401,76.702,50.537,42.749,42.156,2301.32,2301.32,2301.32
-6.732,-2.549,0,42782.73,0,261,141.8,93.467,88.54,76.837,50.612,42.773,42.2,2301.313,2301.313,2301.313
-6.723,-2.451,0,42783.429,0,261,141.806,93.607,88.684,76.969,50.698,42.832,42.236,2301.328,2301.328,2301.328
-6.712,-2.348,0,42784.124,0,261,141.789,93.731,88.811,77.082,50.766,42.872,42.279,2301.323,2301.323,2301.323
-6.698,-2.241,0,42784.852,0,261,141.797,93.866,88.952,77.228,50.84,42.919,42.32,2301.326,2301.326,2301.326
-6.683,-2.131,0,42785.526,0,261,141.781,93.984,89.088,77.339,50.919,42.944,42.355,2301.314,2301.314,2301.314
-6.666,-2.011,0,42786.224,0,261,141.779,94.112,89.224,77.475,50.998,43.006,42.416,2301.327,2301.327,2301.327
-6.647,-1.895,0,42786.927,0,261,141.775,94.213,89.353,77.593,51.07,43.047,42.452,2301.317,2301.317,2301.317
-6.631,-1.795,0,42787.624,0,261,141.767,94.338,89.491,77.723,51.145,43.092,42.508,2301.326,2301.326,2301.326
-6.612,-1.703,0,42788.329,0,261,141.756,94.45,89.622,77.841,51.216,43.139,42.561,2301.321,2301.321,2301.321
-6.597,-1.609,0,42789.04,0,261,141.766,94.579,89.748,77.981,51.293,43.19,42.613,2301.329,2301.329,2301.329
-6.596,-1.529,0,42789.733,0,261,141.769,94.683,89.888,78.106,51.352,43.235,42.663,2301.321,2301.321,2301.321
-6.588,-1.454,0,42790.424,0,261,141.762,94.788,89.996,78.238,51.413,43.291,42.714,2301.314,2301.314,2301.314
-6.58,-1.38,0,42791.125,0,261,141.77,94.894,90.141,78.373,51.482,43.356,42.777,2301.328,2301.328,2301.328
-6.568,-1.315,0,42791.829,0,261,141.775,94.982,90.25,78.498,51.547,43.417,42.837,2301.326,2301.326,2301.326
-6.552,-1.251,0,42792.528,0,261,141.772,95.076,90.369,78.635,51.608,43.468,42.89,2301.311,2301.311,2301.311
-6.535,-1.193,0,42793.225,0,261,141.77,95.187,90.488,78.768,51.665,43.529,42.946,2301.311,2301.311,2301.311
-6.518,-1.138,0,42793.952,0,261,141.792,95.264,90.609,78.901,51.737,43.592,43.012,2301.313,2301.313,2301.313
-6.512,-1.087,0,42794.651,0,261,141.796,95.369,90.734,79.042,51.812,43.661,43.07,2301.328,2301.328,2301.328
-6.511,-1.025,0,42795.344,0,261,141.801,95.448,90.848,79.163,51.87,43.71,43.13,2301.321,2301.321,2301.321
-6.511,-0.98,0,42796.031,0,261,141.819,95.536,90.969,79.3,51.943,43.776,43.187,2301.329,2301.329,2301.329
-6.507,-0.926,0,42796.725,0,261,141.832,95.61,91.065,79.422,52.013,43.83,43.252,2301.33,2301.33,2301.33
-6.498,-0.867,0,42797.432,0,261,141.836,95.697,91.179,79.549,52.075,43.885,43.299,2301.321,2301.321,2301.321
-6.481,-0.799,0,42798.126,0,261,141.836,95.775,91.275,79.664,52.136,43.951,43.362,2301.318,2301.318,2301.318
-6.473,-0.772,0,42798.825,0,261,141.86,95.868,91.393,79.792,52.215,44.015,43.417,2301.336,2301.336,2301.336
-6.458,-0.715,0,42799.526,0,261,141.864,95.911,91.484,79.902,52.277,44.05,43.467,2301.314,2301.314,2301.314
-6.445,-0.673,0,42800.229,0,261,141.892,95.988,91.588,80.025,52.353,44.114,43.525,2301.324,2301.324,2301.324
-6.441,-0.631,0,42800.936,0,261,141.914,96.065,91.695,80.145,52.428,44.178,43.583,2301.338,2301.338,2301.338
-6.449,-0.584,0,42801.627,0,261,141.916,96.126,91.784,80.253,52.485,44.234,43.635,2301.326,2301.326,2301.326
-6.433,-0.53,0,42802.324,0,261,141.928,96.202,91.882,80.361,52.558,44.293,43.691,2301.329,2301.329,2301.329
-6.431,-0.491,0,42803.03,0,261,141.936,96.266,91.97,80.465,52.627,44.366,43.752,2301.327,2301.327,2301.327
-6.426,-0.449,0,42803.747,0,261,141.949,96.332,92.052,80.581,52.698,44.4,43.802,2301.326,2301.326,2301.326
-6.418,-0.404,0,42804.433,0,261,141.974,96.415,92.146,80.689,52.783,44.464,43.868,2301.335,2301.335,2301.335
-6.417,-0.373,0,42805.125,0,261,141.97,96.471,92.229,80.8,52.846,44.513,43.919,2301.323,2301.323,2301.323
-6.412,-0.335,0,42805.838,0,261,141.989,96.525,92.316,80.892,52.91,44.566,43.963,2301.314,2301.314,2301.314
-6.404,-0.295,0,42806.531,0,261,142.008,96.6,92.409,81.01,52.991,44.637,44.042,2301.341,2301.341,2301.341
-6.398,-0.262,0,42807.225,0,261,142.021,96.653,92.489,81.094,53.053,44.694,44.095,2301.325,2301.325,2301.325
-6.39,-0.229,0,42807.938,0,261,142.039,96.715,92.573,81.201,53.138,44.761,44.17,2301.333,2301.333,2301.333
-6.382,-0.197,0,42808.626,0,261,142.061,96.749,92.649,81.305,53.214,44.818,44.229,2301.328,2301.328,2301.328
-6.371,-0.168,0,42809.329,0,261,142.071,96.788,92.731,81.405,53.275,44.883,44.294,2301.331,2301.331,2301.331
-6.363,-0.143,0,42810.029,0,261,142.097,96.814,92.787,81.501,53.341,44.937,44.348,2301.314,2301.314,2301.314
-6.362,-0.119,0,42810.735,0,261,142.129,96.875,92.875,81.62,53.442,45.017,44.444,2301.342,2301.342,2301.342
-6.365,-0.101,0,42811.436,0,261,142.132,96.9,92.934,81.722,53.499,45.083,44.499,2301.327,2301.327,2301.327
-6.367,-0.09,0,42812.138,0,261,142.166,96.929,93.007,81.834,53.588,45.154,44.578,2301.336,2301.336,2301.336
-6.371,-0.083,0,42812.828,0,261,142.195,96.966,93.074,81.937,53.668,45.233,44.648,2301.334,2301.334,2301.334
-6.372,-0.079,0,42813.53,0,261,142.215,96.996,93.127,82.03,53.731,45.301,44.718,2301.323,2301.323,2301.323
-6.374,-0.077,0,42814.226,0,261,142.251,97.037,93.193,82.141,53.818,45.377,44.795,2301.336,2301.336,2301.336
-6.375,-0.076,0,42814.932,0,261,142.272,97.068,93.258,82.243,53.894,45.447,44.864,2301.33,2301.33,2301.33
-6.373,-0.074,0,42815.626,0,261,142.293,97.098,93.326,82.345,53.964,45.523,44.944,2301.343,2301.343,2301.343
-6.368,-0.072,0,42816.329,0,261,142.312,97.142,93.371,82.428,54.036,45.594,45.006,2301.328,2301.328,2301.328
-6.362,-0.07,0,42817.028,0,261,142.322,97.166,93.42,82.517,54.098,45.663,45.069,2301.326,2301.326,2301.326
-6.349,-0.069,0,42817.731,0,261,142.345,97.214,93.477,82.595,54.17,45.725,45.135,2301.322,2301.322,2301.322
-6.344,-0.065,0,42818.426,0,261,142.351,97.245,93.524,82.678,54.243,45.796,45.202,2301.317,2301.317,2301.317
-6.35,-0.065,0,42819.132,0,261,142.378,97.297,93.583,82.758,54.326,45.877,45.278,2301.325,2301.325,2301.325
-6.353,-0.062,0,42819.828,0,261,142.407,97.341,93.635,82.847,54.393,45.951,45.358,2301.327,2301.327,2301.327
-6.351,-0.056,0,42820.53,0,261,142.426,97.38,93.696,82.929,54.466,46.026,45.422,2301.334,2301.334,2301.334
-6.347,-0.051,0,42821.245,0,261,142.428,97.42,93.74,83.01,54.535,46.085,45.492,2301.326,2301.326,2301.326
-6.339,-0.044,0,42821.928,0,261,142.464,97.457,93.793,83.078,54.608,46.16,45.569,2301.334,2301.334,2301.334
-6.325,-0.042,0,42822.635,0,261,142.472,97.497,93.844,83.155,54.682,46.232,45.632,2301.324,2301.324,2301.324
-6.307,-0.036,0,42823.331,0,261,142.484,97.529,93.887,83.231,54.753,46.291,45.701,2301.322,2301.322,2301.322
-6.311,-0.033,0,42824.029,0,261,142.509,97.569,93.948,83.312,54.814,46.372,45.776,2301.325,2301.325,2301.325
-6.313,-0.029,0,42824.73,0,261,142.528,97.605,94.002,83.401,54.896,46.451,45.862,2301.333,2301.333,2301.333
-6.31,-0.023,0,42825.437,0,261,142.543,97.653,94.051,83.475,54.961,46.535,45.942,2301.337,2301.337,2301.337
-6.286,-0.024,0,42826.137,0,261,142.558,97.663,94.094,83.553,55.035,46.597,46.024,2301.331,2301.331,2301.331
-6.258,-0.024,0,42826.826,0,261,142.587,97.686,94.141,83.631,55.1,46.688,46.131,2301.329,2301.329,2301.329
-6.257,-0.023,0,42827.542,0,261,142.621,97.726,94.194,83.713,55.166,46.802,46.25,2301.338,2301.338,2301.338
-6.25,-0.023,0,42828.229,0,261,142.637,97.748,94.238,83.79,55.245,46.907,46.376,2301.336,2301.336,2301.336
-6.224,-0.024,0,42828.931,0,261,142.654,97.781,94.274,83.855,55.309,47.017,46.508,2301.331,2301.331,2301.331
-6.198,-0.024,0,42829.659,0,261,142.68,97.812,94.321,83.921,55.385,47.15,46.634,2301.337,2301.337,2301.337
-6.193,-0.023,0,42830.331,0,261,142.689,97.851,94.367,83.983,55.446,47.273,46.765,2301.335,2301.335,2301.335
-6.169,-0.024,0,42831.037,0,261,142.708,97.887,94.41,84.055,55.523,47.404,46.898,2301.335,2301.335,2301.335
-6.147,-0.023,0,42831.726,0,261,142.726,97.924,94.452,84.112,55.603,47.532,47.016,2301.338,2301.338,2301.338
-6.144,-0.024,0,42832.431,0,261,142.736,97.945,94.487,84.175,55.687,47.653,47.15,2301.331,2301.331,2301.331
-6.118,-0.023,0,42833.141,0,261,142.761,97.991,94.54,84.255,55.773,47.794,47.291,2301.348,2301.348,2301.348
-6.107,-0.024,0,42833.828,0,261,142.763,98.016,94.558,84.293,55.84,47.905,47.413,2301.32,2301.32,2301.32
-6.102,-0.023,0,42834.532,0,261,142.776,98.041,94.597,84.368,55.938,48.042,47.551,2301.326,2301.326,2301.326
-6.071,-0.023,0,42835.231,0,261,142.801,98.078,94.643,84.418,56.015,48.168,47.678,2301.324,2301.324,2301.324
-6.067,-0.024,0,42835.93,0,261,142.812,98.128,94.691,84.485,56.117,48.303,47.826,2301.336,2301.336,2301.336
-6.061,-0.023,0,42836.635,0,261,142.846,98.166,94.729,84.548,56.201,48.433,47.955,2301.342,2301.342,2301.342
-6.044,-0.023,0,42837.33,0,261,142.853,98.192,94.765,84.599,56.298,48.55,48.083,2301.33,2301.33,2301.33
-6.019,-0.024,0,42838.048,0,261,142.871,98.237,94.81,84.668,56.393,48.684,48.212,2301.342,2301.342,2301.342
-6.021,-0.023,0,42838.727,0,261,142.881,98.272,94.841,84.717,56.485,48.805,48.336,2301.338,2301.338,2301.338
-6.01,-0.023,0,42839.429,0,261,142.9,98.316,94.897,84.777,56.583,48.941,48.471,2301.347,2301.347,2301.347
-5.996,-0.023,0,42840.132,0,261,142.912,98.349,94.937,84.839,56.69,49.07,48.6,2301.352,2301.352,2301.352
-6.002,-0.023,0,42840.827,0,261,142.924,98.37,94.973,84.886,56.774,49.189,48.727,2301.341,2301.341,2301.341
-6.012,-0.023,0,42841.533,0,261,142.931,98.413,95.019,84.945,56.88,49.322,48.85,2301.344,2301.344,2301.344
-5.986,-0.023,0,42842.233,0,261,142.952,98.456,95.055,85.002,56.965,49.449,48.978,2301.343,2301.343,2301.343
-5.968,-0.024,0,42842.931,0,261,142.964,98.492,95.095,85.055,57.064,49.559,49.098,2301.343,2301.343,2301.343
-5.976,-0.023,0,42843.627,0,261,142.976,98.532,95.133,85.105,57.166,49.687,49.226,2301.341,2301.341,2301.341
-5.985,-0.023,0,42844.329,0,261,142.988,98.572,95.177,85.173,57.273,49.822,49.361,2301.357,2301.357,2301.357
-6,-0.023,0,42845.04,0,261,143.006,98.617,95.224,85.228,57.372,49.949,49.484,2301.358,2301.358,2301.358
-6.001,-0.024,0,42845.731,0,261,143.008,98.643,95.259,85.276,57.467,50.062,49.601,2301.35,2301.35,2301.35
-6.017,-0.023,0,42846.431,0,261,143.013,98.677,95.292,85.327,57.558,50.175,49.711,2301.336,2301.336,2301.336
-6.034,-0.023,0,42847.127,0,261,143.031,98.716,95.334,85.378,57.659,50.306,49.839,2301.348,2301.348,2301.348
-6.056,-0.023,0,42847.828,0,261,143.039,98.755,95.377,85.437,57.758,50.418,49.966,2301.341,2301.341,2301.341
-6.047,-0.023,0,42848.528,0,261,143.053,98.805,95.417,85.494,57.858,50.544,50.095,2301.355,2301.355,2301.355
-6.072,-0.023,0,42849.228,0,261,143.059,98.833,95.457,85.556,57.975,50.658,50.199,2301.349,2301.349,2301.349
-6.09,-0.023,0,42849.929,0,261,143.074,98.877,95.492,85.614,58.066,50.78,50.322,2301.344,2301.344,2301.344
-6.09,-0.024,0,42850.632,0,261,143.073,98.912,95.539,85.652,58.159,50.884,50.435,2301.339,2301.339,2301.339
-6.117,-0.023,0,42851.327,0,261,143.095,98.958,95.592,85.725,58.26,51.004,50.552,2301.353,2301.353,2301.353
-6.135,-0.024,0,42852.031,0,261,143.109,98.987,95.624,85.778,58.37,51.121,50.652,2301.347,2301.347,2301.347
-6.132,-0.023,0,42852.748,0,261,143.111,99.025,95.667,85.83,58.461,51.227,50.762,2301.35,2301.35,2301.35
-6.161,-0.023,0,42853.433,0,261,143.118,99.061,95.698,85.884,58.555,51.333,50.87,2301.344,2301.344,2301.344
-6.178,-0.023,0,42854.131,0,261,143.126,99.109,95.744,85.948,58.663,51.448,50.98,2301.347,2301.347,2301.347
-6.179,-0.023,0,42854.855,0,261,143.137,99.142,95.79,86.003,58.764,51.551,51.087,2301.349,2301.349,2301.349
-6.208,-0.023,0,42855.54,0,261,143.139,99.178,95.828,86.05,58.854,51.651,51.183,2301.345,2301.345,2301.345
-6.225,-0.023,0,42856.23,0,261,143.144,99.213,95.873,86.097,58.943,51.757,51.281,2301.338,2301.338,2301.338
-6.222,-0.023,0,42856.933,0,261,143.148,99.261,95.914,86.172,59.043,51.857,51.365,2301.348,2301.348,2301.348
-6.255,-0.023,0,42857.637,0,261,143.164,99.3,95.95,86.223,59.134,51.944,51.457,2301.335,2301.335,2301.335
-6.267,-0.023,0,42858.329,0,261,143.169,99.337,95.993,86.274,59.225,52.035,51.543,2301.334,2301.334,2301.334
-6.265,-0.024,0,42859.048,0,261,143.184,99.365,96.041,86.338,59.333,52.119,51.62,2301.351,2301.351,2301.351
-6.29,-0.028,0,42859.732,0,261,143.182,99.403,96.077,86.385,59.413,52.188,51.665,2301.335,2301.335,2301.335
-6.297,-0.038,0,42860.431,0,261,143.203,99.458,96.132,86.447,59.52,52.258,51.706,2301.353,2301.353,2301.353
-6.294,-0.056,0,42861.133,0,261,143.2,99.5,96.166,86.494,59.602,52.291,51.709,2301.348,2301.348,2301.348
-6.29,-0.069,0,42861.842,0,261,143.207,99.548,96.201,86.532,59.697,52.315,51.719,2301.358,2301.358,2301.358
-6.307,-0.083,0,42862.535,0,261,143.202,99.597,96.248,86.565,59.775,52.326,51.712,2301.348,2301.348,2301.348
-6.309,-0.096,0,42863.228,0,261,143.205,99.654,96.297,86.586,59.859,52.33,51.715,2301.356,2301.356,2301.356
-6.292,-0.101,0,42863.933,0,261,143.208,99.708,96.332,86.605,59.935,52.339,51.706,2301.34,2301.34,2301.34
-6.308,-0.104,0,42864.65,0,261,143.205,99.768,96.393,86.636,60.007,52.344,51.723,2301.359,2301.359,2301.359
-6.312,-0.109,0,42865.331,0,261,143.22,99.835,96.436,86.675,60.09,52.356,51.728,2301.367,2301.367,2301.367
-6.295,-0.111,0,42866.047,0,261,143.208,99.88,96.475,86.697,60.146,52.362,51.729,2301.356,2301.356,2301.356
-6.308,-0.114,0,42866.739,0,261,143.211,99.932,96.531,86.73,60.222,52.376,51.736,2301.352,2301.352,2301.352
-6.315,-0.116,0,42867.43,0,261,143.216,99.984,96.577,86.765,60.272,52.385,51.748,2301.353,2301.353,2301.353
-6.304,-0.12,0,42868.13,0,261,143.228,100.053,96.626,86.811,60.334,52.407,51.766,2301.367,2301.367,2301.367
-6.311,-0.122,0,42868.839,0,261,143.22,100.096,96.656,86.844,60.384,52.411,51.758,2301.346,2301.346,2301.346
-6.325,-0.132,0,42869.53,0,261,143.211,100.136,96.703,86.876,60.426,52.424,51.773,2301.338,2301.338,2301.338
-6.327,-0.141,0,42870.229,0,261,143.229,100.198,96.769,86.921,60.482,52.438,51.808,2301.351,2301.351,2301.351
-6.316,-0.148,0,42870.932,0,261,143.219,100.25,96.811,86.961,60.542,52.463,51.807,2301.348,2301.348,2301.348
-6.33,-0.154,0,42871.63,0,261,143.239,100.313,96.874,87.024,60.593,52.487,51.834,2301.377,2301.377,2301.377
-6.344,-0.165,0,42872.329,0,261,143.223,100.357,96.913,87.05,60.621,52.48,51.836,2301.355,2301.355,2301.355
-6.35,-0.202,0,42873.055,0,261,143.219,100.408,96.957,87.082,60.664,52.495,51.844,2301.356,2301.356,2301.356
-6.343,-0.241,0,42873.741,0,261,143.213,100.468,97.012,87.131,60.71,52.513,51.845,2301.358,2301.358,2301.358
-6.358,-0.277,0,42874.443,0,261,143.228,100.52,97.059,87.164,60.751,52.525,51.867,2301.36,2301.36,2301.36
-6.376,-0.321,0,42875.144,0,261,143.21,100.59,97.104,87.162,60.792,52.543,51.861,2301.357,2301.357,2301.357
-6.387,-0.365,0,42875.83,0,261,143.207,100.643,97.165,87.196,60.831,52.538,51.865,2301.359,2301.359,2301.359
-6.388,-0.411,0,42876.535,0,261,143.204,100.708,97.21,87.216,60.857,52.54,51.848,2301.357,2301.357,2301.357
-6.384,-0.462,0,42877.23,0,261,143.201,100.773,97.26,87.233,60.898,52.534,51.84,2301.359,2301.359,2301.359
-6.403,-0.51,0,42877.93,0,261,143.2,100.842,97.314,87.26,60.939,52.529,51.84,2301.366,2301.366,2301.366
-6.42,-0.565,0,42878.633,0,261,143.184,100.902,97.357,87.276,60.969,52.52,51.817,2301.352,2301.352,2301.352
-6.431,-0.621,0,42879.331,0,261,143.175,100.972,97.42,87.309,61.014,52.513,51.81,2301.357,2301.357,2301.357
-6.437,-0.67,0,42880.03,0,261,143.172,101.045,97.474,87.347,61.045,52.507,51.808,2301.365,2301.365,2301.365
-6.439,-0.725,0,42880.729,0,261,143.166,101.123,97.526,87.372,61.077,52.504,51.786,2301.363,2301.363,2301.363
-6.436,-0.774,0,42881.442,0,261,143.146,101.191,97.582,87.392,61.102,52.486,51.784,2301.356,2301.356,2301.356
-6.451,-0.827,0,42882.133,0,261,143.14,101.273,97.635,87.427,61.137,52.483,51.779,2301.36,2301.36,2301.36
-6.466,-0.879,0,42882.83,0,261,143.124,101.354,97.689,87.471,61.163,52.476,51.771,2301.36,2301.36,2301.36
-6.479,-0.936,0,42883.532,0,261,143.112,101.438,97.757,87.506,61.203,52.481,51.766,2301.364,2301.364,2301.364
-6.488,-0.993,0,42884.233,0,261,143.102,101.507,97.808,87.552,61.228,52.469,51.752,2301.356,2301.356,2301.356
-6.492,-1.059,0,42884.93,0,261,143.079,101.594,97.885,87.584,61.264,52.463,51.751,2301.361,2301.361,2301.361
-6.493,-1.121,0,42885.635,0,261,143.084,101.685,97.958,87.649,61.301,52.479,51.751,2301.387,2301.387,2301.387
-6.487,-1.197,0,42886.33,0,261,143.062,101.763,98.006,87.676,61.31,52.461,51.74,2301.356,2301.356,2301.356
-6.505,-1.267,0,42887.036,0,261,143.053,101.851,98.083,87.729,61.345,52.461,51.735,2301.375,2301.375,2301.375
-6.519,-1.335,0,42887.734,0,261,143.033,101.928,98.139,87.784,61.365,52.452,51.734,2301.36,2301.36,2301.36
-6.529,-1.414,0,42888.438,0,261,143.019,102.013,98.209,87.846,61.383,52.451,51.732,2301.364,2301.364,2301.364
-6.534,-1.482,0,42889.135,0,261,143.014,102.1,98.283,87.899,61.396,52.453,51.727,2301.365,2301.365,2301.365
-6.535,-1.569,0,42889.832,0,261,142.995,102.173,98.353,87.965,61.426,52.452,51.717,2301.372,2301.372,2301.372
-6.531,-1.66,0,42890.542,0,261,142.985,102.255,98.418,88.021,61.437,52.445,51.714,2301.37,2301.37,2301.37
-6.552,-1.748,0,42891.231,0,261,142.977,102.327,98.492,88.093,61.457,52.447,51.698,2301.378,2301.378,2301.378
-6.567,-1.827,0,42891.933,0,261,142.967,102.402,98.559,88.149,61.465,52.421,51.682,2301.363,2301.363,2301.363
-6.576,-1.9,0,42892.636,0,261,142.96,102.468,98.63,88.205,61.475,52.411,51.663,2301.362,2301.362,2301.362
-6.574,-1.975,0,42893.331,0,261,142.957,102.553,98.705,88.286,61.503,52.412,51.658,2301.389,2301.389,2301.389
-6.566,-2.051,0,42894.029,0,261,142.945,102.605,98.778,88.341,61.505,52.39,51.628,2301.365,2301.365,2301.365
-6.587,-2.134,0,42894.73,0,261,142.945,102.678,98.841,88.407,61.524,52.369,51.616,2301.364,2301.364,2301.364
-6.602,-2.209,0,42895.433,0,261,142.937,102.737,98.914,88.473,61.532,52.34,51.59,2301.37,2301.37,2301.37
-6.603,-2.273,0,42896.135,0,261,142.939,102.825,98.989,88.533,61.544,52.338,51.58,2301.382,2301.382,2301.382
-6.59,-2.299,0,42896.834,0,261,142.918,102.872,99.044,88.593,61.534,52.3,51.551,2301.353,2301.353,2301.353
-6.604,-2.3,0,42897.542,0,261,142.92,102.94,99.122,88.65,61.548,52.311,51.536,2301.366,2301.366,2301.366
-6.616,-2.36,0,42898.238,0,261,142.906,103,99.183,88.711,61.562,52.284,51.522,2301.364,2301.364,2301.364
-6.616,-2.418,0,42898.936,0,261,142.904,103.077,99.253,88.779,61.575,52.268,51.509,2301.373,2301.373,2301.373
-6.608,-2.477,0,42899.636,0,261,142.911,103.143,99.341,88.843,61.592,52.251,51.496,2301.378,2301.378,2301.378
-6.633,-2.529,0,42900.331,0,261,142.894,103.212,99.407,88.89,61.589,52.24,51.468,2301.366,2301.366,2301.366
-6.641,-2.588,0,42901.038,0,261,142.89,103.277,99.454,88.947,61.598,52.219,51.452,2301.362,2301.362,2301.362
-6.629,-2.651,0,42901.763,0,261,142.875,103.341,99.523,89.015,61.608,52.217,51.455,2301.373,2301.373,2301.373
-6.654,-2.71,0,42902.432,0,261,142.866,103.415,99.597,89.074,61.613,52.206,51.453,2301.377,2301.377,2301.377
-6.659,-2.77,0,42903.138,0,261,142.863,103.483,99.662,89.127,61.626,52.209,51.447,2301.376,2301.376,2301.376
-6.657,-2.833,0,42903.852,0,261,142.841,103.558,99.727,89.17,61.625,52.2,51.433,2301.372,2301.372,2301.372
-6.679,-2.88,0,42904.533,0,261,142.831,103.637,99.793,89.241,61.633,52.192,51.435,2301.371,2301.371,2301.371
-6.665,-2.936,0,42905.237,0,261,142.824,103.709,99.856,89.286,61.649,52.197,51.435,2301.366,2301.366,2301.366
-6.688,-2.972,0,42905.936,0,261,142.81,103.784,99.923,89.337,61.655,52.191,51.43,2301.366,2301.366,2301.366
-6.691,-3.02,0,42906.633,0,261,142.798,103.85,99.983,89.391,61.676,52.19,51.436,2301.366,2301.366,2301.366
-6.695,-3.07,0,42907.347,0,261,142.793,103.924,100.06,89.436,61.686,52.198,51.447,2301.373,2301.373,2301.373
-6.712,-3.123,0,42908.071,0,261,142.782,104.002,100.128,89.5,61.699,52.19,51.451,2301.37,2301.37,2301.37
-6.698,-3.172,0,42908.761,0,261,142.763,104.073,100.193,89.543,61.707,52.2,51.442,2301.358,2301.358,2301.358
-6.727,-3.233,0,42909.452,0,261,142.767,104.151,100.263,89.598,61.727,52.208,51.449,2301.366,2301.366,2301.366
-6.712,-3.295,0,42910.133,0,261,142.761,104.24,100.351,89.659,61.759,52.221,51.464,2301.391,2301.391,2301.391
-6.74,-3.36,0,42910.855,0,261,142.735,104.315,100.405,89.711,61.766,52.215,51.458,2301.378,2301.378,2301.378
-6.729,-3.426,0,42911.533,0,261,142.728,104.384,100.479,89.746,61.777,52.206,51.448,2301.369,2301.369,2301.369
-6.751,-3.478,0,42912.239,0,261,142.717,104.465,100.534,89.807,61.807,52.22,51.445,2301.381,2301.381,2301.381
-6.753,-3.558,0,42912.94,0,261,142.71,104.542,100.612,89.847,61.828,52.215,51.448,2301.373,2301.373,2301.373
-6.765,-3.625,0,42913.643,0,261,142.686,104.614,100.678,89.899,61.85,52.212,51.441,2301.371,2301.371,2301.371
-6.764,-3.699,0,42914.339,0,261,142.675,104.688,100.756,89.954,61.874,52.209,51.439,2301.373,2301.373,2301.373
-6.778,-3.771,0,42915.058,0,261,142.676,104.768,100.83,90.009,61.893,52.211,51.432,2301.383,2301.383,2301.383
-6.78,-3.83,0,42915.733,0,261,142.66,104.847,100.889,90.061,61.912,52.197,51.433,2301.378,2301.378,2301.378
-6.791,-3.897,0,42916.44,0,261,142.649,104.912,100.966,90.112,61.935,52.201,51.425,2301.371,2301.371,2301.371
-6.79,-3.957,0,42917.133,0,261,142.642,104.99,101.035,90.161,61.949,52.198,51.423,2301.377,2301.377,2301.377
-6.803,-4.02,0,42917.843,0,261,142.637,105.07,101.109,90.217,61.983,52.2,51.421,2301.383,2301.383,2301.383
-6.793,-4.071,0,42918.549,0,261,142.629,105.141,101.18,90.261,61.984,52.197,51.424,2301.377,2301.377,2301.377
-6.815,-4.13,0,42919.24,0,261,142.615,105.209,101.239,90.319,62.004,52.189,51.414,2301.373,2301.373,2301.373
-6.801,-4.183,0,42919.933,0,261,142.615,105.295,101.333,90.37,62.033,52.196,51.416,2301.388,2301.388,2301.388
-6.826,-4.25,0,42920.634,0,261,142.59,105.372,101.396,90.427,62.06,52.198,51.415,2301.382,2301.382,2301.382
-6.809,-4.288,0,42921.358,0,261,142.588,105.437,101.464,90.476,62.07,52.193,51.41,2301.385,2301.385,2301.385
-6.838,-4.331,0,42922.052,0,261,142.571,105.5,101.531,90.524,62.085,52.183,51.402,2301.369,2301.369,2301.369
-6.821,-4.382,0,42922.734,0,261,142.555,105.574,101.593,90.568,62.116,52.196,51.404,2301.375,2301.375,2301.375
-6.847,-4.427,0,42923.441,0,261,142.557,105.659,101.671,90.618,62.144,52.204,51.405,2301.387,2301.387,2301.387
-6.831,-4.488,0,42924.135,0,261,142.532,105.744,101.732,90.667,62.161,52.191,51.404,2301.375,2301.375,2301.375
-6.857,-4.55,0,42924.842,0,261,142.509,105.817,101.8,90.716,62.177,52.192,51.411,2301.376,2301.376,2301.376
-6.844,-4.593,0,42925.534,0,261,142.525,105.905,101.878,90.777,62.213,52.206,51.409,2301.391,2301.391,2301.391
-6.866,-4.642,0,42926.234,0,261,142.507,105.969,101.944,90.815,62.218,52.204,51.411,2301.388,2301.388,2301.388
-6.855,-4.684,0,42926.934,0,261,142.487,106.033,102.005,90.862,62.236,52.199,51.407,2301.373,2301.373,2301.373
-6.874,-4.724,0,42927.636,0,261,142.48,106.112,102.088,90.922,62.263,52.212,51.413,2301.392,2301.392,2301.392
-6.864,-4.763,0,42928.346,0,261,142.478,106.178,102.145,90.97,62.282,52.199,51.408,2301.381,2301.381,2301.381
-6.88,-4.8,0,42929.037,0,261,142.468,106.246,102.218,91.025,62.309,52.215,51.418,2301.388,2301.388,2301.388
-6.874,-4.842,0,42929.735,0,261,142.469,106.324,102.294,91.067,62.327,52.222,51.428,2301.395,2301.395,2301.395
-6.891,-4.897,0,42930.437,0,261,142.438,106.386,102.357,91.11,62.349,52.224,51.42,2301.387,2301.387,2301.387
-6.889,-4.946,0,42931.153,0,261,142.431,106.459,102.434,91.17,62.37,52.235,51.437,2301.388,2301.388,2301.388
-6.903,-5.005,0,42931.833,0,261,142.429,106.526,102.492,91.213,62.399,52.232,51.441,2301.385,2301.385,2301.385
-6.906,-5.059,0,42932.536,0,261,142.401,106.6,102.56,91.252,62.405,52.228,51.432,2301.365,2301.365,2301.365
-6.907,-5.055,0,42933.243,0,261,142.406,106.693,102.641,91.309,62.443,52.255,51.451,2301.393,2301.393,2301.393
-6.909,-5.053,0,42933.945,0,261,142.378,106.776,102.706,91.358,62.457,52.254,51.457,2301.391,2301.391,2301.391
-6.904,-5.053,0,42934.644,0,261,142.375,106.851,102.769,91.402,62.484,52.262,51.46,2301.389,2301.389,2301.389
-6.952,-5.197,0,42935.334,0,261,142.358,106.939,102.839,91.457,62.509,52.264,51.467,2301.391,2301.391,2301.391
-6.933,-5.146,0,42936.035,0,261,142.331,107.021,102.908,91.501,62.531,52.269,51.466,2301.389,2301.389,2301.389
-6.958,-5.127,0,42936.757,0,261,142.311,107.144,102.986,91.537,62.563,52.276,51.47,2301.393,2301.393,2301.393
-6.937,-5.067,0,42937.434,0,261,142.274,107.243,103.044,91.577,62.57,52.273,51.458,2301.369,2301.369,2301.369
-6.955,-5.032,0,42938.136,0,261,142.256,107.353,103.128,91.634,62.611,52.275,51.468,2301.39,2301.39,2301.39
-6.928,-4.987,0,42938.835,0,261,142.234,107.457,103.203,91.68,62.635,52.282,51.463,2301.392,2301.392,2301.392
-6.943,-4.926,0,42939.535,0,261,142.214,107.555,103.288,91.731,62.654,52.273,51.45,2301.385,2301.385,2301.385
-6.912,-4.858,0,42940.234,0,261,142.204,107.639,103.353,91.78,62.672,52.254,51.444,2301.382,2301.382,2301.382
-6.928,-4.798,0,42940.942,0,261,142.182,107.74,103.448,91.852,62.699,52.267,51.45,2301.394,2301.394,2301.394
-6.905,-4.74,0,42941.635,0,261,142.167,107.823,103.529,91.903,62.715,52.254,51.443,2301.403,2301.403,2301.403
-6.913,-4.681,0,42942.335,0,261,142.171,107.91,103.612,91.97,62.734,52.26,51.442,2301.412,2301.412,2301.412
-6.901,-4.631,0,42943.046,0,261,142.147,107.971,103.688,92.017,62.737,52.238,51.418,2301.391,2301.391,2301.391
-6.895,-4.574,0,42943.756,0,261,142.134,108.055,103.772,92.088,62.75,52.244,51.401,2301.391,2301.391,2301.391
-6.895,-4.511,0,42944.466,0,261,142.118,108.139,103.848,92.147,62.763,52.228,51.413,2301.393,2301.393,2301.393
-6.865,-4.439,0,42945.141,0,261,142.1,108.21,103.92,92.213,62.755,52.23,51.396,2301.386,2301.386,2301.386
-6.88,-4.384,0,42945.835,0,261,142.106,108.289,104.011,92.289,62.779,52.229,51.402,2301.397,2301.397,2301.397
-6.867,-4.32,0,42946.534,0,261,142.086,108.349,104.085,92.343,62.775,52.217,51.385,2301.382,2301.382,2301.382
-6.856,-4.257,0,42947.244,0,261,142.079,108.431,104.172,92.42,62.799,52.217,51.399,2301.401,2301.401,2301.401
-6.858,-4.182,0,42947.934,0,261,142.077,108.5,104.248,92.493,62.786,52.218,51.386,2301.399,2301.399,2301.399
-6.83,-4.117,0,42948.67,0,261,142.066,108.565,104.323,92.557,62.788,52.211,51.386,2301.399,2301.399,2301.399
-6.84,-4.027,0,42949.337,0,261,142.062,108.623,104.392,92.634,62.796,52.208,51.384,2301.391,2301.391,2301.391
-6.829,-3.944,0,42950.036,0,261,142.047,108.691,104.475,92.711,62.795,52.216,51.388,2301.402,2301.402,2301.402
-6.806,-3.863,0,42950.736,0,261,142.037,108.749,104.528,92.769,62.8,52.217,51.378,2301.386,2301.386,2301.386
-6.816,-3.783,0,42951.434,0,261,142.044,108.805,104.613,92.85,62.811,52.223,51.403,2301.398,2301.398,2301.398
-6.799,-3.721,0,42952.162,0,261,142.036,108.869,104.681,92.913,62.814,52.227,51.403,2301.396,2301.396,2301.396
-6.79,-3.655,0,42952.837,0,261,142.033,108.925,104.756,92.998,62.808,52.242,51.423,2301.401,2301.401,2301.401
-6.792,-3.597,0,42953.539,0,261,142.026,108.969,104.818,93.062,62.801,52.252,51.434,2301.384,2301.384,2301.384
-6.777,-3.558,0,42954.246,0,261,142.047,109.019,104.881,93.134,62.815,52.268,51.461,2301.394,2301.394,2301.394
-6.772,-3.511,0,42954.937,0,261,142.046,109.067,104.955,93.204,62.806,52.297,51.485,2301.4,2301.4,2301.4
-6.779,-3.481,0,42955.641,0,261,142.037,109.11,105.019,93.274,62.818,52.309,51.515,2301.396,2301.396,2301.396
-6.759,-3.44,0,42956.339,0,261,142.038,109.156,105.084,93.35,62.828,52.329,51.539,2301.399,2301.399,2301.399
-6.765,-3.433,0,42957.043,0,261,142.041,109.21,105.148,93.428,62.836,52.363,51.566,2301.404,2301.404,2301.404
-6.771,-3.412,0,42957.737,0,261,142.033,109.261,105.196,93.482,62.842,52.39,51.586,2301.389,2301.389,2301.389
-6.752,-3.381,0,42958.436,0,261,142.028,109.313,105.268,93.551,62.845,52.423,51.609,2301.389,2301.389,2301.389
-6.76,-3.358,0,42959.138,0,261,142.02,109.358,105.317,93.621,62.862,52.439,51.644,2301.392,2301.392,2301.392
-6.759,-3.311,0,42959.845,0,261,142.027,109.416,105.379,93.687,62.872,52.463,51.657,2301.39,2301.39,2301.39
-6.734,-3.265,0,42960.539,0,261,142.02,109.458,105.437,93.753,62.89,52.48,51.674,2301.39,2301.39,2301.39
-6.752,-3.233,0,42961.237,0,261,142.008,109.512,105.495,93.817,62.901,52.49,51.698,2301.39,2301.39,2301.39
-6.744,-3.187,0,42961.938,0,261,142.012,109.568,105.557,93.892,62.912,52.512,51.703,2301.388,2301.388,2301.388
-6.725,-3.133,0,42962.642,0,261,142.021,109.632,105.619,93.954,62.94,52.542,51.729,2301.408,2301.408,2301.408
-6.74,-3.091,0,42963.339,0,261,142.013,109.685,105.682,94.027,62.964,52.556,51.746,2301.413,2301.413,2301.413
-6.731,-3.029,0,42964.036,0,261,142.012,109.736,105.732,94.08,62.982,52.564,51.746,2301.403,2301.403,2301.403
-6.716,-2.983,0,42964.751,0,261,142.009,109.788,105.794,94.141,62.989,52.58,51.769,2301.41,2301.41,2301.41
-6.734,-2.935,0,42965.439,0,261,142.011,109.832,105.836,94.205,63.011,52.588,51.774,2301.404,2301.404,2301.404
-6.722,-2.899,0,42966.138,0,261,141.996,109.885,105.899,94.256,63.04,52.596,51.776,2301.399,2301.399,2301.399
-6.723,-2.844,0,42966.838,0,261,142.004,109.941,105.955,94.31,63.077,52.605,51.793,2301.401,2301.401,2301.401
-6.731,-2.774,0,42967.536,0,261,142,109.974,106.002,94.356,63.102,52.614,51.799,2301.388,2301.388,2301.388
-6.708,-2.69,0,42968.237,0,261,142.016,110.041,106.06,94.41,63.149,52.629,51.808,2301.41,2301.41,2301.41
-6.712,-2.606,0,42968.942,0,261,142.01,110.093,106.117,94.455,63.181,52.641,51.822,2301.407,2301.407,2301.407
-6.704,-2.495,0,42969.637,0,261,142.01,110.142,106.163,94.5,63.221,52.65,51.831,2301.411,2301.411,2301.411
-6.673,-2.376,0,42970.336,0,261,142.004,110.189,106.225,94.538,63.258,52.671,51.84,2301.413,2301.413,2301.413
-6.682,-2.278,0,42971.036,0,261,141.998,110.228,106.273,94.581,63.302,52.682,51.866,2301.426,2301.426,2301.426
-6.66,-2.176,0,42971.742,0,261,142.007,110.273,106.323,94.639,63.332,52.694,51.865,2301.416,2301.416,2301.416
-6.649,-2.056,0,42972.442,0,261,141.991,110.31,106.367,94.651,63.348,52.693,51.88,2301.395,2301.395,2301.395
-6.64,-1.951,0,42973.139,0,261,141.993,110.363,106.424,94.695,63.39,52.724,51.918,2301.409,2301.409,2301.409
-6.611,-1.854,0,42973.842,0,261,141.994,110.403,106.471,94.744,63.42,52.742,51.925,2301.41,2301.41,2301.41
-6.616,-1.755,0,42974.542,0,261,141.995,110.444,106.532,94.794,63.445,52.768,51.953,2301.415,2301.415,2301.415
-6.582,-1.666,0,42975.251,0,261,142.01,110.477,106.566,94.852,63.473,52.79,51.979,2301.414,2301.414,2301.414
-6.59,-1.587,0,42975.944,0,261,141.997,110.509,106.612,94.91,63.496,52.824,52.022,2301.412,2301.412,2301.412
-6.563,-1.51,0,42976.644,0,261,142,110.545,106.667,94.952,63.517,52.847,52.051,2301.403,2301.403,2301.403
-6.564,-1.441,0,42977.338,0,261,142.006,110.577,106.703,95.012,63.531,52.882,52.105,2301.408,2301.408,2301.408
-6.544,-1.371,0,42978.038,0,261,142.011,110.602,106.752,95.08,63.562,52.924,52.139,2301.409,2301.409,2301.409
-6.538,-1.311,0,42978.755,0,261,142.022,110.623,106.79,95.139,63.574,52.972,52.175,2301.405,2301.405,2301.405
-6.529,-1.256,0,42979.447,0,261,142.026,110.638,106.838,95.216,63.598,53.029,52.221,2301.414,2301.414,2301.414
-6.515,-1.201,0,42980.149,0,261,142.024,110.652,106.861,95.26,63.604,53.039,52.256,2301.388,2301.388,2301.388
-6.512,-1.133,0,42980.852,0,261,142.048,110.679,106.91,95.32,63.638,53.087,52.3,2301.404,2301.404,2301.404
-6.485,-1.077,0,42981.543,0,261,142.061,110.688,106.961,95.379,63.661,53.131,52.348,2301.406,2301.406,2301.406
-6.495,-1.018,0,42982.242,0,261,142.071,110.696,106.997,95.434,63.684,53.177,52.384,2301.411,2301.411,2301.411
-6.467,-0.969,0,42982.949,0,261,142.093,110.714,107.027,95.496,63.711,53.212,52.43,2301.408,2301.408,2301.408
-6.479,-0.911,0,42983.638,0,261,142.101,110.738,107.068,95.546,63.739,53.254,52.477,2301.417,2301.417,2301.417
-6.463,-0.873,0,42984.366,0,261,142.095,110.748,107.104,95.603,63.769,53.292,52.504,2301.409,2301.409,2301.409
-6.463,-0.813,0,42985.041,0,261,142.123,110.77,107.135,95.657,63.799,53.334,52.548,2301.423,2301.423,2301.423
-6.449,-0.766,0,42985.737,0,261,142.116,110.764,107.149,95.688,63.829,53.362,52.571,2301.4,2301.4,2301.4
-6.442,-0.719,0,42986.439,0,261,142.126,110.783,107.181,95.739,63.853,53.398,52.61,2301.407,2301.407,2301.407
-6.446,-0.687,0,42987.137,0,261,142.149,110.807,107.216,95.789,63.899,53.438,52.666,2301.427,2301.427,2301.427
-6.418,-0.637,0,42987.849,0,261,142.15,110.808,107.232,95.823,63.928,53.471,52.679,2301.405,2301.405,2301.405
-6.427,-0.579,0,42988.54,0,261,142.167,110.829,107.27,95.878,63.967,53.515,52.723,2301.423,2301.423,2301.423
-6.409,-0.538,0,42989.237,0,261,142.177,110.844,107.296,95.915,64.002,53.554,52.765,2301.426,2301.426,2301.426
-6.409,-0.497,0,42989.94,0,261,142.178,110.847,107.311,95.956,64.026,53.58,52.803,2301.412,2301.412,2301.412
-6.409,-0.458,0,42990.638,0,261,142.193,110.853,107.327,95.982,64.066,53.623,52.829,2301.411,2301.411,2301.411
-6.387,-0.415,0,42991.34,0,261,142.202,110.872,107.362,96.029,64.096,53.653,52.873,2301.42,2301.42,2301.42
-6.392,-0.381,0,42992.039,0,261,142.201,110.879,107.373,96.063,64.115,53.683,52.912,2301.403,2301.403,2301.403
-6.391,-0.342,0,42992.74,0,261,142.212,110.884,107.4,96.09,64.163,53.726,52.948,2301.403,2301.403,2301.403
-6.368,-0.304,0,42993.442,0,261,142.231,110.893,107.423,96.136,64.194,53.768,52.99,2301.413,2301.413,2301.413
-6.376,-0.27,0,42994.16,0,261,142.23,110.905,107.449,96.161,64.241,53.818,53.049,2301.409,2301.409,2301.409
-6.374,-0.236,0,42994.841,0,261,142.247,110.921,107.451,96.204,64.277,53.858,53.081,2301.408,2301.408,2301.408
-6.351,-0.205,0,42995.539,0,261,142.246,110.923,107.482,96.242,64.312,53.908,53.133,2301.405,2301.405,2301.405
-6.362,-0.175,0,42996.246,0,261,142.265,110.925,107.492,96.267,64.346,53.955,53.194,2301.403,2301.403,2301.403
-6.362,-0.149,0,42996.94,0,261,142.273,110.924,107.505,96.3,64.396,54.005,53.239,2301.402,2301.402,2301.402
-6.345,-0.122,0,42997.64,0,261,142.287,110.921,107.531,96.353,64.439,54.067,53.314,2301.412,2301.412,2301.412
-6.349,-0.103,0,42998.338,0,261,142.312,110.936,107.547,96.392,64.49,54.131,53.371,2301.418,2301.418,2301.418
-6.354,-0.09,0,42999.039,0,261,142.322,110.916,107.565,96.422,64.527,54.193,53.431,2301.415,2301.415,2301.415
-6.343,-0.083,0,42999.748,0,261,142.334,110.906,107.585,96.474,64.574,54.248,53.492,2301.413,2301.413,2301.413
-6.346,-0.079,0,43000.438,0,261,142.356,110.896,107.584,96.519,64.608,54.302,53.554,2301.408,2301.408,2301.408
-6.354,-0.077,0,43001.14,0,261,142.37,110.891,107.601,96.555,64.67,54.371,53.62,2301.411,2301.411,2301.411
-6.347,-0.076,0,43001.838,0,261,142.394,110.888,107.61,96.607,64.714,54.438,53.678,2301.409,2301.409,2301.409
-6.335,-0.074,0,43002.546,0,261,142.406,110.886,107.622,96.645,64.765,54.49,53.742,2301.422,2301.422,2301.422
-6.35,-0.072,0,43003.239,0,261,142.416,110.874,107.632,96.677,64.812,54.554,53.795,2301.409,2301.409,2301.409
-6.343,-0.069,0,43003.944,0,261,142.424,110.868,107.637,96.725,64.847,54.613,53.868,2301.414,2301.414,2301.414
-6.324,-0.067,0,43004.649,0,261,142.434,110.863,107.64,96.753,64.896,54.669,53.926,2301.413,2301.413,2301.413
-6.336,-0.066,0,43005.357,0,261,142.446,110.864,107.647,96.779,64.935,54.735,53.989,2301.409,2301.409,2301.409
-6.336,-0.064,0,43006.059,0,261,142.464,110.863,107.66,96.821,65,54.794,54.058,2301.423,2301.423,2301.423
-6.32,-0.058,0,43006.739,0,261,142.469,110.862,107.66,96.845,65.04,54.856,54.118,2301.416,2301.416,2301.416
-6.314,-0.054,0,43007.438,0,261,142.49,110.871,107.679,96.879,65.095,54.918,54.192,2301.432,2301.432,2301.432
-6.32,-0.05,0,43008.138,0,261,142.5,110.863,107.679,96.897,65.134,54.98,54.231,2301.424,2301.424,2301.424
-6.313,-0.043,0,43008.843,0,261,142.509,110.863,107.678,96.931,65.184,55.037,54.301,2301.43,2301.43,2301.43
-6.295,-0.038,0,43009.542,0,261,142.504,110.857,107.675,96.943,65.212,55.083,54.345,2301.407,2301.407,2301.407
-6.294,-0.032,0,43010.239,0,261,142.53,110.853,107.691,96.988,65.264,55.153,54.42,2301.419,2301.419,2301.419
-6.299,-0.027,0,43010.939,0,261,142.54,110.849,107.691,97.021,65.314,55.215,54.478,2301.419,2301.419,2301.419
-6.295,-0.023,0,43011.648,0,261,142.565,110.839,107.709,97.063,65.359,55.287,54.554,2301.426,2301.426,2301.426
-6.268,-0.023,0,43012.339,0,261,142.57,110.826,107.702,97.096,65.402,55.346,54.636,2301.422,2301.422,2301.422
-6.242,-0.022,0,43013.043,0,261,142.587,110.806,107.697,97.133,65.447,55.423,54.748,2301.416,2301.416,2301.416
-6.244,-0.024,0,43013.739,0,261,142.605,110.8,107.708,97.154,65.493,55.54,54.878,2301.421,2301.421,2301.421
-6.232,-0.023,0,43014.439,0,261,142.61,110.785,107.704,97.183,65.535,55.651,55.012,2301.411,2301.411,2301.411
-6.213,-0.023,0,43015.138,0,261,142.624,110.776,107.714,97.222,65.578,55.788,55.166,2301.42,2301.42,2301.42
-6.195,-0.023,0,43015.85,0,261,142.643,110.779,107.721,97.249,65.628,55.933,55.326,2301.433,2301.433,2301.433
-6.171,-0.023,0,43016.541,0,261,142.657,110.765,107.705,97.276,65.678,56.069,55.461,2301.418,2301.418,2301.418
-6.145,-0.023,0,43017.27,0,261,142.675,110.761,107.715,97.304,65.734,56.207,55.608,2301.429,2301.429,2301.429
-6.139,-0.023,0,43017.94,0,261,142.666,110.756,107.721,97.33,65.787,56.353,55.759,2301.419,2301.419,2301.419
-6.133,-0.022,0,43018.67,0,261,142.682,110.735,107.712,97.339,65.843,56.491,55.911,2301.407,2301.407,2301.407
-6.121,-0.023,0,43019.342,0,261,142.699,110.748,107.716,97.379,65.926,56.639,56.058,2301.423,2301.423,2301.423
-6.104,-0.023,0,43020.042,0,261,142.709,110.732,107.708,97.39,65.986,56.784,56.212,2301.413,2301.413,2301.413
-6.083,-0.023,0,43020.74,0,261,142.722,110.735,107.724,97.407,66.065,56.935,56.365,2301.42,2301.42,2301.42
-6.065,-0.023,0,43021.439,0,261,142.743,110.743,107.736,97.441,66.149,57.081,56.521,2301.438,2301.438,2301.438
-6.062,-0.023,0,43022.149,0,261,142.74,110.726,107.717,97.45,66.221,57.222,56.661,2301.415,2301.415,2301.415
-6.054,-0.023,0,43022.84,0,261,142.744,110.735,107.713,97.468,66.305,57.371,56.806,2301.428,2301.428,2301.428
-6.042,-0.023,0,43023.54,0,261,142.754,110.725,107.712,97.489,66.387,57.507,56.957,2301.421,2301.421,2301.421
-6.018,-0.023,0,43024.247,0,261,142.766,110.716,107.723,97.505,66.462,57.645,57.094,2301.419,2301.419,2301.419
-6.009,-0.023,0,43024.971,0,261,142.779,110.714,107.718,97.522,66.556,57.8,57.224,2301.414,2301.414,2301.414
-6.021,-0.022,0,43025.64,0,261,142.781,110.712,107.712,97.531,66.639,57.93,57.374,2301.411,2301.411,2301.411
-6.023,-0.023,0,43026.361,0,261,142.805,110.724,107.736,97.571,66.742,58.076,57.535,2301.434,2301.434,2301.434
-6.011,-0.023,0,43027.04,0,261,142.798,110.718,107.723,97.572,66.823,58.212,57.675,2301.423,2301.423,2301.423
-6.008,-0.023,0,43027.749,0,261,142.815,110.719,107.733,97.609,66.916,58.36,57.814,2301.431,2301.431,2301.431
-6.02,-0.023,0,43028.456,0,261,142.81,110.71,107.725,97.624,67.002,58.486,57.944,2301.42,2301.42,2301.42
-6.018,-0.023,0,43029.141,0,261,142.831,110.71,107.726,97.636,67.09,58.622,58.086,2301.416,2301.416,2301.416
-5.897,-0.023,0,43029.86,0,261,142.836,110.709,107.732,97.652,67.188,58.755,58.224,2301.425,2301.425,2301.425
-5.915,-0.023,0,43030.541,0,261,142.842,110.715,107.745,97.677,67.291,58.898,58.371,2301.433,2301.433,2301.433
-5.916,-0.022,0,43031.277,0,261,142.851,110.704,107.738,97.69,67.377,59.03,58.503,2301.421,2301.421,2301.421
-5.945,-0.022,0,43031.952,0,261,142.86,110.713,107.748,97.721,67.472,59.166,58.648,2301.436,2301.436,2301.436
-5.967,-0.023,0,43032.642,0,261,142.85,110.707,107.738,97.729,67.557,59.286,58.76,2301.414,2301.414,2301.414
-5.96,-0.023,0,43033.342,0,261,142.854,110.699,107.731,97.749,67.662,59.424,58.891,2301.413,2301.413,2301.413
-5.989,-0.023,0,43034.04,0,261,142.865,110.709,107.738,97.783,67.759,59.558,59.031,2301.424,2301.424,2301.424
-6.01,-0.023,0,43034.741,0,261,142.865,110.706,107.748,97.79,67.857,59.69,59.164,2301.423,2301.423,2301.423
-6.008,-0.023,0,43035.444,0,261,142.884,110.707,107.75,97.822,67.947,59.817,59.291,2301.424,2301.424,2301.424
-6.026,-0.023,0,43036.143,0,261,142.89,110.702,107.753,97.853,68.053,59.951,59.425,2301.428,2301.428,2301.428
-6.048,-0.022,0,43036.859,0,261,142.897,110.709,107.759,97.866,68.153,60.071,59.545,2301.427,2301.427,2301.427
-6.062,-0.023,0,43037.561,0,261,142.904,110.707,107.768,97.895,68.258,60.204,59.672,2301.43,2301.43,2301.43
-6.058,-0.023,0,43038.241,0,261,142.914,110.705,107.762,97.905,68.339,60.312,59.791,2301.419,2301.419,2301.419
-6.079,-0.024,0,43038.96,0,261,142.926,110.719,107.766,97.927,68.438,60.439,59.913,2301.429,2301.429,2301.429
-6.1,-0.023,0,43039.646,0,261,142.915,110.712,107.77,97.953,68.528,60.569,60.034,2301.422,2301.422,2301.422
-6.113,-0.022,0,43040.348,0,261,142.928,110.723,107.791,97.978,68.631,60.678,60.155,2301.432,2301.432,2301.432
-6.116,-0.023,0,43041.055,0,261,142.925,110.713,107.782,97.999,68.721,60.786,60.257,2301.417,2301.417,2301.417
-6.128,-0.024,0,43041.743,0,261,142.933,110.728,107.798,98.028,68.815,60.911,60.377,2301.433,2301.433,2301.433
-6.158,-0.023,0,43042.45,0,261,142.94,110.729,107.792,98.049,68.927,61.025,60.486,2301.428,2301.428,2301.428
-6.171,-0.023,0,43043.143,0,261,142.949,110.74,107.807,98.085,69.023,61.139,60.604,2301.445,2301.445,2301.445
-6.182,-0.022,0,43043.871,0,261,142.943,110.738,107.804,98.1,69.104,61.24,60.687,2301.422,2301.422,2301.422
-6.182,-0.023,0,43044.549,0,261,142.954,110.742,107.81,98.117,69.205,61.344,60.801,2301.431,2301.431,2301.431
-6.214,-0.023,0,43045.242,0,261,142.95,110.742,107.815,98.151,69.29,61.438,60.886,2301.427,2301.427,2301.427
-6.229,-0.022,0,43045.945,0,261,142.965,110.745,107.824,98.178,69.377,61.533,60.982,2301.429,2301.429,2301.429
-6.237,-0.023,0,43046.64,0,261,142.954,110.74,107.828,98.193,69.466,61.615,61.056,2301.416,2301.416,2301.416
-6.254,-0.022,0,43047.343,0,261,142.975,110.751,107.826,98.226,69.559,61.704,61.123,2301.425,2301.425,2301.425
-6.273,-0.024,0,43048.043,0,261,142.973,110.771,107.852,98.255,69.649,61.78,61.166,2301.442,2301.442,2301.442
-6.264,-0.032,0,43048.746,0,261,142.975,110.76,107.844,98.274,69.722,61.811,61.15,2301.422,2301.422,2301.422
-6.272,-0.044,0,43049.462,0,261,142.986,110.763,107.847,98.301,69.821,61.829,61.147,2301.431,2301.431,2301.431
-6.288,-0.068,0,43050.142,0,261,142.996,110.792,107.876,98.322,69.912,61.828,61.125,2301.45,2301.45,2301.45
-6.276,-0.083,0,43050.843,0,261,142.986,110.793,107.864,98.312,69.977,61.801,61.082,2301.431,2301.431,2301.431
-6.288,-0.091,0,43051.548,0,261,142.978,110.815,107.883,98.292,70.05,61.78,61.04,2301.435,2301.435,2301.435
-6.292,-0.093,0,43052.241,0,261,142.976,110.836,107.884,98.291,70.129,61.751,60.992,2301.43,2301.43,2301.43
-6.274,-0.099,0,43052.942,0,261,142.967,110.86,107.901,98.281,70.176,61.713,60.951,2301.427,2301.427,2301.427
-6.292,-0.105,0,43053.643,0,261,142.973,110.877,107.913,98.271,70.241,61.677,60.919,2301.438,2301.438,2301.438
-6.294,-0.112,0,43054.344,0,261,142.977,110.894,107.915,98.277,70.285,61.655,60.883,2301.433,2301.433,2301.433
-6.278,-0.116,0,43055.051,0,261,142.957,110.917,107.928,98.272,70.336,61.624,60.849,2301.432,2301.432,2301.432
-6.297,-0.112,0,43055.744,0,261,142.97,110.939,107.942,98.278,70.369,61.595,60.836,2301.437,2301.437,2301.437
-6.293,-0.117,0,43056.441,0,261,142.969,110.947,107.96,98.288,70.408,61.589,60.815,2301.434,2301.434,2301.434
-6.28,-0.119,0,43057.145,0,261,142.959,110.97,107.961,98.281,70.435,61.553,60.78,2301.422,2301.422,2301.422
-6.301,-0.128,0,43057.843,0,261,142.959,110.983,107.977,98.308,70.468,61.535,60.773,2301.434,2301.434,2301.434
-6.303,-0.137,0,43058.551,0,261,142.961,111.005,107.997,98.312,70.49,61.52,60.752,2301.437,2301.437,2301.437
-6.295,-0.141,0,43059.242,0,261,142.956,111.032,108.013,98.34,70.518,61.506,60.74,2301.44,2301.44,2301.44
-6.316,-0.14,0,43059.943,0,261,142.954,111.037,108.02,98.337,70.544,61.493,60.713,2301.431,2301.431,2301.431
-6.313,-0.147,0,43060.647,0,261,142.947,111.067,108.042,98.359,70.563,61.475,60.699,2301.436,2301.436,2301.436
-6.32,-0.178,0,43061.344,0,261,142.947,111.08,108.052,98.364,70.587,61.456,60.671,2301.431,2301.431,2301.431
-6.338,-0.214,0,43062.059,0,261,142.948,111.093,108.07,98.375,70.596,61.453,60.661,2301.442,2301.442,2301.442
-6.328,-0.25,0,43062.75,0,261,142.938,111.124,108.094,98.389,70.618,61.422,60.637,2301.44,2301.44,2301.44
-6.353,-0.292,0,43063.45,0,261,142.939,111.141,108.107,98.384,70.628,61.4,60.601,2301.436,2301.436,2301.436
-6.357,-0.336,0,43064.146,0,261,142.939,111.163,108.12,98.39,70.642,61.378,60.561,2301.44,2301.44,2301.44
-6.364,-0.379,0,43064.854,0,261,142.921,111.172,108.135,98.355,70.649,61.335,60.525,2301.427,2301.427,2301.427
-6.38,-0.43,0,43065.549,0,261,142.913,111.208,108.149,98.359,70.656,61.303,60.48,2301.434,2301.434,2301.434
-6.372,-0.482,0,43066.245,0,261,142.922,111.255,108.169,98.352,70.661,61.265,60.443,2301.441,2301.441,2301.441
-6.4,-0.533,0,43066.945,0,261,142.904,111.276,108.188,98.34,70.664,61.224,60.381,2301.435,2301.435,2301.435
-6.393,-0.583,0,43067.643,0,261,142.895,111.312,108.204,98.332,70.666,61.182,60.338,2301.442,2301.442,2301.442
-6.416,-0.637,0,43068.344,0,261,142.883,111.342,108.223,98.323,70.675,61.133,60.292,2301.448,2301.448,2301.448
-6.414,-0.689,0,43069.043,0,261,142.869,111.38,108.239,98.321,70.668,61.085,60.241,2301.446,2301.446,2301.446
-6.43,-0.741,0,43069.749,0,261,142.857,111.411,108.255,98.311,70.664,61.043,60.185,2301.431,2301.431,2301.431
-6.432,-0.795,0,43070.445,0,261,142.854,111.445,108.284,98.328,70.679,61.002,60.153,2301.452,2301.452,2301.452
-6.447,-0.851,0,43071.145,0,261,142.84,111.488,108.305,98.325,70.683,60.957,60.11,2301.45,2301.45,2301.45
-6.448,-0.908,0,43071.848,0,261,142.834,111.526,108.326,98.321,70.678,60.92,60.071,2301.456,2301.456,2301.456
-6.465,-0.972,0,43072.547,0,261,142.806,111.555,108.345,98.323,70.672,60.869,60.018,2301.439,2301.439,2301.439
-6.461,-1.024,0,43073.247,0,261,142.792,111.607,108.378,98.337,70.675,60.838,59.976,2301.445,2301.445,2301.445
-6.481,-1.087,0,43073.967,0,261,142.792,111.646,108.409,98.361,70.672,60.81,59.951,2301.457,2301.457,2301.457
-6.473,-1.146,0,43074.647,0,261,142.774,111.679,108.432,98.358,70.654,60.759,59.893,2301.441,2301.441,2301.441
-6.495,-1.215,0,43075.35,0,261,142.757,111.727,108.448,98.373,70.647,60.707,59.85,2301.427,2301.427,2301.427
-6.481,-1.289,0,43076.046,0,261,142.752,111.776,108.487,98.388,70.653,60.686,59.817,2301.449,2301.449,2301.449
-6.509,-1.353,0,43076.748,0,261,142.746,111.814,108.515,98.426,70.643,60.66,59.781,2301.451,2301.451,2301.451
-6.494,-1.423,0,43077.443,0,261,142.732,111.874,108.549,98.445,70.632,60.61,59.753,2301.454,2301.454,2301.454
-6.523,-1.498,0,43078.163,0,261,142.715,111.912,108.574,98.468,70.602,60.567,59.704,2301.444,2301.444,2301.444
-6.509,-1.575,0,43078.857,0,261,142.703,111.944,108.607,98.493,70.593,60.528,59.649,2301.443,2301.443,2301.443
-6.541,-1.665,0,43079.544,0,261,142.689,111.99,108.639,98.522,70.576,60.482,59.603,2301.441,2301.441,2301.441
-6.527,-1.744,0,43080.272,0,261,142.684,112.032,108.682,98.564,70.556,60.438,59.555,2301.452,2301.452,2301.452
-6.556,-1.829,0,43080.945,0,261,142.673,112.061,108.711,98.588,70.537,60.389,59.489,2301.444,2301.444,2301.444
-6.542,-1.91,0,43081.646,0,261,142.661,112.092,108.75,98.617,70.515,60.334,59.434,2301.447,2301.447,2301.447
-6.568,-1.977,0,43082.345,0,261,142.654,112.127,108.776,98.654,70.486,60.275,59.367,2301.433,2301.433,2301.433
-6.558,-2.059,0,43083.046,0,261,142.652,112.163,108.819,98.699,70.466,60.232,59.326,2301.456,2301.456,2301.456
-6.581,-2.13,0,43083.745,0,261,142.639,112.19,108.847,98.728,70.444,60.171,59.262,2301.447,2301.447,2301.447
-6.579,-2.215,0,43084.451,0,261,142.626,112.218,108.868,98.75,70.392,60.103,59.2,2301.423,2301.423,2301.423
-6.593,-2.288,0,43085.146,0,261,142.629,112.251,108.921,98.792,70.381,60.062,59.154,2301.454,2301.454,2301.454
-6.597,-2.359,0,43085.857,0,261,142.612,112.273,108.94,98.813,70.344,59.991,59.09,2301.434,2301.434,2301.434
-6.595,-2.353,0,43086.547,0,261,142.615,112.311,108.97,98.847,70.326,59.953,59.042,2301.439,2301.439,2301.439
-6.605,-2.378,0,43087.244,0,261,142.597,112.339,109.01,98.879,70.288,59.895,58.989,2301.441,2301.441,2301.441
-6.59,-2.444,0,43087.947,0,261,142.613,112.38,109.055,98.918,70.27,59.851,58.95,2301.463,2301.463,2301.463
-6.618,-2.517,0,43088.691,0,261,142.581,112.405,109.078,98.933,70.239,59.793,58.884,2301.439,2301.439,2301.439
-6.612,-2.583,0,43089.351,0,261,142.591,112.444,109.116,98.963,70.21,59.758,58.844,2301.452,2301.452,2301.452
-6.626,-2.642,0,43090.046,0,261,142.587,112.457,109.141,98.985,70.171,59.706,58.802,2301.442,2301.442,2301.442
-6.636,-2.698,0,43090.745,0,261,142.577,112.488,109.188,99.023,70.154,59.668,58.767,2301.458,2301.458,2301.458
-6.625,-2.753,0,43091.464,0,261,142.57,112.529,109.21,99.031,70.121,59.623,58.725,2301.45,2301.45,2301.45
-6.653,-2.813,0,43092.145,0,261,142.548,112.562,109.224,99.06,70.085,59.572,58.687,2301.441,2301.441,2301.441
-6.651,-2.876,0,43092.848,0,261,142.53,112.584,109.261,99.073,70.065,59.548,58.65,2301.446,2301.446,2301.446
-6.658,-2.94,0,43093.547,0,261,142.534,112.624,109.296,99.09,70.036,59.513,58.622,2301.439,2301.439,2301.439
-6.675,-2.995,0,43094.262,0,261,142.525,112.662,109.323,99.117,70.012,59.484,58.582,2301.447,2301.447,2301.447
-6.667,-3.046,0,43094.948,0,261,142.52,112.692,109.369,99.141,69.998,59.458,58.564,2301.456,2301.456,2301.456
-6.682,-3.094,0,43095.65,0,261,142.506,112.728,109.387,99.145,69.965,59.416,58.531,2301.44,2301.44,2301.44
-6.695,-3.139,0,43096.346,0,261,142.502,112.773,109.424,99.172,69.954,59.392,58.509,2301.457,2301.457,2301.457
-6.687,-3.187,0,43097.046,0,261,142.479,112.8,109.438,99.173,69.929,59.363,58.491,2301.442,2301.442,2301.442
-6.7,-3.239,0,43097.748,0,261,142.484,112.855,109.485,99.197,69.927,59.356,58.481,2301.46,2301.46,2301.46
-6.716,-3.281,0,43098.453,0,261,142.471,112.89,109.515,99.208,69.914,59.334,58.467,2301.46,2301.46,2301.46
-6.711,-3.335,0,43099.151,0,261,142.44,112.926,109.538,99.214,69.894,59.305,58.425,2301.441,2301.441,2301.441
-6.714,-3.392,0,43099.85,0,261,142.428,112.974,109.572,99.23,69.89,59.288,58.413,2301.451,2301.451,2301.451
-6.735,-3.454,0,43100.552,0,261,142.421,113.006,109.602,99.234,69.873,59.26,58.383,2301.437,2301.437,2301.437
-6.738,-3.51,0,43101.247,0,261,142.409,113.059,109.643,99.251,69.881,59.242,58.367,2301.448,2301.448,2301.448
-6.726,-3.571,0,43101.955,0,261,142.399,113.109,109.674,99.268,69.886,59.223,58.346,2301.462,2301.462,2301.462
-6.749,-3.642,0,43102.645,0,261,142.389,113.152,109.708,99.273,69.873,59.203,58.322,2301.459,2301.459,2301.459
-6.762,-3.718,0,43103.347,0,261,142.369,113.197,109.746,99.284,69.871,59.172,58.279,2301.448,2301.448,2301.448
-6.758,-3.778,0,43104.054,0,261,142.356,113.24,109.767,99.297,69.861,59.15,58.265,2301.447,2301.447,2301.447
-6.757,-3.844,0,43104.762,0,261,142.34,113.289,109.809,99.303,69.857,59.116,58.226,2301.449,2301.449,2301.449
-6.781,-3.916,0,43105.451,0,261,142.341,113.33,109.849,99.327,69.864,59.089,58.193,2301.456,2301.456,2301.456
-6.786,-3.972,0,43106.147,0,261,142.323,113.38,109.891,99.338,69.851,59.066,58.17,2301.455,2301.455,2301.455
-6.779,-4.034,0,43106.845,0,261,142.32,113.402,109.915,99.341,69.837,59.031,58.131,2301.443,2301.443,2301.443
-6.785,-4.1,0,43107.545,0,261,142.306,113.455,109.962,99.367,69.832,59.008,58.117,2301.457,2301.457,2301.457
-6.806,-4.16,0,43108.246,0,261,142.294,113.491,109.984,99.375,69.825,58.973,58.08,2301.455,2301.455,2301.455
-6.812,-4.22,0,43108.949,0,261,142.274,113.533,110.03,99.384,69.819,58.949,58.048,2301.452,2301.452,2301.452
-6.808,-4.286,0,43109.646,0,261,142.262,113.573,110.066,99.398,69.813,58.923,58.018,2301.448,2301.448,2301.448
-6.801,-4.343,0,43110.35,0,261,142.257,113.628,110.111,99.409,69.811,58.892,57.995,2301.455,2301.455,2301.455
-6.819,-4.383,0,43111.051,0,261,142.25,113.661,110.136,99.427,69.799,58.871,57.968,2301.454,2301.454,2301.454
-6.831,-4.429,0,43111.752,0,261,142.236,113.698,110.18,99.459,69.801,58.833,57.939,2301.461,2301.461,2301.461
-6.835,-4.483,0,43112.446,0,261,142.227,113.735,110.209,99.465,69.793,58.814,57.908,2301.453,2301.453,2301.453
-6.831,-4.537,0,43113.156,0,261,142.215,113.769,110.249,99.487,69.78,58.783,57.881,2301.451,2301.451,2301.451
-6.822,-4.575,0,43113.847,0,261,142.216,113.793,110.287,99.504,69.77,58.756,57.848,2301.453,2301.453,2301.453
-6.842,-4.613,0,43114.546,0,261,142.195,113.826,110.325,99.515,69.754,58.727,57.821,2301.446,2301.446,2301.446
-6.856,-4.651,0,43115.246,0,261,142.212,113.868,110.366,99.556,69.753,58.715,57.821,2301.475,2301.475,2301.475
-6.86,-4.699,0,43115.947,0,261,142.188,113.897,110.384,99.553,69.731,58.671,57.776,2301.455,2301.455,2301.455
-6.853,-4.744,0,43116.646,0,261,142.182,113.943,110.421,99.587,69.735,58.651,57.738,2301.461,2301.461,2301.461
-6.846,-4.779,0,43117.35,0,261,142.17,113.963,110.452,99.596,69.705,58.622,57.708,2301.452,2301.452,2301.452
-6.864,-4.819,0,43118.045,0,261,142.162,114.01,110.489,99.612,69.711,58.584,57.676,2301.46,2301.46,2301.46
-6.877,-4.861,0,43118.76,0,261,142.141,114.058,110.527,99.63,69.686,58.558,57.649,2301.465,2301.465,2301.465
-6.882,-4.902,0,43119.455,0,261,142.135,114.086,110.552,99.665,69.679,58.53,57.611,2301.456,2301.456,2301.456
-6.882,-4.941,0,43120.16,0,261,142.132,114.108,110.588,99.676,69.665,58.495,57.571,2301.458,2301.458,2301.458
-6.876,-4.991,0,43120.847,0,261,142.116,114.137,110.626,99.693,69.659,58.458,57.553,2301.453,2301.453,2301.453
-6.884,-5.05,0,43121.547,0,261,142.109,114.175,110.656,99.711,69.644,58.437,57.524,2301.458,2301.458,2301.458
-6.899,-5.049,0,43122.249,0,261,142.098,114.232,110.691,99.733,69.644,58.422,57.499,2301.468,2301.468,2301.468
-6.903,-5.049,0,43122.959,0,261,142.079,114.27,110.724,99.746,69.633,58.391,57.473,2301.465,2301.465,2301.465
-6.917,-5.103,0,43123.646,0,261,142.069,114.308,110.756,99.757,69.612,58.359,57.435,2301.456,2301.456,2301.456
-6.928,-5.15,0,43124.36,0,261,142.061,114.357,110.794,99.781,69.615,58.349,57.427,2301.47,2301.47,2301.47
-6.921,-5.149,0,43125.048,0,261,142.033,114.419,110.824,99.782,69.609,58.318,57.389,2301.462,2301.462,2301.462
-6.942,-5.129,0,43125.748,0,261,142.003,114.49,110.862,99.788,69.613,58.294,57.365,2301.461,2301.461,2301.461
-6.947,-5.074,0,43126.447,0,261,141.987,114.555,110.89,99.808,69.624,58.274,57.339,2301.469,2301.469,2301.469
-6.941,-5.028,0,43127.151,0,261,141.957,114.613,110.933,99.818,69.627,58.239,57.31,2301.469,2301.469,2301.469
-6.928,-4.972,0,43127.854,0,261,141.954,114.669,110.981,99.824,69.611,58.212,57.282,2301.468,2301.468,2301.468
-6.908,-4.911,0,43128.546,0,261,141.937,114.705,111.015,99.842,69.597,58.189,57.249,2301.467,2301.467,2301.467
-6.906,-4.869,0,43129.248,0,261,141.937,114.77,111.066,99.877,69.6,58.165,57.228,2301.485,2301.485,2301.485
-6.913,-4.817,0,43129.963,0,261,141.919,114.816,111.097,99.876,69.577,58.131,57.182,2301.471,2301.471,2301.471
-6.912,-4.758,0,43130.648,0,261,141.904,114.864,111.139,99.892,69.554,58.101,57.161,2301.472,2301.472,2301.472
-6.906,-4.702,0,43131.362,0,261,141.881,114.906,111.183,99.929,69.541,58.084,57.131,2301.475,2301.475,2301.475
-6.895,-4.628,0,43132.05,0,261,141.889,114.95,111.225,99.959,69.532,58.044,57.099,2301.471,2301.471,2301.471
-6.881,-4.549,0,43132.751,0,261,141.855,114.986,111.268,99.973,69.506,58.013,57.06,2301.462,2301.462,2301.462
-6.866,-4.474,0,43133.459,0,261,141.845,115.024,111.302,100.013,69.49,57.983,57.045,2301.465,2301.465,2301.465
-6.849,-4.413,0,43134.147,0,261,141.843,115.08,111.357,100.051,69.48,57.966,57.032,2301.489,2301.489,2301.489
-6.846,-4.348,0,43134.848,0,261,141.822,115.099,111.376,100.06,69.438,57.931,56.993,2301.453,2301.453,2301.453
-6.847,-4.28,0,43135.56,0,261,141.813,115.141,111.434,100.11,69.431,57.92,56.98,2301.474,2301.474,2301.474
-6.84,-4.213,0,43136.256,0,261,141.808,115.177,111.464,100.129,69.397,57.884,56.958,2301.465,2301.465,2301.465
-6.837,-4.153,0,43136.954,0,261,141.802,115.211,111.511,100.184,69.373,57.871,56.933,2301.474,2301.474,2301.474
-6.831,-4.063,0,43137.654,0,261,141.798,115.243,111.549,100.211,69.348,57.842,56.908,2301.473,2301.473,2301.473
-6.823,-3.975,0,43138.354,0,261,141.792,115.281,111.588,100.254,69.316,57.831,56.897,2301.48,2301.48,2301.48
-6.815,-3.893,0,43139.056,0,261,141.784,115.316,111.635,100.303,69.306,57.824,56.896,2301.487,2301.487,2301.487
-6.807,-3.815,0,43139.761,0,261,141.773,115.327,111.654,100.323,69.269,57.796,56.867,2301.462,2301.462,2301.462
-6.798,-3.748,0,43140.45,0,261,141.77,115.37,111.7,100.36,69.24,57.794,56.865,2301.472,2301.472,2301.472
-6.791,-3.686,0,43141.147,0,261,141.766,115.401,111.742,100.411,69.225,57.779,56.875,2301.482,2301.482,2301.482
-6.784,-3.633,0,43141.847,0,261,141.76,115.415,111.767,100.436,69.197,57.769,56.853,2301.462,2301.462,2301.462
-6.779,-3.597,0,43142.549,0,261,141.766,115.448,111.814,100.494,69.179,57.773,56.879,2301.487,2301.487,2301.487
-6.773,-3.55,0,43143.249,0,261,141.743,115.467,111.838,100.517,69.137,57.766,56.868,2301.457,2301.457,2301.457
-6.769,-3.511,0,43143.95,0,261,141.748,115.497,111.873,100.561,69.11,57.785,56.887,2301.467,2301.467,2301.467
-6.763,-3.469,0,43144.663,0,261,141.748,115.521,111.922,100.613,69.103,57.806,56.913,2301.487,2301.487,2301.487
-6.763,-3.454,0,43145.356,0,261,141.737,115.542,111.947,100.643,69.067,57.801,56.915,2301.471,2301.471,2301.471
-6.762,-3.452,0,43146.051,0,261,141.737,115.559,111.965,100.685,69.045,57.809,56.912,2301.468,2301.468,2301.468
-6.76,-3.423,0,43146.751,0,261,141.724,115.588,112.001,100.72,69.049,57.831,56.926,2301.478,2301.478,2301.478
-6.759,-3.404,0,43147.452,0,261,141.725,115.606,112.026,100.758,69.023,57.822,56.934,2301.473,2301.473,2301.473
-6.754,-3.357,0,43148.161,0,261,141.712,115.62,112.059,100.789,69.022,57.821,56.937,2301.47,2301.47,2301.47
-6.748,-3.311,0,43148.852,0,261,141.706,115.637,112.082,100.813,69.001,57.814,56.927,2301.458,2301.458,2301.458
-6.746,-3.278,0,43149.553,0,261,141.717,115.653,112.107,100.853,68.993,57.83,56.925,2301.462,2301.462,2301.462
-6.741,-3.235,0,43150.249,0,261,141.726,115.688,112.147,100.9,69.004,57.833,56.926,2301.484,2301.484,2301.484
-6.736,-3.188,0,43150.951,0,261,141.719,115.709,112.171,100.917,68.991,57.829,56.926,2301.482,2301.482,2301.482
-6.733,-3.143,0,43151.659,0,261,141.715,115.723,112.204,100.957,68.984,57.832,56.926,2301.486,2301.486,2301.486
-6.731,-3.111,0,43152.353,0,261,141.695,115.73,112.22,100.982,68.98,57.818,56.908,2301.469,2301.469,2301.469
-6.729,-3.068,0,43153.049,0,261,141.7,115.756,112.249,101.003,68.979,57.806,56.894,2301.475,2301.475,2301.475
-6.726,-3.003,0,43153.752,0,261,141.709,115.786,112.274,101.032,68.993,57.803,56.894,2301.493,2301.493,2301.493
-6.721,-2.942,0,43154.469,0,261,141.685,115.807,112.297,101.049,68.999,57.788,56.885,2301.475,2301.475,2301.475
-6.72,-2.882,0,43155.155,0,261,141.687,115.838,112.325,101.069,68.997,57.792,56.871,2301.489,2301.489,2301.489
-6.714,-2.802,0,43155.85,0,261,141.678,115.853,112.342,101.081,69.011,57.763,56.857,2301.473,2301.473,2301.473
-6.709,-2.728,0,43156.556,0,261,141.668,115.883,112.366,101.083,69.029,57.749,56.839,2301.47,2301.47,2301.47
-6.701,-2.641,0,43157.257,0,261,141.66,115.906,112.394,101.108,69.047,57.751,56.84,2301.477,2301.477,2301.477
-6.689,-2.531,0,43157.951,0,261,141.659,115.948,112.422,101.13,69.064,57.748,56.845,2301.488,2301.488,2301.488
-6.677,-2.419,0,43158.651,0,261,141.651,115.951,112.446,101.138,69.08,57.739,56.833,2301.483,2301.483,2301.483
-6.663,-2.316,0,43159.35,0,261,141.649,115.987,112.468,101.146,69.098,57.744,56.834,2301.487,2301.487,2301.487
-6.647,-2.211,0,43160.05,0,261,141.647,116.012,112.49,101.157,69.11,57.74,56.829,2301.484,2301.484,2301.484
-6.628,-2.086,0,43160.756,0,261,141.634,116.021,112.509,101.176,69.111,57.731,56.822,2301.481,2301.481,2301.481
-6.613,-1.977,0,43161.452,0,261,141.631,116.038,112.532,101.161,69.116,57.718,56.816,2301.468,2301.468,2301.468
-6.602,-1.887,0,43162.149,0,261,141.627,116.061,112.554,101.191,69.13,57.731,56.826,2301.479,2301.479,2301.479
-6.598,-1.792,0,43162.859,0,261,141.627,116.085,112.579,101.215,69.134,57.75,56.837,2301.483,2301.483,2301.483
-6.589,-1.705,0,43163.553,0,261,141.61,116.095,112.604,101.228,69.135,57.752,56.856,2301.477,2301.477,2301.477
-6.58,-1.631,0,43164.272,0,261,141.626,116.107,112.624,101.271,69.134,57.767,56.878,2301.482,2301.482,2301.482
-6.569,-1.545,0,43164.997,0,261,141.635,116.125,112.649,101.294,69.145,57.791,56.91,2301.489,2301.489,2301.489
-6.559,-1.473,0,43165.651,0,261,141.63,116.117,112.664,101.331,69.134,57.801,56.925,2301.475,2301.475,2301.475
-6.547,-1.406,0,43166.351,0,261,141.644,116.147,112.702,101.376,69.138,57.845,56.969,2301.5,2301.5,2301.5
-6.535,-1.338,0,43167.051,0,261,141.645,116.149,112.715,101.419,69.141,57.878,56.999,2301.499,2301.499,2301.499
-6.524,-1.279,0,43167.752,0,261,141.647,116.125,112.716,101.447,69.129,57.89,57.015,2301.477,2301.477,2301.477
-6.512,-1.219,0,43168.459,0,261,141.646,116.118,112.738,101.493,69.124,57.924,57.043,2301.48,2301.48,2301.48
-6.502,-1.172,0,43169.162,0,261,141.661,116.127,112.755,101.515,69.127,57.954,57.082,2301.484,2301.484,2301.484
-6.491,-1.115,0,43169.849,0,261,141.662,116.114,112.774,101.552,69.123,57.975,57.106,2301.481,2301.481,2301.481
-6.477,-1.055,0,43170.55,0,261,141.66,116.101,112.781,101.584,69.123,57.998,57.127,2301.474,2301.474,2301.474
-6.467,-1.007,0,43171.264,0,261,141.67,116.115,112.799,101.621,69.131,58.032,57.161,2301.49,2301.49,2301.49
-6.456,-0.961,0,43171.961,0,261,141.676,116.111,112.809,101.636,69.144,58.048,57.188,2301.484,2301.484,2301.484
-6.444,-0.896,0,43172.66,0,261,141.686,116.095,112.821,101.662,69.158,58.075,57.214,2301.492,2301.492,2301.492
-6.436,-0.851,0,43173.367,0,261,141.69,116.089,112.825,101.685,69.153,58.094,57.237,2301.483,2301.483,2301.483
-6.424,-0.784,0,43174.053,0,261,141.694,116.087,112.832,101.71,69.163,58.119,57.252,2301.486,2301.486,2301.486
-6.417,-0.735,0,43174.76,0,261,141.71,116.083,112.849,101.745,69.187,58.152,57.293,2301.506,2301.506,2301.506
-6.408,-0.686,0,43175.451,0,261,141.699,116.07,112.837,101.751,69.186,58.158,57.299,2301.478,2301.478,2301.478
-6.402,-0.646,0,43176.17,0,261,141.714,116.069,112.851,101.785,69.2,58.195,57.327,2301.495,2301.495,2301.495
-6.396,-0.602,0,43176.872,0,261,141.727,116.053,112.86,101.8,69.214,58.224,57.354,2301.497,2301.497,2301.497
-6.391,-0.562,0,43177.552,0,261,141.711,116.04,112.857,101.816,69.227,58.234,57.366,2301.486,2301.486,2301.486
-6.382,-0.515,0,43178.25,0,261,141.722,116.033,112.851,101.832,69.233,58.252,57.381,2301.483,2301.483,2301.483
-6.381,-0.473,0,43178.957,0,261,141.723,116.023,112.858,101.852,69.254,58.281,57.415,2301.49,2301.49,2301.49
-6.378,-0.434,0,43179.687,0,261,141.741,116.023,112.867,101.873,69.272,58.309,57.445,2301.49,2301.49,2301.49
-6.379,-0.401,0,43180.353,0,261,141.735,116.018,112.865,101.866,69.285,58.337,57.474,2301.48,2301.48,2301.48
-6.375,-0.359,0,43181.052,0,261,141.744,116.002,112.873,101.889,69.317,58.368,57.501,2301.487,2301.487,2301.487
-6.373,-0.323,0,43181.751,0,261,141.749,115.998,112.873,101.907,69.329,58.392,57.545,2301.489,2301.489,2301.489
-6.371,-0.289,0,43182.454,0,261,141.77,115.995,112.868,101.923,69.364,58.43,57.582,2301.495,2301.495,2301.495
-6.364,-0.255,0,43183.162,0,261,141.769,115.979,112.862,101.937,69.381,58.47,57.616,2301.489,2301.489,2301.489
-6.357,-0.224,0,43183.853,0,261,141.773,115.974,112.862,101.95,69.402,58.497,57.665,2301.489,2301.489,2301.489
-6.346,-0.191,0,43184.555,0,261,141.773,115.969,112.865,101.954,69.429,58.543,57.703,2301.488,2301.488,2301.488
-6.33,-0.163,0,43185.263,0,261,141.784,115.948,112.868,101.98,69.458,58.58,57.76,2301.496,2301.496,2301.496
-6.333,-0.137,0,43185.953,0,261,141.79,115.936,112.86,101.999,69.494,58.64,57.815,2301.501,2301.501,2301.501
-6.339,-0.114,0,43186.655,0,261,141.785,115.918,112.849,102.004,69.512,58.674,57.844,2301.486,2301.486,2301.486
-6.341,-0.096,0,43187.364,0,261,141.809,115.901,112.858,102.039,69.547,58.728,57.92,2301.503,2301.503,2301.503
-6.342,-0.088,0,43188.057,0,261,141.804,115.868,112.842,102.054,69.57,58.774,57.951,2301.481,2301.481,2301.481
-6.338,-0.083,0,43188.751,0,261,141.808,115.846,112.847,102.064,69.599,58.821,58.019,2301.483,2301.483,2301.483
-6.332,-0.079,0,43189.452,0,261,141.814,115.832,112.836,102.089,69.63,58.888,58.072,2301.49,2301.49,2301.49
-6.321,-0.077,0,43190.161,0,261,141.835,115.81,112.831,102.107,69.667,58.932,58.126,2301.495,2301.495,2301.495
-6.325,-0.076,0,43190.852,0,261,141.844,115.793,112.821,102.127,69.706,58.992,58.182,2301.499,2301.499,2301.499
-6.332,-0.074,0,43191.569,0,261,141.841,115.765,112.816,102.135,69.726,59.034,58.23,2301.489,2301.489,2301.489
-6.334,-0.072,0,43192.267,0,261,141.851,115.761,112.814,102.153,69.769,59.095,58.294,2301.501,2301.501,2301.501
-6.333,-0.07,0,43192.952,0,261,141.863,115.743,112.803,102.165,69.797,59.144,58.345,2301.502,2301.502,2301.502
-6.326,-0.068,0,43193.659,0,261,141.865,115.715,112.787,102.171,69.832,59.195,58.399,2301.495,2301.495,2301.495
-6.313,-0.066,0,43194.361,0,261,141.866,115.691,112.775,102.177,69.853,59.248,58.446,2301.485,2301.485,2301.485
-6.302,-0.062,0,43195.059,0,261,141.864,115.676,112.761,102.189,69.886,59.29,58.492,2301.483,2301.483,2301.483
-6.309,-0.057,0,43195.771,0,261,141.871,115.661,112.765,102.204,69.919,59.344,58.545,2301.493,2301.493,2301.493
-6.312,-0.054,0,43196.455,0,261,141.891,115.657,112.758,102.218,69.957,59.411,58.599,2301.506,2301.506,2301.506
-6.307,-0.049,0,43197.161,0,261,141.896,115.639,112.738,102.229,69.997,59.457,58.659,2301.504,2301.504,2301.504
-6.295,-0.045,0,43197.852,0,261,141.9,115.618,112.735,102.228,70.036,59.507,58.708,2301.503,2301.503,2301.503
-6.276,-0.04,0,43198.56,0,261,141.909,115.606,112.718,102.246,70.062,59.549,58.761,2301.493,2301.493,2301.493
-6.28,-0.034,0,43199.252,0,261,141.896,115.582,112.702,102.249,70.085,59.61,58.817,2301.49,2301.49,2301.49
-6.283,-0.029,0,43199.953,0,261,141.906,115.562,112.689,102.269,70.127,59.657,58.868,2301.495,2301.495,2301.495
