pos,load,Var3,time,Var5,Var6,T_oven,T_Cu1,T_Cu2,T_Inco1,T_Inco2,T_Cu3,T_Cu4,Var14,Var15,Var16
-5.985,-0.02,0,40080.591,0,261,151.279,63.859,60.632,54.954,41.006,38.407,38.161,2300.241,2300.241,2300.241
-5.978,-0.02,0,40081.289,0,261,151.256,63.991,60.76,55.046,41.044,38.429,38.202,2300.223,2300.223,2300.223
-5.973,-0.02,0,40081.989,0,261,151.252,64.133,60.894,55.174,41.092,38.475,38.242,2300.235,2300.235,2300.235
-5.987,-0.019,0,40082.69,0,261,151.239,64.271,61.03,55.282,41.136,38.518,38.271,2300.227,2300.227,2300.227
-5.978,-0.02,0,40083.391,0,261,151.227,64.401,61.159,55.395,41.189,38.557,38.319,2300.224,2300.224,2300.224
-5.976,-0.02,0,40084.088,0,261,151.231,64.54,61.294,55.511,41.248,38.594,38.361,2300.231,2300.231,2300.231
-5.987,-0.019,0,40084.794,0,261,151.215,64.676,61.426,55.624,41.294,38.645,38.404,2300.235,2300.235,2300.235
-5.979,-0.019,0,40085.493,0,261,151.221,64.821,61.569,55.748,41.351,38.686,38.446,2300.243,2300.243,2300.243
-5.985,-0.02,0,40086.191,0,261,151.208,64.97,61.71,55.87,41.404,38.733,38.496,2300.252,2300.252,2300.252
-6.014,-0.02,0,40086.888,0,261,151.186,65.085,61.823,55.969,41.444,38.769,38.505,2300.219,2300.219,2300.219
-6.028,-0.02,0,40087.595,0,261,151.185,65.24,61.973,56.092,41.496,38.82,38.57,2300.241,2300.241,2300.241
-6.03,-0.02,0,40088.288,0,261,151.173,65.374,62.107,56.201,41.55,38.865,38.613,2300.247,2300.247,2300.247
-6.053,-0.02,0,40088.988,0,261,151.15,65.5,62.23,56.313,41.604,38.896,38.648,2300.237,2300.237,2300.237
-6.074,-0.019,0,40089.693,0,261,151.164,65.637,62.368,56.439,41.66,38.941,38.683,2300.245,2300.245,2300.245
-6.093,-0.019,0,40090.393,0,261,151.139,65.769,62.491,56.552,41.708,38.986,38.729,2300.241,2300.241,2300.241
-6.103,-0.02,0,40091.088,0,261,151.128,65.908,62.62,56.658,41.757,39.018,38.761,2300.238,2300.238,2300.238
-6.112,-0.02,0,40091.789,0,261,151.125,66.033,62.759,56.775,41.812,39.055,38.806,2300.241,2300.241,2300.241
-6.121,-0.019,0,40092.492,0,261,151.107,66.166,62.885,56.873,41.861,39.102,38.837,2300.233,2300.233,2300.233
-6.146,-0.02,0,40093.195,0,261,151.095,66.297,63.002,56.987,41.906,39.133,38.877,2300.22,2300.22,2300.22
-6.169,-0.02,0,40093.89,0,261,151.097,66.447,63.156,57.12,41.966,39.18,38.925,2300.252,2300.252,2300.252
-6.187,-0.02,0,40094.596,0,261,151.089,66.579,63.28,57.235,42.021,39.21,38.96,2300.248,2300.248,2300.248
-6.195,-0.02,0,40095.289,0,261,151.079,66.705,63.401,57.338,42.071,39.253,38.983,2300.237,2300.237,2300.237
-6.208,-0.019,0,40095.992,0,261,151.069,66.838,63.541,57.451,42.122,39.29,39.027,2300.241,2300.241,2300.241
-6.218,-0.02,0,40096.703,0,261,151.061,66.971,63.66,57.567,42.173,39.318,39.046,2300.234,2300.234,2300.234
-6.224,-0.02,0,40097.389,0,261,151.05,67.11,63.798,57.679,42.224,39.354,39.077,2300.243,2300.243,2300.243
-6.225,-0.026,0,40098.094,0,261,151.043,67.235,63.932,57.799,42.281,39.387,39.103,2300.246,2300.246,2300.246
-6.236,-0.03,0,40098.791,0,261,151.022,67.37,64.052,57.922,42.322,39.404,39.108,2300.238,2300.238,2300.238
-6.249,-0.035,0,40099.495,0,261,150.991,67.538,64.191,58.034,42.393,39.425,39.136,2300.242,2300.242,2300.242
-6.26,-0.046,0,40100.203,0,261,150.952,67.71,64.318,58.135,42.427,39.438,39.146,2300.239,2300.239,2300.239
-6.27,-0.061,0,40100.89,0,261,150.89,67.926,64.446,58.259,42.483,39.465,39.164,2300.247,2300.247,2300.247
-6.273,-0.08,0,40101.597,0,261,150.823,68.205,64.597,58.375,42.536,39.494,39.188,2300.258,2300.258,2300.258
-6.273,-0.096,0,40102.291,0,261,150.727,68.519,64.733,58.481,42.582,39.503,39.194,2300.249,2300.249,2300.249
-6.268,-0.098,0,40102.991,0,261,150.631,68.821,64.881,58.586,42.628,39.517,39.201,2300.235,2300.235,2300.235
-6.26,-0.103,0,40103.696,0,261,150.548,69.125,65.051,58.695,42.671,39.524,39.222,2300.237,2300.237,2300.237
-6.263,-0.104,0,40104.406,0,261,150.506,69.425,65.237,58.823,42.74,39.55,39.242,2300.264,2300.264,2300.264
-6.271,-0.106,0,40105.091,0,261,150.436,69.673,65.405,58.922,42.759,39.548,39.234,2300.226,2300.226,2300.226
-6.275,-0.108,0,40105.789,0,261,150.37,69.933,65.602,59.041,42.807,39.559,39.251,2300.229,2300.229,2300.229
-6.278,-0.113,0,40106.499,0,261,150.334,70.191,65.818,59.161,42.86,39.585,39.271,2300.247,2300.247,2300.247
-6.281,-0.117,0,40107.195,0,261,150.278,70.439,66.02,59.29,42.914,39.612,39.289,2300.257,2300.257,2300.257
-6.283,-0.116,0,40107.89,0,261,150.235,70.671,66.215,59.413,42.954,39.621,39.298,2300.248,2300.248,2300.248
-6.286,-0.121,0,40108.595,0,261,150.186,70.91,66.432,59.546,42.998,39.636,39.317,2300.251,2300.251,2300.251
-6.286,-0.126,0,40109.298,0,261,150.138,71.132,66.623,59.673,43.033,39.648,39.326,2300.244,2300.244,2300.244
-6.284,-0.128,0,40109.997,0,261,150.081,71.367,66.83,59.808,43.104,39.684,39.347,2300.251,2300.251,2300.251
-6.288,-0.142,0,40110.702,0,261,150.046,71.588,67.041,59.944,43.128,39.689,39.365,2300.243,2300.243,2300.243
-6.291,-0.148,0,40111.39,0,261,150.005,71.817,67.257,60.092,43.179,39.704,39.381,2300.259,2300.259,2300.259
-6.294,-0.155,0,40112.095,0,261,149.954,72.034,67.454,60.236,43.208,39.721,39.394,2300.245,2300.245,2300.245
-6.296,-0.167,0,40112.79,0,261,149.922,72.259,67.668,60.376,43.247,39.736,39.414,2300.25,2300.25,2300.25
-6.297,-0.191,0,40113.493,0,261,149.874,72.472,67.875,60.528,43.298,39.761,39.432,2300.254,2300.254,2300.254
-6.305,-0.221,0,40114.196,0,261,149.838,72.697,68.076,60.664,43.335,39.774,39.439,2300.251,2300.251,2300.251
-6.318,-0.254,0,40114.89,0,261,149.791,72.927,68.283,60.812,43.372,39.796,39.449,2300.246,2300.246,2300.246
-6.336,-0.291,0,40115.596,0,261,149.747,73.156,68.491,60.965,43.434,39.804,39.464,2300.254,2300.254,2300.254
-6.352,-0.334,0,40116.3,0,261,149.701,73.394,68.703,61.105,43.473,39.829,39.466,2300.255,2300.255,2300.255
-6.363,-0.381,0,40116.995,0,261,149.669,73.64,68.916,61.262,43.52,39.839,39.493,2300.267,2300.267,2300.267
-6.372,-0.426,0,40117.704,0,261,149.615,73.883,69.127,61.402,43.568,39.856,39.501,2300.261,2300.261,2300.261
-6.374,-0.473,0,40118.391,0,261,149.562,74.129,69.332,61.559,43.61,39.862,39.501,2300.258,2300.258,2300.258
-6.371,-0.521,0,40119.098,0,261,149.505,74.376,69.546,61.705,43.662,39.867,39.506,2300.258,2300.258,2300.258
-6.393,-0.571,0,40119.808,0,261,149.455,74.631,69.768,61.855,43.721,39.881,39.521,2300.264,2300.264,2300.264
-6.409,-0.617,0,40120.495,0,261,149.402,74.881,69.971,62.016,43.768,39.88,39.51,2300.25,2300.25,2300.25
-6.418,-0.666,0,40121.203,0,261,149.349,75.126,70.193,62.182,43.826,39.894,39.524,2300.25,2300.25,2300.25
-6.417,-0.71,0,40121.89,0,261,149.308,75.381,70.414,62.351,43.883,39.902,39.526,2300.255,2300.255,2300.255
-6.417,-0.756,0,40122.595,0,261,149.263,75.627,70.622,62.492,43.938,39.903,39.527,2300.249,2300.249,2300.249
-6.441,-0.806,0,40123.304,0,261,149.198,75.88,70.852,62.658,43.988,39.92,39.53,2300.259,2300.259,2300.259
-6.454,-0.855,0,40123.992,0,261,149.147,76.128,71.068,62.812,44.033,39.91,39.526,2300.239,2300.239,2300.239
-6.456,-0.905,0,40124.691,0,261,149.11,76.379,71.29,62.984,44.09,39.928,39.535,2300.25,2300.25,2300.25
-6.452,-0.957,0,40125.393,0,261,149.069,76.625,71.529,63.163,44.155,39.932,39.543,2300.264,2300.264,2300.264
-6.475,-1.008,0,40126.096,0,261,149.016,76.887,71.748,63.34,44.219,39.951,39.553,2300.271,2300.271,2300.271
-6.491,-1.06,0,40126.798,0,261,148.972,77.118,71.977,63.491,44.258,39.945,39.549,2300.257,2300.257,2300.257
-6.493,-1.115,0,40127.494,0,261,148.929,77.367,72.198,63.668,44.33,39.949,39.56,2300.258,2300.258,2300.258
-6.487,-1.177,0,40128.19,0,261,148.883,77.621,72.421,63.839,44.389,39.963,39.563,2300.265,2300.265,2300.265
-6.513,-1.243,0,40128.905,0,261,148.822,77.853,72.637,63.997,44.43,39.962,39.563,2300.236,2300.236,2300.236
-6.522,-1.311,0,40129.597,0,261,148.782,78.113,72.875,64.181,44.486,39.982,39.565,2300.253,2300.253,2300.253
-6.519,-1.376,0,40130.292,0,261,148.744,78.365,73.109,64.369,44.549,39.987,39.59,2300.261,2300.261,2300.261
-6.52,-1.449,0,40130.992,0,261,148.697,78.61,73.338,64.555,44.62,39.997,39.585,2300.266,2300.266,2300.266
-6.543,-1.515,0,40131.702,0,261,148.657,78.872,73.567,64.727,44.686,40.013,39.606,2300.266,2300.266,2300.266
-6.553,-1.589,0,40132.395,0,261,148.595,79.124,73.795,64.894,44.73,40.01,39.598,2300.244,2300.244,2300.244
-6.554,-1.677,0,40133.099,0,261,148.557,79.409,74.028,65.095,44.795,40.021,39.613,2300.261,2300.261,2300.261
-6.548,-1.766,0,40133.796,0,261,148.512,79.666,74.273,65.278,44.869,40.04,39.615,2300.272,2300.272,2300.272
-6.567,-1.856,0,40134.494,0,261,148.455,79.909,74.489,65.463,44.925,40.04,39.619,2300.251,2300.251,2300.251
-6.581,-1.94,0,40135.212,0,261,148.434,80.163,74.735,65.654,44.998,40.049,39.609,2300.262,2300.262,2300.262
-6.59,-2.026,0,40135.897,0,261,148.405,80.399,74.976,65.846,45.063,40.068,39.641,2300.268,2300.268,2300.268
-6.59,-2.091,0,40136.596,0,261,148.37,80.616,75.208,66.042,45.129,40.066,39.634,2300.265,2300.265,2300.265
-6.584,-2.125,0,40137.297,0,261,148.348,80.833,75.438,66.236,45.195,40.08,39.649,2300.263,2300.263,2300.263
-6.581,-2.122,0,40137.991,0,261,148.305,81.042,75.653,66.423,45.245,40.084,39.649,2300.247,2300.247,2300.247
-6.597,-2.182,0,40138.692,0,261,148.293,81.275,75.884,66.624,45.329,40.103,39.657,2300.266,2300.266,2300.266
-6.61,-2.246,0,40139.405,0,261,148.255,81.482,76.106,66.791,45.365,40.102,39.654,2300.247,2300.247,2300.247
-6.619,-2.312,0,40140.094,0,261,148.219,81.715,76.338,66.99,45.44,40.124,39.67,2300.259,2300.259,2300.259
-6.624,-2.371,0,40140.801,0,261,148.194,81.922,76.568,67.155,45.487,40.119,39.665,2300.243,2300.243,2300.243
-6.627,-2.425,0,40141.492,0,261,148.175,82.164,76.797,67.369,45.555,40.142,39.687,2300.277,2300.277,2300.277
-6.629,-2.481,0,40142.194,0,261,148.144,82.366,77.014,67.552,45.603,40.152,39.697,2300.271,2300.271,2300.271
-6.632,-2.532,0,40142.893,0,261,148.105,82.58,77.232,67.717,45.644,40.156,39.697,2300.258,2300.258,2300.258
-6.632,-2.59,0,40143.608,0,261,148.082,82.811,77.448,67.904,45.71,40.18,39.715,2300.276,2300.276,2300.276
-6.641,-2.651,0,40144.292,0,261,148.047,83.028,77.662,68.09,45.748,40.181,39.724,2300.269,2300.269,2300.269
-6.649,-2.702,0,40145.009,0,261,147.998,83.24,77.868,68.252,45.788,40.188,39.724,2300.249,2300.249,2300.249
-6.659,-2.763,0,40145.693,0,261,147.977,83.483,78.108,68.436,45.839,40.202,39.739,2300.255,2300.255,2300.255
-6.667,-2.823,0,40146.395,0,261,147.953,83.707,78.308,68.602,45.886,40.222,39.761,2300.261,2300.261,2300.261
-6.674,-2.882,0,40147.095,0,261,147.912,83.934,78.529,68.773,45.933,40.238,39.78,2300.265,2300.265,2300.265
-6.68,-2.945,0,40147.793,0,261,147.874,84.162,78.754,68.961,45.99,40.262,39.788,2300.271,2300.271,2300.271
-6.687,-2.999,0,40148.495,0,261,147.851,84.384,78.965,69.124,46.036,40.278,39.82,2300.272,2300.272,2300.272
-6.694,-3.042,0,40149.194,0,261,147.818,84.607,79.171,69.306,46.069,40.295,39.827,2300.27,2300.27,2300.27
-6.706,-3.096,0,40149.899,0,261,147.787,84.829,79.39,69.467,46.119,40.314,39.844,2300.269,2300.269,2300.269
-6.716,-3.144,0,40150.598,0,261,147.761,85.069,79.616,69.639,46.172,40.342,39.868,2300.283,2300.283,2300.283
-6.727,-3.201,0,40151.298,0,261,147.706,85.27,79.811,69.794,46.206,40.346,39.869,2300.251,2300.251,2300.251
-6.738,-3.258,0,40151.998,0,261,147.69,85.521,80.037,69.976,46.267,40.373,39.899,2300.276,2300.276,2300.276
-6.748,-3.319,0,40152.693,0,261,147.663,85.749,80.256,70.165,46.319,40.398,39.924,2300.287,2300.287,2300.287
-6.755,-3.386,0,40153.394,0,261,147.625,85.976,80.467,70.318,46.361,40.408,39.929,2300.273,2300.273,2300.273
-6.763,-3.453,0,40154.098,0,261,147.575,86.189,80.666,70.484,46.396,40.42,39.938,2300.261,2300.261,2300.261
-6.77,-3.516,0,40154.794,0,261,147.562,86.402,80.902,70.659,46.447,40.451,39.957,2300.278,2300.278,2300.278
-6.775,-3.577,0,40155.499,0,261,147.546,86.624,81.119,70.85,46.508,40.471,39.98,2300.288,2300.288,2300.288
-6.778,-3.649,0,40156.194,0,261,147.516,86.833,81.32,71.014,46.549,40.484,39.993,2300.281,2300.281,2300.281
-6.774,-3.731,0,40156.893,0,261,147.49,87.025,81.543,71.189,46.592,40.5,40.007,2300.276,2300.276,2300.276
-6.774,-3.796,0,40157.6,0,261,147.47,87.237,81.751,71.363,46.653,40.518,40.027,2300.284,2300.284,2300.284
-6.791,-3.857,0,40158.303,0,261,147.447,87.424,81.946,71.519,46.687,40.536,40.03,2300.267,2300.267,2300.267
-6.804,-3.914,0,40158.997,0,261,147.427,87.627,82.163,71.706,46.748,40.56,40.044,2300.279,2300.279,2300.279
-6.812,-3.967,0,40159.699,0,261,147.407,87.807,82.364,71.872,46.786,40.558,40.063,2300.264,2300.264,2300.264
-6.815,-4.029,0,40160.393,0,261,147.382,88.007,82.571,72.055,46.847,40.573,40.076,2300.277,2300.277,2300.277
-6.813,-4.103,0,40161.092,0,261,147.373,88.2,82.777,72.241,46.905,40.593,40.093,2300.286,2300.286,2300.286
-6.806,-4.163,0,40161.799,0,261,147.355,88.388,82.975,72.407,46.967,40.622,40.112,2300.286,2300.286,2300.286
-6.825,-4.226,0,40162.5,0,261,147.348,88.574,83.183,72.592,47.012,40.648,40.128,2300.293,2300.293,2300.293
-6.838,-4.257,0,40163.194,0,261,147.333,88.761,83.378,72.767,47.068,40.662,40.156,2300.292,2300.292,2300.292
-6.845,-4.295,0,40163.896,0,261,147.294,88.923,83.549,72.918,47.112,40.667,40.16,2300.264,2300.264,2300.264
-6.843,-4.348,0,40164.598,0,261,147.295,89.125,83.75,73.104,47.176,40.698,40.195,2300.286,2300.286,2300.286
-6.836,-4.396,0,40165.295,0,261,147.264,89.333,83.955,73.279,47.233,40.731,40.215,2300.29,2300.29,2300.29
-6.856,-4.435,0,40166.009,0,261,147.241,89.535,84.149,73.453,47.279,40.744,40.229,2300.286,2300.286,2300.286
-6.866,-4.483,0,40166.698,0,261,147.211,89.713,84.323,73.618,47.336,40.767,40.247,2300.269,2300.269,2300.269
-6.862,-4.53,0,40167.394,0,261,147.203,89.913,84.526,73.795,47.402,40.802,40.286,2300.289,2300.289,2300.289
-6.854,-4.572,0,40168.105,0,261,147.193,90.098,84.716,73.972,47.46,40.832,40.314,2300.287,2300.287,2300.287
-6.876,-4.608,0,40168.794,0,261,147.169,90.281,84.901,74.142,47.509,40.843,40.335,2300.276,2300.276,2300.276
-6.883,-4.636,0,40169.498,0,261,147.164,90.49,85.09,74.324,47.579,40.884,40.361,2300.295,2300.295,2300.295
-6.878,-4.673,0,40170.198,0,261,147.124,90.681,85.282,74.488,47.625,40.908,40.379,2300.278,2300.278,2300.278
-6.878,-4.711,0,40170.893,0,261,147.107,90.876,85.474,74.653,47.702,40.939,40.419,2300.28,2300.28,2300.28
-6.895,-4.758,0,40171.602,0,261,147.089,91.073,85.66,74.829,47.749,40.96,40.451,2300.28,2300.28,2300.28
-6.898,-4.802,0,40172.318,0,261,147.066,91.249,85.839,74.992,47.815,40.99,40.464,2300.267,2300.267,2300.267
-6.886,-4.857,0,40172.997,0,261,147.055,91.443,86.041,75.17,47.882,41.024,40.502,2300.286,2300.286,2300.286
-6.909,-4.913,0,40173.709,0,261,147.007,91.635,86.218,75.327,47.942,41.048,40.523,2300.266,2300.266,2300.266
-6.922,-4.972,0,40174.399,0,261,147.004,91.832,86.405,75.498,48.007,41.087,40.547,2300.277,2300.277,2300.277
-6.914,-5.019,0,40175.105,0,261,146.984,92.042,86.606,75.67,48.074,41.125,40.588,2300.29,2300.29,2300.29
-6.92,-5.039,0,40175.797,0,261,146.953,92.244,86.786,75.818,48.144,41.148,40.607,2300.282,2300.282,2300.282
-6.932,-5.039,0,40176.495,0,261,146.926,92.451,86.981,76,48.208,41.175,40.644,2300.291,2300.291,2300.291
-6.924,-5.039,0,40177.197,0,261,146.906,92.684,87.177,76.162,48.284,41.205,40.678,2300.291,2300.291,2300.291
-6.951,-5.076,0,40177.895,0,261,146.887,92.878,87.366,76.329,48.354,41.245,40.716,2300.299,2300.299,2300.299
-6.965,-5.029,0,40178.603,0,261,146.853,93.093,87.552,76.462,48.436,41.272,40.739,2300.298,2300.298,2300.298
-6.964,-5.011,0,40179.3,0,261,146.791,93.33,87.739,76.608,48.546,41.304,40.764,2300.289,2300.289,2300.289
-6.944,-5.012,0,40180.001,0,261,146.743,93.578,87.934,76.731,48.635,41.335,40.79,2300.282,2300.282,2300.282
-6.958,-4.996,0,40180.703,0,261,146.711,93.816,88.137,76.875,48.73,41.371,40.824,2300.292,2300.292,2300.292
-6.958,-4.959,0,40181.395,0,261,146.666,94.05,88.327,77.014,48.813,41.397,40.85,2300.28,2300.28,2300.28
-6.934,-4.922,0,40182.108,0,261,146.654,94.269,88.525,77.153,48.899,41.434,40.879,2300.28,2300.28,2300.28
-6.94,-4.853,0,40182.806,0,261,146.629,94.504,88.739,77.307,48.983,41.472,40.918,2300.296,2300.296,2300.296
-6.938,-4.803,0,40183.497,0,261,146.614,94.72,88.961,77.466,49.068,41.514,40.954,2300.315,2300.315,2300.315
-6.912,-4.759,0,40184.21,0,261,146.581,94.908,89.147,77.605,49.136,41.537,40.981,2300.298,2300.298,2300.298
-6.927,-4.704,0,40184.897,0,261,146.553,95.101,89.338,77.744,49.195,41.569,41.004,2300.281,2300.281,2300.281
-6.913,-4.653,0,40185.597,0,261,146.534,95.305,89.557,77.899,49.275,41.603,41.051,2300.294,2300.294,2300.294
-6.909,-4.62,0,40186.295,0,261,146.514,95.506,89.745,78.054,49.325,41.644,41.072,2300.285,2300.285,2300.285
-6.913,-4.575,0,40187,0,261,146.517,95.695,89.949,78.209,49.392,41.686,41.117,2300.3,2300.3,2300.3
-6.885,-4.518,0,40187.703,0,261,146.474,95.882,90.146,78.357,49.458,41.72,41.151,2300.283,2300.283,2300.283
-6.9,-4.46,0,40188.403,0,261,146.458,96.069,90.333,78.51,49.51,41.757,41.187,2300.282,2300.282,2300.282
-6.873,-4.403,0,40189.115,0,261,146.459,96.259,90.531,78.676,49.584,41.807,41.231,2300.296,2300.296,2300.296
-6.885,-4.341,0,40189.81,0,261,146.442,96.443,90.737,78.838,49.642,41.84,41.27,2300.298,2300.298,2300.298
-6.868,-4.266,0,40190.503,0,261,146.43,96.629,90.929,78.989,49.697,41.889,41.315,2300.301,2300.301,2300.301
-6.868,-4.198,0,40191.202,0,261,146.402,96.79,91.104,79.133,49.752,41.92,41.344,2300.282,2300.282,2300.282
-6.853,-4.138,0,40191.919,0,261,146.401,96.977,91.294,79.301,49.827,41.965,41.393,2300.295,2300.295,2300.295
-6.852,-4.068,0,40192.595,0,261,146.388,97.145,91.488,79.463,49.878,41.995,41.419,2300.293,2300.293,2300.293
-6.838,-3.984,0,40193.319,0,261,146.385,97.328,91.664,79.632,49.936,42.048,41.463,2300.297,2300.297,2300.297
-6.834,-3.906,0,40193.996,0,261,146.364,97.498,91.861,79.788,49.991,42.082,41.51,2300.302,2300.302,2300.302
-6.807,-3.834,0,40194.698,0,261,146.368,97.698,92.041,79.952,50.051,42.13,41.54,2300.3,2300.3,2300.3
-6.82,-3.774,0,40195.405,0,261,146.349,97.842,92.217,80.105,50.099,42.17,41.575,2300.293,2300.293,2300.293
-6.791,-3.717,0,40196.098,0,261,146.352,98.014,92.401,80.275,50.166,42.211,41.622,2300.299,2300.299,2300.299
-6.805,-3.659,0,40196.8,0,261,146.321,98.181,92.568,80.435,50.216,42.237,41.649,2300.282,2300.282,2300.282
-6.785,-3.599,0,40197.503,0,261,146.321,98.349,92.748,80.594,50.288,42.282,41.696,2300.295,2300.295,2300.295
-6.786,-3.538,0,40198.199,0,261,146.317,98.529,92.931,80.766,50.342,42.331,41.739,2300.302,2300.302,2300.302
-6.78,-3.484,0,40198.914,0,261,146.302,98.697,93.095,80.926,50.395,42.356,41.768,2300.292,2300.292,2300.292
-6.764,-3.444,0,40199.597,0,261,146.303,98.853,93.278,81.08,50.451,42.403,41.806,2300.294,2300.294,2300.294
-6.776,-3.41,0,40200.297,0,261,146.289,99.036,93.451,81.255,50.515,42.44,41.848,2300.3,2300.3,2300.3
-6.758,-3.393,0,40201.015,0,261,146.278,99.196,93.627,81.41,50.574,42.488,41.888,2300.297,2300.297,2300.297
-6.766,-3.384,0,40201.698,0,261,146.269,99.358,93.797,81.57,50.633,42.52,41.93,2300.301,2300.301,2300.301
-6.766,-3.354,0,40202.405,0,261,146.273,99.526,93.97,81.727,50.696,42.574,41.967,2300.3,2300.3,2300.3
-6.745,-3.33,0,40203.097,0,261,146.248,99.681,94.129,81.901,50.752,42.611,42.014,2300.289,2300.289,2300.289
-6.762,-3.295,0,40203.808,0,261,146.253,99.815,94.29,82.048,50.807,42.639,42.043,2300.278,2300.278,2300.278
-6.753,-3.269,0,40204.512,0,261,146.253,99.977,94.469,82.225,50.893,42.698,42.101,2300.303,2300.303,2300.303
-6.74,-3.252,0,40205.198,0,261,146.246,100.117,94.631,82.39,50.96,42.755,42.147,2300.297,2300.297,2300.297
-6.754,-3.207,0,40205.919,0,261,146.25,100.255,94.803,82.551,51.03,42.797,42.192,2300.296,2300.296,2300.296
-6.735,-3.143,0,40206.616,0,261,146.267,100.384,94.969,82.73,51.11,42.846,42.246,2300.303,2300.303,2300.303
-6.741,-3.099,0,40207.301,0,261,146.272,100.512,95.126,82.898,51.194,42.892,42.289,2300.302,2300.302,2300.302
-6.741,-3.051,0,40208,0,261,146.282,100.625,95.277,83.053,51.262,42.93,42.32,2300.295,2300.295,2300.295
-6.721,-3.001,0,40208.718,0,261,146.296,100.736,95.427,83.223,51.346,42.98,42.362,2300.292,2300.292,2300.292
-6.741,-2.952,0,40209.399,0,261,146.325,100.844,95.587,83.388,51.439,43.024,42.418,2300.307,2300.307,2300.307
-6.724,-2.876,0,40210.106,0,261,146.325,100.942,95.731,83.538,51.528,43.072,42.46,2300.297,2300.297,2300.297
-6.724,-2.798,0,40210.797,0,261,146.338,101.039,95.867,83.701,51.628,43.119,42.504,2300.297,2300.297,2300.297
-6.724,-2.72,0,40211.5,0,261,146.345,101.164,96.014,83.849,51.721,43.171,42.554,2300.308,2300.308,2300.308
-6.693,-2.619,0,40212.203,0,261,146.363,101.265,96.151,84.01,51.812,43.213,42.595,2300.304,2300.304,2300.304
-6.705,-2.519,0,40212.922,0,261,146.368,101.372,96.293,84.146,51.903,43.273,42.632,2300.304,2300.304,2300.304
-6.687,-2.41,0,40213.604,0,261,146.387,101.482,96.422,84.287,52.002,43.311,42.686,2300.305,2300.305,2300.305
-6.672,-2.306,0,40214.3,0,261,146.384,101.59,96.544,84.421,52.085,43.362,42.719,2300.301,2300.301,2300.301
-6.666,-2.191,0,40215.007,0,261,146.394,101.684,96.679,84.563,52.17,43.416,42.774,2300.302,2300.302,2300.302
-6.633,-2.086,0,40215.701,0,261,146.417,101.797,96.79,84.693,52.258,43.457,42.821,2300.305,2300.305,2300.305
-6.643,-1.992,0,40216.409,0,261,146.421,101.884,96.919,84.832,52.322,43.497,42.866,2300.302,2300.302,2300.302
-6.621,-1.901,0,40217.099,0,261,146.434,101.995,97.037,84.959,52.395,43.55,42.913,2300.302,2300.302,2300.302
-6.613,-1.81,0,40217.798,0,261,146.44,102.096,97.174,85.099,52.461,43.604,42.958,2300.307,2300.307,2300.307
-6.602,-1.716,0,40218.509,0,261,146.453,102.167,97.272,85.223,52.511,43.643,43.002,2300.284,2300.284,2300.284
-6.583,-1.634,0,40219.215,0,261,146.476,102.282,97.41,85.351,52.579,43.702,43.067,2300.309,2300.309,2300.309
-6.58,-1.564,0,40219.901,0,261,146.488,102.378,97.529,85.49,52.637,43.758,43.103,2300.311,2300.311,2300.311
-6.547,-1.493,0,40220.608,0,261,146.503,102.462,97.636,85.629,52.689,43.806,43.168,2300.299,2300.299,2300.299
-6.556,-1.422,0,40221.305,0,261,146.522,102.553,97.745,85.762,52.752,43.86,43.231,2300.313,2300.313,2300.313
-6.527,-1.342,0,40222.007,0,261,146.538,102.645,97.857,85.9,52.801,43.913,43.275,2300.307,2300.307,2300.307
-6.526,-1.272,0,40222.704,0,261,146.55,102.744,97.963,86.046,52.844,43.974,43.348,2300.314,2300.314,2300.314
-6.508,-1.209,0,40223.401,0,261,146.568,102.831,98.078,86.174,52.888,44.028,43.399,2300.301,2300.301,2300.301
-6.497,-1.148,0,40224.097,0,261,146.571,102.908,98.181,86.316,52.925,44.093,43.456,2300.301,2300.301,2300.301
-6.495,-1.094,0,40224.801,0,261,146.594,103.002,98.288,86.472,52.989,44.154,43.535,2300.308,2300.308,2300.308
-6.466,-1.04,0,40225.505,0,261,146.608,103.092,98.385,86.609,53.029,44.219,43.594,2300.305,2300.305,2300.305
-6.478,-0.986,0,40226.197,0,261,146.621,103.18,98.493,86.735,53.058,44.282,43.656,2300.298,2300.298,2300.298
-6.458,-0.939,0,40226.902,0,261,146.649,103.266,98.598,86.881,53.111,44.351,43.723,2300.304,2300.304,2300.304
-6.453,-0.888,0,40227.603,0,261,146.656,103.359,98.709,87.013,53.156,44.425,43.806,2300.312,2300.312,2300.312
-6.451,-0.846,0,40228.319,0,261,146.678,103.429,98.805,87.139,53.207,44.482,43.868,2300.304,2300.304,2300.304
-6.423,-0.8,0,40229.001,0,261,146.69,103.508,98.892,87.263,53.255,44.546,43.929,2300.295,2300.295,2300.295
-6.432,-0.759,0,40229.713,0,261,146.708,103.605,98.995,87.391,53.293,44.612,43.997,2300.303,2300.303,2300.303
-6.423,-0.707,0,40230.407,0,261,146.723,103.678,99.092,87.514,53.342,44.675,44.069,2300.293,2300.293,2300.293
-6.397,-0.663,0,40231.1,0,261,146.748,103.771,99.193,87.646,53.398,44.751,44.132,2300.316,2300.316,2300.316
-6.408,-0.626,0,40231.807,0,261,146.759,103.845,99.293,87.758,53.452,44.823,44.203,2300.311,2300.311,2300.311
-6.408,-0.59,0,40232.519,0,261,146.782,103.919,99.38,87.867,53.502,44.877,44.262,2300.298,2300.298,2300.298
-6.388,-0.547,0,40233.201,0,261,146.809,103.998,99.487,87.986,53.567,44.947,44.338,2300.318,2300.318,2300.318
-6.388,-0.504,0,40233.922,0,261,146.828,104.07,99.571,88.098,53.617,45.021,44.406,2300.312,2300.312,2300.312
-6.383,-0.463,0,40234.612,0,261,146.837,104.151,99.67,88.205,53.654,45.082,44.474,2300.31,2300.31,2300.31
-6.377,-0.426,0,40235.298,0,261,146.854,104.229,99.76,88.308,53.707,45.147,44.534,2300.308,2300.308,2300.308
-6.361,-0.389,0,40235.999,0,261,146.88,104.291,99.846,88.417,53.753,45.223,44.606,2300.307,2300.307,2300.307
-6.345,-0.349,0,40236.702,0,261,146.901,104.362,99.932,88.518,53.804,45.288,44.683,2300.311,2300.311,2300.311
-6.352,-0.315,0,40237.4,0,261,146.921,104.431,100.02,88.619,53.852,45.357,44.741,2300.311,2300.311,2300.311
-6.35,-0.281,0,40238.1,0,261,146.941,104.493,100.104,88.725,53.891,45.422,44.81,2300.308,2300.308,2300.308
-6.341,-0.248,0,40238.825,0,261,146.955,104.551,100.192,88.813,53.943,45.49,44.888,2300.305,2300.305,2300.305
-6.331,-0.217,0,40239.503,0,261,146.975,104.604,100.268,88.914,53.98,45.556,44.949,2300.297,2300.297,2300.297
-6.319,-0.189,0,40240.208,0,261,147.018,104.653,100.366,89.016,54.036,45.63,45.022,2300.317,2300.317,2300.317
-6.313,-0.161,0,40240.9,0,261,147.047,104.688,100.425,89.108,54.069,45.703,45.103,2300.308,2300.308,2300.308
-6.319,-0.137,0,40241.605,0,261,147.081,104.713,100.505,89.182,54.109,45.773,45.178,2300.305,2300.305,2300.305
-6.322,-0.117,0,40242.326,0,261,147.114,104.74,100.583,89.278,54.164,45.848,45.262,2300.312,2300.312,2300.312
-6.32,-0.099,0,40242.999,0,261,147.149,104.766,100.652,89.364,54.218,45.931,45.338,2300.312,2300.312,2300.312
-6.317,-0.087,0,40243.706,0,261,147.194,104.785,100.715,89.443,54.251,46.003,45.425,2300.313,2300.313,2300.313
-6.315,-0.081,0,40244.4,0,261,147.222,104.794,100.781,89.535,54.303,46.081,45.502,2300.306,2300.306,2300.306
-6.31,-0.078,0,40245.129,0,261,147.256,104.8,100.832,89.612,54.343,46.157,45.576,2300.3,2300.3,2300.3
-6.305,-0.074,0,40245.8,0,261,147.306,104.813,100.893,89.699,54.398,46.241,45.665,2300.309,2300.309,2300.309
-6.297,-0.072,0,40246.515,0,261,147.344,104.841,100.953,89.781,54.46,46.325,45.741,2300.311,2300.311,2300.311
-6.296,-0.07,0,40247.204,0,261,147.374,104.853,100.997,89.862,54.513,46.402,45.814,2300.304,2300.304,2300.304
-6.298,-0.068,0,40247.9,0,261,147.413,104.883,101.046,89.956,54.592,46.487,45.909,2300.317,2300.317,2300.317
-6.305,-0.065,0,40248.622,0,261,147.45,104.911,101.097,90.035,54.639,46.562,45.978,2300.317,2300.317,2300.317
-6.306,-0.064,0,40249.304,0,261,147.485,104.935,101.148,90.114,54.709,46.644,46.055,2300.313,2300.313,2300.313
-6.303,-0.063,0,40250,0,261,147.498,104.958,101.189,90.186,54.779,46.712,46.129,2300.308,2300.308,2300.308
-6.301,-0.062,0,40250.7,0,261,147.535,104.993,101.23,90.263,54.844,46.797,46.217,2300.313,2300.313,2300.313
-6.299,-0.059,0,40251.403,0,261,147.563,105.016,101.28,90.342,54.923,46.875,46.297,2300.328,2300.328,2300.328
-6.293,-0.054,0,40252.104,0,261,147.595,105.047,101.32,90.426,54.985,46.946,46.371,2300.315,2300.315,2300.315
-6.287,-0.049,0,40252.8,0,261,147.633,105.073,101.361,90.491,55.068,47.027,46.447,2300.328,2300.328,2300.328
-6.279,-0.043,0,40253.499,0,261,147.667,105.068,101.385,90.554,55.13,47.093,46.52,2300.312,2300.312,2300.312
-6.272,-0.04,0,40254.214,0,261,147.713,105.084,101.439,90.635,55.211,47.168,46.6,2300.328,2300.328,2300.328
-6.265,-0.035,0,40254.903,0,261,147.753,105.065,101.468,90.692,55.268,47.246,46.668,2300.311,2300.311,2300.311
-6.256,-0.03,0,40255.604,0,261,147.813,105.039,101.509,90.766,55.341,47.333,46.757,2300.318,2300.318,2300.318
-6.249,-0.026,0,40256.3,0,261,147.851,105.01,101.531,90.827,55.424,47.412,46.841,2300.313,2300.313,2300.313
-6.244,-0.024,0,40257.014,0,261,147.915,104.975,101.558,90.894,55.496,47.485,46.92,2300.314,2300.314,2300.314
-6.237,-0.02,0,40257.718,0,261,147.965,104.937,101.582,90.956,55.566,47.581,47.014,2300.315,2300.315,2300.315
-6.218,-0.019,0,40258.4,0,261,148.019,104.91,101.606,91.023,55.635,47.658,47.097,2300.316,2300.316,2300.316
-6.199,-0.019,0,40259.104,0,261,148.084,104.866,101.627,91.082,55.709,47.764,47.208,2300.325,2300.325,2300.325
-6.175,-0.018,0,40259.806,0,261,148.135,104.826,101.628,91.144,55.773,47.847,47.311,2300.312,2300.312,2300.312
-6.157,-0.019,0,40260.508,0,261,148.178,104.793,101.655,91.194,55.857,47.962,47.426,2300.315,2300.315,2300.315
-6.15,-0.019,0,40261.205,0,261,148.222,104.764,101.662,91.253,55.931,48.083,47.56,2300.315,2300.315,2300.315
-6.142,-0.019,0,40261.928,0,261,148.263,104.735,101.659,91.297,55.991,48.189,47.669,2300.306,2300.306,2300.306
-6.127,-0.019,0,40262.604,0,261,148.311,104.713,101.661,91.349,56.082,48.317,47.798,2300.318,2300.318,2300.318
-6.115,-0.02,0,40263.306,0,261,148.347,104.686,101.66,91.408,56.163,48.433,47.933,2300.314,2300.314,2300.314
-6.101,-0.02,0,40264.012,0,261,148.392,104.665,101.656,91.453,56.243,48.555,48.052,2300.313,2300.313,2300.313
-6.081,-0.019,0,40264.703,0,261,148.435,104.651,101.655,91.498,56.341,48.67,48.182,2300.315,2300.315,2300.315
-6.064,-0.018,0,40265.403,0,261,148.468,104.621,101.648,91.547,56.417,48.795,48.297,2300.304,2300.304,2300.304
-6.036,-0.018,0,40266.116,0,261,148.503,104.617,101.656,91.588,56.513,48.928,48.441,2300.318,2300.318,2300.318
-6.019,-0.02,0,40266.802,0,261,148.55,104.611,101.652,91.626,56.607,49.055,48.566,2300.319,2300.319,2300.319
-6.012,-0.019,0,40267.507,0,261,148.584,104.587,101.658,91.676,56.695,49.179,48.701,2300.323,2300.323,2300.323
-6.01,-0.02,0,40268.202,0,261,148.626,104.586,101.649,91.712,56.795,49.307,48.815,2300.323,2300.323,2300.323
-6.004,-0.019,0,40268.903,0,261,148.676,104.572,101.638,91.753,56.891,49.436,48.945,2300.322,2300.322,2300.322
-6.005,-0.019,0,40269.608,0,261,148.699,104.558,101.648,91.78,56.982,49.546,49.069,2300.312,2300.312,2300.312
-6.006,-0.019,0,40270.302,0,261,148.737,104.539,101.632,91.815,57.078,49.671,49.189,2300.314,2300.314,2300.314
-5.956,-0.018,0,40271.009,0,261,148.776,104.522,101.63,91.845,57.178,49.8,49.313,2300.316,2300.316,2300.316
-5.956,-0.019,0,40271.723,0,261,148.794,104.507,101.611,91.875,57.267,49.909,49.424,2300.296,2300.296,2300.296
-5.963,-0.018,0,40272.405,0,261,148.842,104.512,101.633,91.916,57.38,50.039,49.56,2300.323,2300.323,2300.323
-5.977,-0.018,0,40273.121,0,261,148.877,104.5,101.624,91.935,57.472,50.159,49.689,2300.317,2300.317,2300.317
-5.994,-0.018,0,40273.827,0,261,148.913,104.488,101.615,91.977,57.569,50.283,49.804,2300.323,2300.323,2300.323
-6.01,-0.019,0,40274.506,0,261,148.957,104.487,101.616,92.014,57.682,50.413,49.932,2300.327,2300.327,2300.327
-6.022,-0.019,0,40275.227,0,261,148.978,104.475,101.622,92.034,57.778,50.536,50.048,2300.317,2300.317,2300.317
-6.037,-0.02,0,40275.901,0,261,149.006,104.465,101.612,92.063,57.87,50.65,50.17,2300.322,2300.322,2300.322
-6.052,-0.018,0,40276.613,0,261,149.035,104.437,101.6,92.07,57.964,50.752,50.276,2300.299,2300.299,2300.299
-6.07,-0.019,0,40277.329,0,261,149.074,104.449,101.607,92.11,58.076,50.885,50.401,2300.317,2300.317,2300.317
-6.084,-0.019,0,40278.006,0,261,149.108,104.45,101.609,92.149,58.174,50.999,50.517,2300.325,2300.325,2300.325
-6.097,-0.019,0,40278.703,0,261,149.149,104.428,101.61,92.175,58.274,51.099,50.631,2300.316,2300.316,2300.316
-6.11,-0.02,0,40279.401,0,261,149.182,104.424,101.608,92.193,58.368,51.217,50.724,2300.32,2300.32,2300.32
-6.116,-0.018,0,40280.1,0,261,149.208,104.423,101.602,92.224,58.47,51.323,50.838,2300.32,2300.32,2300.32
-6.121,-0.019,0,40280.803,0,261,149.242,104.422,101.6,92.251,58.567,51.434,50.939,2300.32,2300.32,2300.32
-6.148,-0.02,0,40281.531,0,261,149.263,104.408,101.597,92.288,58.657,51.534,51.037,2300.314,2300.314,2300.314
-6.17,-0.018,0,40282.218,0,261,149.308,104.409,101.606,92.298,58.762,51.642,51.145,2300.32,2300.32,2300.32
-6.189,-0.019,0,40282.905,0,261,149.325,104.396,101.599,92.32,58.854,51.735,51.235,2300.311,2300.311,2300.311
-6.208,-0.019,0,40283.615,0,261,149.359,104.401,101.6,92.342,58.949,51.832,51.318,2300.317,2300.317,2300.317
-6.215,-0.023,0,40284.324,0,261,149.382,104.404,101.592,92.379,59.041,51.916,51.398,2300.32,2300.32,2300.32
-6.216,-0.028,0,40285.009,0,261,149.41,104.407,101.603,92.407,59.133,51.991,51.447,2300.323,2300.323,2300.323
-6.211,-0.036,0,40285.718,0,261,149.434,104.415,101.601,92.427,59.229,52.049,51.497,2300.324,2300.324,2300.324
-6.219,-0.051,0,40286.403,0,261,149.435,104.423,101.594,92.449,59.314,52.094,51.524,2300.309,2300.309,2300.309
-6.235,-0.064,0,40287.115,0,261,149.444,104.468,101.609,92.467,59.406,52.151,51.581,2300.327,2300.327,2300.327
-6.248,-0.079,0,40287.807,0,261,149.429,104.535,101.619,92.477,59.5,52.202,51.625,2300.322,2300.322,2300.322
-6.256,-0.096,0,40288.503,0,261,149.399,104.639,101.615,92.5,59.575,52.231,51.652,2300.314,2300.314,2300.314
-6.26,-0.099,0,40289.207,0,261,149.354,104.779,101.627,92.509,59.66,52.264,51.686,2300.305,2300.305,2300.305
-6.26,-0.1,0,40289.902,0,261,149.331,104.916,101.656,92.534,59.751,52.316,51.714,2300.321,2300.321,2300.321
-6.258,-0.103,0,40290.605,0,261,149.323,105.031,101.698,92.554,59.823,52.347,51.738,2300.32,2300.32,2300.32
-6.255,-0.104,0,40291.322,0,261,149.293,105.137,101.719,92.559,59.901,52.371,51.765,2300.314,2300.314,2300.314
-6.254,-0.11,0,40292.005,0,261,149.285,105.241,101.776,92.595,59.985,52.409,51.792,2300.329,2300.329,2300.329
-6.242,-0.115,0,40292.713,0,261,149.279,105.34,101.822,92.613,60.062,52.437,51.827,2300.332,2300.332,2300.332
-6.25,-0.117,0,40293.406,0,261,149.276,105.42,101.882,92.639,60.126,52.471,51.852,2300.325,2300.325,2300.325
-6.257,-0.118,0,40294.105,0,261,149.252,105.498,101.927,92.668,60.174,52.494,51.867,2300.307,2300.307,2300.307
-6.262,-0.12,0,40294.81,0,261,149.256,105.592,102.001,92.701,60.254,52.536,51.911,2300.328,2300.328,2300.328
-6.267,-0.131,0,40295.512,0,261,149.251,105.665,102.051,92.73,60.305,52.549,51.933,2300.321,2300.321,2300.321
-6.265,-0.135,0,40296.205,0,261,149.24,105.725,102.118,92.772,60.359,52.582,51.962,2300.317,2300.317,2300.317
-6.26,-0.137,0,40296.905,0,261,149.246,105.814,102.178,92.805,60.422,52.626,51.992,2300.324,2300.324,2300.324
-6.253,-0.144,0,40297.629,0,261,149.241,105.895,102.246,92.853,60.479,52.667,52.041,2300.338,2300.338,2300.338
-6.266,-0.155,0,40298.308,0,261,149.231,105.958,102.306,92.878,60.531,52.684,52.044,2300.325,2300.325,2300.325
-6.278,-0.159,0,40299.005,0,261,149.228,106.029,102.355,92.926,60.578,52.711,52.077,2300.326,2300.326,2300.326
-6.292,-0.192,0,40299.709,0,261,149.229,106.109,102.434,92.992,60.639,52.74,52.102,2300.336,2300.336,2300.336
-6.302,-0.225,0,40300.404,0,261,149.209,106.182,102.509,93.026,60.681,52.774,52.121,2300.327,2300.327,2300.327
-6.311,-0.26,0,40301.115,0,261,149.212,106.258,102.567,93.074,60.729,52.793,52.146,2300.334,2300.334,2300.334
-6.316,-0.301,0,40301.81,0,261,149.204,106.328,102.628,93.118,60.784,52.809,52.154,2300.325,2300.325,2300.325
-6.321,-0.343,0,40302.523,0,261,149.198,106.417,102.694,93.171,60.846,52.841,52.173,2300.331,2300.331,2300.331
-6.324,-0.388,0,40303.206,0,261,149.176,106.49,102.76,93.212,60.893,52.849,52.179,2300.318,2300.318,2300.318
-6.331,-0.434,0,40303.906,0,261,149.172,106.569,102.832,93.265,60.959,52.865,52.194,2300.327,2300.327,2300.327
-6.338,-0.479,0,40304.607,0,261,149.165,106.665,102.901,93.314,61.017,52.873,52.185,2300.323,2300.323,2300.323
-6.353,-0.525,0,40305.303,0,261,149.161,106.762,102.969,93.375,61.072,52.887,52.19,2300.329,2300.329,2300.329
-6.365,-0.576,0,40306.007,0,261,149.148,106.842,103.048,93.424,61.156,52.892,52.19,2300.34,2300.34,2300.34
-6.376,-0.623,0,40306.706,0,261,149.133,106.924,103.109,93.474,61.213,52.886,52.183,2300.329,2300.329,2300.329
-6.386,-0.665,0,40307.411,0,261,149.126,107.018,103.187,93.533,61.273,52.884,52.179,2300.331,2300.331,2300.331
-6.396,-0.712,0,40308.108,0,261,149.109,107.11,103.258,93.578,61.332,52.878,52.184,2300.333,2300.333,2300.333
-6.406,-0.757,0,40308.808,0,261,149.104,107.196,103.322,93.62,61.392,52.877,52.159,2300.323,2300.323,2300.323
-6.415,-0.805,0,40309.513,0,261,149.09,107.29,103.403,93.693,61.455,52.884,52.154,2300.334,2300.334,2300.334
-6.423,-0.854,0,40310.233,0,261,149.073,107.381,103.479,93.742,61.512,52.874,52.147,2300.326,2300.326,2300.326
-6.432,-0.904,0,40310.905,0,261,149.066,107.479,103.56,93.801,61.575,52.875,52.142,2300.336,2300.336,2300.336
-6.44,-0.955,0,40311.611,0,261,149.058,107.569,103.645,93.861,61.637,52.868,52.135,2300.34,2300.34,2300.34
-6.446,-1.011,0,40312.304,0,261,149.041,107.657,103.713,93.906,61.692,52.86,52.119,2300.324,2300.324,2300.324
-6.453,-1.061,0,40313.015,0,261,149.038,107.754,103.798,93.964,61.768,52.852,52.109,2300.334,2300.334,2300.334
-6.458,-1.117,0,40313.717,0,261,149.026,107.852,103.876,94.021,61.826,52.843,52.102,2300.337,2300.337,2300.337
-6.465,-1.172,0,40314.41,0,261,149.016,107.953,103.97,94.08,61.899,52.843,52.094,2300.342,2300.342,2300.342
-6.476,-1.237,0,40315.107,0,261,149,108.035,104.023,94.129,61.95,52.829,52.077,2300.333,2300.333,2300.333
-6.484,-1.303,0,40315.808,0,261,148.994,108.128,104.121,94.185,62.013,52.822,52.061,2300.334,2300.334,2300.334
-6.492,-1.373,0,40316.511,0,261,148.982,108.237,104.196,94.241,62.074,52.819,52.049,2300.34,2300.34,2300.34
-6.51,-1.444,0,40317.215,0,261,148.956,108.337,104.275,94.303,62.133,52.79,52.046,2300.333,2300.333,2300.333
-6.516,-1.515,0,40317.908,0,261,148.938,108.429,104.344,94.369,62.191,52.786,52.015,2300.318,2300.318,2300.318
-6.522,-1.587,0,40318.608,0,261,148.923,108.545,104.442,94.434,62.247,52.793,52.012,2300.331,2300.331,2300.331
-6.53,-1.663,0,40319.308,0,261,148.904,108.636,104.523,94.497,62.282,52.767,51.983,2300.319,2300.319,2300.319
-6.538,-1.753,0,40320.007,0,261,148.906,108.765,104.61,94.562,62.318,52.77,51.964,2300.335,2300.335,2300.335
-6.546,-1.842,0,40320.724,0,261,148.882,108.86,104.705,94.621,62.343,52.739,51.948,2300.329,2300.329,2300.329
-6.553,-1.949,0,40321.429,0,261,148.868,108.973,104.787,94.674,62.376,52.723,51.924,2300.335,2300.335,2300.335
-6.56,-2.034,0,40322.109,0,261,148.856,109.051,104.881,94.734,62.367,52.7,51.893,2300.326,2300.326,2300.326
-6.566,-2.109,0,40322.809,0,261,148.854,109.15,104.97,94.795,62.369,52.676,51.869,2300.332,2300.332,2300.332
-6.563,-2.178,0,40323.509,0,261,148.858,109.229,105.052,94.838,62.369,52.66,51.853,2300.338,2300.338,2300.338
-6.57,-2.225,0,40324.21,0,261,148.85,109.319,105.143,94.904,62.349,52.646,51.825,2300.337,2300.337,2300.337
-6.568,-2.218,0,40324.906,0,261,148.843,109.405,105.242,94.959,62.337,52.616,51.813,2300.334,2300.334,2300.334
-6.569,-2.27,0,40325.606,0,261,148.847,109.489,105.321,95.019,62.332,52.597,51.778,2300.332,2300.332,2300.332
-6.575,-2.344,0,40326.304,0,261,148.83,109.576,105.397,95.06,62.299,52.578,51.764,2300.327,2300.327,2300.327
-6.582,-2.405,0,40327.006,0,261,148.821,109.666,105.489,95.126,62.305,52.548,51.753,2300.336,2300.336,2300.336
-6.598,-2.471,0,40327.704,0,261,148.8,109.742,105.569,95.172,62.284,52.542,51.733,2300.326,2300.326,2300.326
-6.606,-2.526,0,40328.407,0,261,148.784,109.832,105.648,95.222,62.276,52.519,51.712,2300.317,2300.317,2300.317
-6.617,-2.577,0,40329.107,0,261,148.786,109.922,105.75,95.28,62.272,52.514,51.717,2300.341,2300.341,2300.341
-6.629,-2.632,0,40329.818,0,261,148.78,110.009,105.824,95.333,62.243,52.511,51.701,2300.338,2300.338,2300.338
-6.639,-2.687,0,40330.505,0,261,148.777,110.102,105.912,95.373,62.232,52.493,51.695,2300.341,2300.341,2300.341
-6.647,-2.747,0,40331.211,0,261,148.762,110.197,105.991,95.423,62.213,52.487,51.693,2300.342,2300.342,2300.342
-6.654,-2.801,0,40331.912,0,261,148.758,110.273,106.065,95.466,62.198,52.475,51.672,2300.328,2300.328,2300.328
-6.657,-2.859,0,40332.638,0,261,148.756,110.379,106.164,95.529,62.192,52.477,51.667,2300.35,2300.35,2300.35
-6.661,-2.921,0,40333.31,0,261,148.744,110.461,106.238,95.572,62.186,52.451,51.661,2300.343,2300.343,2300.343
-6.658,-2.978,0,40334.015,0,261,148.729,110.54,106.32,95.609,62.173,52.435,51.636,2300.335,2300.335,2300.335
-6.672,-3.035,0,40334.718,0,261,148.715,110.644,106.404,95.664,62.168,52.433,51.636,2300.347,2300.347,2300.347
-6.689,-3.089,0,40335.412,0,261,148.708,110.726,106.483,95.714,62.15,52.41,51.608,2300.337,2300.337,2300.337
-6.7,-3.146,0,40336.114,0,261,148.697,110.815,106.573,95.765,62.147,52.404,51.59,2300.349,2300.349,2300.349
-6.706,-3.204,0,40336.834,0,261,148.682,110.891,106.648,95.811,62.138,52.377,51.558,2300.333,2300.333,2300.333
-6.708,-3.258,0,40337.507,0,261,148.683,110.972,106.741,95.875,62.142,52.357,51.536,2300.341,2300.341,2300.341
-6.701,-3.314,0,40338.251,0,261,148.673,111.05,106.816,95.923,62.148,52.335,51.511,2300.338,2300.338,2300.338
-6.725,-3.365,0,40338.909,0,261,148.667,111.118,106.891,95.973,62.136,52.31,51.494,2300.332,2300.332,2300.332
-6.736,-3.425,0,40339.635,0,261,148.671,111.19,106.989,96.052,62.152,52.293,51.48,2300.344,2300.344,2300.344
-6.74,-3.486,0,40340.306,0,261,148.656,111.267,107.054,96.108,62.147,52.261,51.447,2300.336,2300.336,2300.336
-6.73,-3.552,0,40341.009,0,261,148.658,111.343,107.124,96.172,62.158,52.253,51.432,2300.341,2300.341,2300.341
-6.743,-3.616,0,40341.705,0,261,148.645,111.413,107.209,96.239,62.153,52.236,51.414,2300.338,2300.338,2300.338
-6.761,-3.682,0,40342.417,0,261,148.643,111.491,107.282,96.31,62.158,52.227,51.392,2300.339,2300.339,2300.339
-6.767,-3.754,0,40343.106,0,261,148.634,111.558,107.359,96.368,62.173,52.205,51.388,2300.341,2300.341,2300.341
-6.757,-3.836,0,40343.827,0,261,148.617,111.62,107.446,96.433,62.168,52.187,51.377,2300.327,2300.327,2300.327
-6.772,-3.904,0,40344.511,0,261,148.632,111.707,107.511,96.508,62.187,52.186,51.375,2300.345,2300.345,2300.345
-6.789,-3.976,0,40345.21,0,261,148.628,111.783,107.596,96.569,62.188,52.176,51.363,2300.342,2300.342,2300.342
-6.79,-4.039,0,40345.906,0,261,148.625,111.862,107.663,96.638,62.2,52.167,51.355,2300.35,2300.35,2300.35
-6.777,-4.092,0,40346.607,0,261,148.614,111.917,107.726,96.696,62.195,52.153,51.334,2300.329,2300.329,2300.329
-6.802,-4.143,0,40347.306,0,261,148.616,112.007,107.806,96.762,62.215,52.142,51.332,2300.339,2300.339,2300.339
-6.81,-4.212,0,40348.011,0,261,148.615,112.071,107.878,96.823,62.219,52.141,51.324,2300.333,2300.333,2300.333
-6.798,-4.275,0,40348.714,0,261,148.613,112.138,107.955,96.894,62.227,52.136,51.317,2300.338,2300.338,2300.338
-6.811,-4.331,0,40349.407,0,261,148.608,112.214,108.032,96.965,62.25,52.137,51.305,2300.344,2300.344,2300.344
-6.828,-4.379,0,40350.107,0,261,148.604,112.276,108.098,97.011,62.251,52.115,51.306,2300.331,2300.331,2300.331
-6.827,-4.411,0,40350.825,0,261,148.607,112.357,108.175,97.103,62.277,52.119,51.312,2300.344,2300.344,2300.344
-6.817,-4.456,0,40351.52,0,261,148.596,112.413,108.242,97.152,62.274,52.112,51.293,2300.329,2300.329,2300.329
-6.841,-4.502,0,40352.208,0,261,148.595,112.498,108.313,97.23,62.297,52.108,51.295,2300.341,2300.341,2300.341
-6.847,-4.544,0,40352.912,0,261,148.602,112.575,108.391,97.296,62.313,52.116,51.296,2300.351,2300.351,2300.351
-6.832,-4.59,0,40353.611,0,261,148.585,112.648,108.469,97.377,62.335,52.112,51.295,2300.347,2300.347,2300.347
-6.85,-4.638,0,40354.328,0,261,148.574,112.72,108.524,97.427,62.35,52.102,51.279,2300.334,2300.334,2300.334
-6.864,-4.684,0,40355.01,0,261,148.579,112.814,108.608,97.508,62.379,52.105,51.292,2300.36,2300.36,2300.36
-6.857,-4.714,0,40355.713,0,261,148.557,112.883,108.673,97.563,62.393,52.092,51.279,2300.341,2300.341,2300.341
-6.859,-4.751,0,40356.406,0,261,148.566,112.95,108.759,97.642,62.42,52.106,51.284,2300.354,2300.354,2300.354
-6.876,-4.79,0,40357.12,0,261,148.554,113.024,108.82,97.699,62.434,52.092,51.279,2300.341,2300.341,2300.341
-6.868,-4.832,0,40357.807,0,261,148.546,113.11,108.896,97.774,62.471,52.105,51.286,2300.352,2300.352,2300.352
-6.873,-4.871,0,40358.51,0,261,148.536,113.179,108.956,97.838,62.478,52.102,51.28,2300.343,2300.343,2300.343
-6.89,-4.913,0,40359.208,0,261,148.531,113.253,109.032,97.9,62.509,52.102,51.289,2300.344,2300.344,2300.344
-6.88,-4.963,0,40359.907,0,261,148.528,113.319,109.109,97.969,62.545,52.103,51.291,2300.345,2300.345,2300.345
-6.893,-5.017,0,40360.608,0,261,148.522,113.41,109.179,98.035,62.564,52.107,51.296,2300.347,2300.347,2300.347
-6.905,-5.051,0,40361.311,0,261,148.511,113.481,109.252,98.109,62.593,52.116,51.305,2300.349,2300.349,2300.349
-6.884,-5.051,0,40362.007,0,261,148.504,113.565,109.321,98.166,62.614,52.121,51.302,2300.349,2300.349,2300.349
-6.903,-5.051,0,40362.708,0,261,148.491,113.65,109.397,98.229,62.639,52.122,51.311,2300.344,2300.344,2300.344
-6.902,-5.051,0,40363.427,0,261,148.483,113.734,109.484,98.289,62.671,52.139,51.316,2300.351,2300.351,2300.351
-6.931,-5.141,0,40364.127,0,261,148.481,113.822,109.55,98.345,62.696,52.144,51.313,2300.359,2300.359,2300.359
-6.947,-5.129,0,40364.812,0,261,148.455,113.908,109.613,98.368,62.762,52.145,51.312,2300.34,2300.34,2300.34
-6.941,-5.129,0,40365.51,0,261,148.429,114.03,109.704,98.408,62.859,52.161,51.335,2300.364,2300.364,2300.364
-6.933,-5.094,0,40366.209,0,261,148.402,114.139,109.77,98.421,62.932,52.154,51.334,2300.349,2300.349,2300.349
-6.943,-5.036,0,40366.929,0,261,148.374,114.249,109.84,98.445,63.005,52.162,51.337,2300.338,2300.338,2300.338
-6.918,-4.988,0,40367.611,0,261,148.357,114.352,109.917,98.465,63.055,52.174,51.341,2300.336,2300.336,2300.336
-6.925,-4.939,0,40368.308,0,261,148.346,114.465,110.011,98.498,63.122,52.185,51.362,2300.352,2300.352,2300.352
-6.924,-4.9,0,40369.031,0,261,148.338,114.555,110.1,98.542,63.161,52.191,51.362,2300.35,2300.35,2300.35
-6.9,-4.842,0,40369.739,0,261,148.339,114.646,110.189,98.577,63.21,52.218,51.377,2300.362,2300.362,2300.362
-6.914,-4.802,0,40370.411,0,261,148.32,114.722,110.256,98.614,63.229,52.227,51.38,2300.348,2300.348,2300.348
-6.892,-4.765,0,40371.11,0,261,148.306,114.81,110.349,98.653,63.261,52.232,51.403,2300.345,2300.345,2300.345
-6.904,-4.717,0,40371.809,0,261,148.292,114.893,110.42,98.684,63.276,52.244,51.399,2300.336,2300.336,2300.336
-6.888,-4.638,0,40372.511,0,261,148.284,114.993,110.514,98.751,63.304,52.252,51.42,2300.352,2300.352,2300.352
-6.884,-4.574,0,40373.207,0,261,148.275,115.052,110.583,98.78,63.315,52.263,51.423,2300.337,2300.337,2300.337
-6.877,-4.512,0,40373.91,0,261,148.273,115.132,110.659,98.826,63.329,52.27,51.439,2300.337,2300.337,2300.337
-6.868,-4.447,0,40374.613,0,261,148.269,115.212,110.749,98.886,63.348,52.296,51.455,2300.347,2300.347,2300.347
-6.865,-4.37,0,40375.308,0,261,148.262,115.3,110.829,98.945,63.357,52.312,51.474,2300.356,2300.356,2300.356
-6.847,-4.303,0,40376.024,0,261,148.263,115.373,110.908,98.996,63.367,52.323,51.48,2300.353,2300.353,2300.353
-6.851,-4.241,0,40376.719,0,261,148.263,115.442,110.984,99.054,63.385,52.34,51.511,2300.361,2300.361,2300.361
-6.827,-4.157,0,40377.408,0,261,148.242,115.518,111.075,99.105,63.382,52.358,51.52,2300.354,2300.354,2300.354
-6.832,-4.086,0,40378.117,0,261,148.23,115.58,111.142,99.172,63.387,52.378,51.54,2300.352,2300.352,2300.352
-6.812,-4.013,0,40378.809,0,261,148.247,115.655,111.216,99.244,63.392,52.405,51.569,2300.365,2300.365,2300.365
-6.814,-3.937,0,40379.511,0,261,148.23,115.721,111.281,99.298,63.398,52.408,51.576,2300.348,2300.348,2300.348
-6.799,-3.873,0,40380.211,0,261,148.242,115.789,111.367,99.383,63.41,52.438,51.607,2300.365,2300.365,2300.365
-6.796,-3.811,0,40380.909,0,261,148.221,115.844,111.439,99.419,63.405,52.449,51.611,2300.336,2300.336,2300.336
-6.788,-3.748,0,40381.616,0,261,148.223,115.917,111.512,99.495,63.421,52.472,51.646,2300.348,2300.348,2300.348
-6.782,-3.72,0,40382.343,0,261,148.23,115.974,111.586,99.57,63.421,52.493,51.662,2300.353,2300.353,2300.353
-6.78,-3.666,0,40383.012,0,261,148.231,116.028,111.652,99.631,63.425,52.522,51.684,2300.353,2300.353,2300.353
-6.765,-3.597,0,40383.712,0,261,148.229,116.107,111.729,99.705,63.439,52.54,51.709,2300.365,2300.365,2300.365
-6.769,-3.557,0,40384.419,0,261,148.243,116.159,111.79,99.768,63.459,52.566,51.721,2300.368,2300.368,2300.368
-6.742,-3.505,0,40385.114,0,261,148.234,116.231,111.859,99.836,63.457,52.575,51.746,2300.363,2300.363,2300.363
-6.759,-3.464,0,40385.813,0,261,148.227,116.284,111.925,99.894,63.462,52.588,51.759,2300.359,2300.359,2300.359
-6.741,-3.436,0,40386.517,0,261,148.225,116.348,111.998,99.968,63.48,52.609,51.771,2300.357,2300.357,2300.357
-6.75,-3.402,0,40387.224,0,261,148.226,116.413,112.075,100.04,63.495,52.626,51.789,2300.373,2300.373,2300.373
-6.74,-3.387,0,40387.91,0,261,148.215,116.477,112.128,100.096,63.497,52.63,51.782,2300.353,2300.353,2300.353
-6.744,-3.382,0,40388.618,0,261,148.217,116.552,112.197,100.175,63.513,52.653,51.808,2300.358,2300.358,2300.358
-6.743,-3.355,0,40389.313,0,261,148.219,116.623,112.266,100.261,63.544,52.659,51.818,2300.367,2300.367,2300.367
-6.736,-3.332,0,40390.014,0,261,148.2,116.706,112.324,100.323,63.565,52.658,51.814,2300.36,2300.36,2300.36
-6.74,-3.282,0,40390.711,0,261,148.191,116.783,112.399,100.407,63.588,52.687,51.832,2300.363,2300.363,2300.363
-6.72,-3.238,0,40391.418,0,261,148.192,116.846,112.459,100.481,63.608,52.693,51.846,2300.35,2300.35,2300.35
-6.738,-3.215,0,40392.112,0,261,148.184,116.912,112.531,100.554,63.649,52.713,51.864,2300.357,2300.357,2300.357
-6.714,-3.172,0,40392.835,0,261,148.198,116.986,112.607,100.648,63.695,52.741,51.892,2300.371,2300.371,2300.371
-6.736,-3.12,0,40393.514,0,261,148.183,117.037,112.655,100.723,63.736,52.75,51.903,2300.353,2300.353,2300.353
-6.717,-3.06,0,40394.212,0,261,148.194,117.099,112.746,100.81,63.788,52.77,51.922,2300.366,2300.366,2300.366
-6.727,-2.981,0,40394.909,0,261,148.191,117.135,112.8,100.886,63.853,52.793,51.935,2300.356,2300.356,2300.356
-6.712,-2.906,0,40395.648,0,261,148.196,117.19,112.876,100.964,63.925,52.808,51.965,2300.367,2300.367,2300.367
-6.712,-2.82,0,40396.315,0,261,148.216,117.236,112.933,101.03,63.984,52.822,51.988,2300.362,2300.362,2300.362
-6.701,-2.72,0,40397.01,0,261,148.199,117.269,113.001,101.105,64.048,52.852,52.003,2300.365,2300.365,2300.365
-6.69,-2.619,0,40397.711,0,261,148.22,117.314,113.072,101.167,64.128,52.879,52.02,2300.375,2300.375,2300.375
-6.684,-2.508,0,40398.415,0,261,148.225,117.335,113.115,101.217,64.172,52.895,52.046,2300.361,2300.361,2300.361
-6.664,-2.394,0,40399.113,0,261,148.231,117.366,113.177,101.276,64.232,52.916,52.069,2300.361,2300.361,2300.361
-6.659,-2.285,0,40399.828,0,261,148.239,117.402,113.222,101.333,64.285,52.942,52.09,2300.351,2300.351,2300.351
-6.641,-2.177,0,40400.515,0,261,148.248,117.441,113.294,101.403,64.351,52.985,52.13,2300.375,2300.375,2300.375
-6.633,-2.077,0,40401.212,0,261,148.248,117.468,113.344,101.461,64.39,52.993,52.149,2300.357,2300.357,2300.357
-6.614,-1.983,0,40401.941,0,261,148.259,117.513,113.391,101.525,64.419,53.04,52.176,2300.36,2300.36,2300.36
-6.608,-1.893,0,40402.612,0,261,148.271,117.552,113.443,101.594,64.473,53.07,52.213,2300.378,2300.378,2300.378
-6.588,-1.794,0,40403.313,0,261,148.285,117.601,113.485,101.662,64.503,53.108,52.241,2300.387,2300.387,2300.387
-6.58,-1.715,0,40404.01,0,261,148.274,117.617,113.524,101.718,64.527,53.122,52.261,2300.356,2300.356,2300.356
-6.567,-1.642,0,40404.719,0,261,148.281,117.659,113.593,101.802,64.567,53.161,52.299,2300.38,2300.38,2300.38
-6.551,-1.566,0,40405.439,0,261,148.281,117.681,113.627,101.866,64.579,53.183,52.326,2300.362,2300.362,2300.362
-6.541,-1.485,0,40406.112,0,261,148.301,117.715,113.668,101.938,64.607,53.207,52.35,2300.361,2300.361,2300.361
-6.522,-1.418,0,40406.814,0,261,148.306,117.744,113.717,102.029,64.63,53.242,52.382,2300.366,2300.366,2300.366
-6.52,-1.353,0,40407.516,0,261,148.323,117.777,113.769,102.107,64.653,53.282,52.424,2300.366,2300.366,2300.366
-6.497,-1.287,0,40408.24,0,261,148.338,117.806,113.803,102.19,64.681,53.317,52.46,2300.369,2300.369,2300.369
-6.498,-1.225,0,40408.916,0,261,148.339,117.822,113.841,102.27,64.694,53.351,52.508,2300.365,2300.365,2300.365
-6.475,-1.165,0,40409.628,0,261,148.349,117.866,113.891,102.356,64.732,53.393,52.557,2300.376,2300.376,2300.376
-6.478,-1.11,0,40410.314,0,261,148.359,117.88,113.923,102.433,64.738,53.428,52.595,2300.362,2300.362,2300.362
-6.459,-1.056,0,40411.017,0,261,148.36,117.909,113.963,102.505,64.757,53.477,52.647,2300.36,2300.36,2300.36
-6.46,-1.012,0,40411.712,0,261,148.381,117.923,114.003,102.586,64.773,53.537,52.698,2300.366,2300.366,2300.366
-6.448,-0.962,0,40412.411,0,261,148.379,117.944,114.038,102.656,64.786,53.574,52.75,2300.363,2300.363,2300.363
-6.438,-0.916,0,40413.126,0,261,148.409,117.979,114.084,102.717,64.801,53.622,52.8,2300.367,2300.367,2300.367
-6.435,-0.859,0,40413.818,0,261,148.423,117.985,114.114,102.774,64.802,53.679,52.854,2300.366,2300.366,2300.366
-6.407,-0.808,0,40414.513,0,261,148.446,118.012,114.155,102.839,64.818,53.736,52.913,2300.381,2300.381,2300.381
-6.42,-0.772,0,40415.216,0,261,148.468,118.024,114.19,102.895,64.829,53.783,52.969,2300.385,2300.385,2300.385
-6.405,-0.729,0,40415.911,0,261,148.48,118.017,114.217,102.949,64.823,53.835,53.021,2300.378,2300.378,2300.378
-6.394,-0.681,0,40416.614,0,261,148.493,118.012,114.247,102.988,64.825,53.882,53.068,2300.363,2300.363,2300.363
-6.398,-0.641,0,40417.322,0,261,148.504,118.016,114.271,103.04,64.818,53.939,53.114,2300.361,2300.361,2300.361
-6.382,-0.596,0,40418.015,0,261,148.507,118.035,114.297,103.074,64.824,53.982,53.169,2300.355,2300.355,2300.355
-6.362,-0.55,0,40418.714,0,261,148.544,118.035,114.334,103.124,64.836,54.046,53.233,2300.371,2300.371,2300.371
-6.371,-0.511,0,40419.411,0,261,148.568,118.043,114.355,103.177,64.842,54.089,53.297,2300.375,2300.375,2300.375
-6.365,-0.473,0,40420.116,0,261,148.581,118.039,114.384,103.214,64.859,54.142,53.353,2300.374,2300.374,2300.374
-6.347,-0.433,0,40420.812,0,261,148.597,118.042,114.403,103.259,64.859,54.197,53.399,2300.366,2300.366,2300.366
-6.339,-0.398,0,40421.518,0,261,148.62,118.054,114.424,103.31,64.864,54.255,53.455,2300.381,2300.381,2300.381
-6.346,-0.362,0,40422.23,0,261,148.629,118.052,114.438,103.332,64.862,54.305,53.508,2300.373,2300.373,2300.373
-6.342,-0.325,0,40422.918,0,261,148.666,118.067,114.468,103.383,64.884,54.37,53.578,2300.387,2300.387,2300.387
-6.329,-0.292,0,40423.627,0,261,148.657,118.05,114.468,103.396,64.859,54.405,53.624,2300.363,2300.363,2300.363
-6.311,-0.26,0,40424.314,0,261,148.68,118.058,114.496,103.43,64.875,54.465,53.671,2300.372,2300.372,2300.372
-6.317,-0.231,0,40425.022,0,261,148.695,118.063,114.503,103.456,64.869,54.509,53.729,2300.363,2300.363,2300.363
-6.32,-0.199,0,40425.714,0,261,148.709,118.075,114.524,103.486,64.891,54.574,53.798,2300.383,2300.383,2300.383
-6.314,-0.172,0,40426.418,0,261,148.721,118.063,114.537,103.513,64.878,54.628,53.851,2300.371,2300.371,2300.371
-6.304,-0.147,0,40427.124,0,261,148.751,118.06,114.556,103.549,64.89,54.687,53.927,2300.374,2300.374,2300.374
-6.288,-0.125,0,40427.834,0,261,148.769,118.049,114.562,103.582,64.9,54.75,53.992,2300.383,2300.383,2300.383
-6.296,-0.108,0,40428.516,0,261,148.784,118.032,114.568,103.591,64.891,54.804,54.06,2300.37,2300.37,2300.37
-6.3,-0.092,0,40429.212,0,261,148.819,118.018,114.587,103.624,64.913,54.884,54.136,2300.385,2300.385,2300.385
-6.301,-0.083,0,40429.913,0,261,148.832,117.99,114.595,103.64,64.928,54.954,54.199,2300.382,2300.382,2300.382
-6.298,-0.078,0,40430.619,0,261,148.848,117.982,114.596,103.666,64.937,55.009,54.274,2300.371,2300.371,2300.371
-6.29,-0.074,0,40431.323,0,261,148.88,117.96,114.607,103.683,64.963,55.084,54.351,2300.378,2300.378,2300.378
-6.279,-0.071,0,40432.012,0,261,148.897,117.945,114.612,103.709,64.969,55.154,54.421,2300.377,2300.377,2300.377
-6.288,-0.068,0,40432.727,0,261,148.937,117.909,114.617,103.736,64.994,55.221,54.494,2300.382,2300.382,2300.382
-6.294,-0.064,0,40433.415,0,261,148.965,117.871,114.612,103.76,65.019,55.292,54.549,2300.375,2300.375,2300.375
-6.295,-0.063,0,40434.125,0,261,148.995,117.846,114.608,103.793,65.064,55.357,54.623,2300.389,2300.389,2300.389
-6.291,-0.061,0,40434.812,0,261,149.023,117.81,114.614,103.817,65.097,55.421,54.703,2300.389,2300.389,2300.389
-6.285,-0.062,0,40435.515,0,261,149.049,117.771,114.602,103.834,65.133,55.484,54.762,2300.383,2300.383,2300.383
-6.274,-0.061,0,40436.241,0,261,149.058,117.743,114.597,103.867,65.158,55.55,54.823,2300.383,2300.383,2300.383
-6.261,-0.058,0,40436.914,0,261,149.111,117.735,114.599,103.88,65.217,55.62,54.903,2300.403,2300.403,2300.403
-6.258,-0.054,0,40437.615,0,261,149.12,117.706,114.58,103.907,65.257,55.682,54.958,2300.387,2300.387,2300.387
-6.26,-0.051,0,40438.327,0,261,149.136,117.672,114.562,103.926,65.287,55.728,55.019,2300.376,2300.376,2300.376
-6.256,-0.047,0,40439.013,0,261,149.165,117.638,114.562,103.939,65.343,55.805,55.094,2300.378,2300.378,2300.378
-6.252,-0.043,0,40439.721,0,261,149.179,117.606,114.551,103.963,65.387,55.883,55.174,2300.383,2300.383,2300.383
-6.245,-0.037,0,40440.416,0,261,149.232,117.563,114.536,103.98,65.433,55.949,55.243,2300.383,2300.383,2300.383
-6.239,-0.032,0,40441.121,0,261,149.267,117.52,114.518,104.006,65.479,56.032,55.322,2300.385,2300.385,2300.385
-6.231,-0.027,0,40441.822,0,261,149.307,117.46,114.51,104.013,65.524,56.102,55.409,2300.391,2300.391,2300.391
-6.225,-0.025,0,40442.527,0,261,149.34,117.399,114.481,104.044,65.576,56.176,55.488,2300.387,2300.387,2300.387
-6.219,-0.021,0,40443.213,0,261,149.368,117.335,114.462,104.041,65.617,56.25,55.558,2300.376,2300.376,2300.376
-6.208,-0.019,0,40443.93,0,261,149.409,117.274,114.445,104.068,65.67,56.33,55.645,2300.377,2300.377,2300.377
-6.188,-0.019,0,40444.618,0,261,149.455,117.199,114.413,104.071,65.715,56.415,55.738,2300.375,2300.375,2300.375
-6.169,-0.018,0,40445.314,0,261,149.498,117.131,114.393,104.086,65.766,56.51,55.855,2300.382,2300.382,2300.382
-6.155,-0.019,0,40446.015,0,261,149.537,117.069,114.359,104.101,65.827,56.625,55.991,2300.391,2300.391,2300.391
-6.139,-0.019,0,40446.736,0,261,149.564,117.003,114.324,104.112,65.874,56.739,56.12,2300.383,2300.383,2300.383
-6.125,-0.018,0,40447.435,0,261,149.596,116.942,114.291,104.123,65.929,56.861,56.241,2300.378,2300.378,2300.378
-6.109,-0.019,0,40448.119,0,261,149.634,116.901,114.264,104.127,65.993,57.002,56.39,2300.391,2300.391,2300.391
-6.095,-0.019,0,40448.814,0,261,149.661,116.847,114.217,104.131,66.066,57.115,56.534,2300.386,2300.386,2300.386
-6.077,-0.019,0,40449.518,0,261,149.688,116.786,114.186,104.134,66.118,57.257,56.667,2300.379,2300.379,2300.379
-6.059,-0.02,0,40450.213,0,261,149.729,116.731,114.144,104.134,66.196,57.389,56.809,2300.382,2300.382,2300.382
-6.04,-0.019,0,40450.922,0,261,149.761,116.685,114.11,104.141,66.258,57.524,56.95,2300.385,2300.385,2300.385
-6.023,-0.018,0,40451.624,0,261,149.776,116.64,114.063,104.142,66.338,57.658,57.087,2300.378,2300.378,2300.378
-6.01,-0.019,0,40452.326,0,261,149.812,116.591,114.036,104.137,66.415,57.798,57.226,2300.386,2300.386,2300.386
-6.001,-0.019,0,40453.018,0,261,149.836,116.539,114.004,104.146,66.496,57.928,57.367,2300.386,2300.386,2300.386
-6.004,-0.019,0,40453.731,0,261,149.862,116.5,113.964,104.142,66.579,58.067,57.514,2300.393,2300.393,2300.393
-6.008,-0.019,0,40454.449,0,261,149.889,116.448,113.924,104.135,66.671,58.198,57.646,2300.392,2300.392,2300.392
-6.011,-0.018,0,40455.118,0,261,149.921,116.403,113.889,104.141,66.754,58.339,57.783,2300.395,2300.395,2300.395
-5.979,-0.019,0,40455.815,0,261,149.927,116.358,113.842,104.122,66.832,58.458,57.916,2300.375,2300.375,2300.375
-5.978,-0.02,0,40456.517,0,261,149.947,116.302,113.79,104.116,66.922,58.588,58.036,2300.361,2300.361,2300.361
-5.98,-0.019,0,40457.229,0,261,149.979,116.257,113.76,104.117,67.019,58.736,58.176,2300.379,2300.379,2300.379
-5.996,-0.018,0,40457.913,0,261,150.006,116.213,113.722,104.108,67.108,58.853,58.311,2300.376,2300.376,2300.376
-6.002,-0.02,0,40458.631,0,261,150.015,116.158,113.679,104.103,67.205,58.986,58.444,2300.376,2300.376,2300.376
-6.011,-0.018,0,40459.319,0,261,150.059,116.121,113.63,104.098,67.288,59.114,58.562,2300.374,2300.374,2300.374
-6.028,-0.018,0,40460.023,0,261,150.086,116.072,113.603,104.092,67.386,59.241,58.697,2300.377,2300.377,2300.377
-6.047,-0.019,0,40460.718,0,261,150.102,116.035,113.581,104.088,67.49,59.372,58.829,2300.389,2300.389,2300.389
-6.065,-0.019,0,40461.415,0,261,150.116,115.996,113.536,104.071,67.574,59.492,58.946,2300.379,2300.379,2300.379
-6.082,-0.018,0,40462.12,0,261,150.141,115.938,113.497,104.07,67.671,59.617,59.054,2300.371,2300.371,2300.371
-6.101,-0.019,0,40462.816,0,261,150.162,115.9,113.452,104.052,67.763,59.718,59.176,2300.369,2300.369,2300.369
-6.112,-0.019,0,40463.515,0,261,150.184,115.862,113.425,104.05,67.858,59.843,59.284,2300.375,2300.375,2300.375
-6.121,-0.019,0,40464.226,0,261,150.223,115.844,113.396,104.05,67.96,59.965,59.409,2300.402,2300.402,2300.402
-6.135,-0.019,0,40464.916,0,261,150.222,115.785,113.343,104.036,68.04,60.06,59.5,2300.374,2300.374,2300.374
-6.153,-0.019,0,40465.618,0,261,150.236,115.748,113.317,104.037,68.136,60.163,59.598,2300.382,2300.382,2300.382
-6.158,-0.019,0,40466.316,0,261,150.275,115.705,113.273,104.019,68.236,60.259,59.678,2300.386,2300.386,2300.386
-6.175,-0.02,0,40467.021,0,261,150.279,115.67,113.242,104.016,68.311,60.352,59.76,2300.38,2300.38,2300.38
-6.181,-0.029,0,40467.718,0,261,150.306,115.626,113.215,104.005,68.418,60.437,59.809,2300.392,2300.392,2300.392
-6.187,-0.034,0,40468.432,0,261,150.325,115.6,113.18,104.002,68.503,60.481,59.842,2300.391,2300.391,2300.391
-6.192,-0.045,0,40469.128,0,261,150.346,115.559,113.151,103.996,68.589,60.527,59.877,2300.387,2300.387,2300.387
-6.204,-0.057,0,40469.824,0,261,150.338,115.548,113.103,103.986,68.672,60.559,59.896,2300.389,2300.389,2300.389
-6.215,-0.069,0,40470.517,0,261,150.347,115.546,113.081,103.974,68.757,60.599,59.922,2300.393,2300.393,2300.393
-6.226,-0.08,0,40471.215,0,261,150.345,115.566,113.047,103.976,68.843,60.626,59.951,2300.404,2300.404,2300.404
-6.232,-0.088,0,40471.914,0,261,150.309,115.583,113.003,103.954,68.905,60.643,59.95,2300.374,2300.374,2300.374
-6.235,-0.092,0,40472.616,0,261,150.283,115.644,113.001,103.952,68.978,60.663,59.974,2300.385,2300.385,2300.385
-6.239,-0.097,0,40473.324,0,261,150.257,115.746,112.985,103.952,69.073,60.686,59.968,2300.394,2300.394,2300.394
-6.242,-0.098,0,40474.015,0,261,150.22,115.832,112.954,103.932,69.128,60.695,59.968,2300.387,2300.387,2300.387
-6.244,-0.101,0,40474.715,0,261,150.189,115.889,112.956,103.938,69.193,60.692,59.98,2300.383,2300.383,2300.383
-6.247,-0.104,0,40475.417,0,261,150.182,115.954,112.973,103.924,69.252,60.711,59.986,2300.388,2300.388,2300.388
-6.249,-0.109,0,40476.116,0,261,150.173,116.016,112.987,103.92,69.314,60.724,59.995,2300.402,2300.402,2300.402
-6.25,-0.115,0,40476.824,0,261,150.152,116.063,113.001,103.908,69.369,60.727,59.998,2300.394,2300.394,2300.394
-6.251,-0.118,0,40477.517,0,261,150.14,116.11,113.009,103.903,69.416,60.733,59.995,2300.385,2300.385,2300.385
-6.251,-0.12,0,40478.227,0,261,150.14,116.16,113.033,103.921,69.48,60.761,60.009,2300.408,2300.408,2300.408
-6.251,-0.125,0,40478.916,0,261,150.119,116.196,113.058,103.918,69.515,60.746,60.009,2300.404,2300.404,2300.404
-6.25,-0.131,0,40479.632,0,261,150.104,116.228,113.076,103.909,69.549,60.759,60.014,2300.401,2300.401,2300.401
-6.248,-0.132,0,40480.316,0,261,150.095,116.259,113.098,103.913,69.594,60.767,60.008,2300.391,2300.391,2300.391
-6.248,-0.137,0,40481.016,0,261,150.064,116.283,113.106,103.923,69.618,60.763,59.998,2300.38,2300.38,2300.38
-6.252,-0.145,0,40481.73,0,261,150.079,116.337,113.146,103.934,69.67,60.773,60.028,2300.403,2300.403,2300.403
-6.253,-0.164,0,40482.415,0,261,150.061,116.36,113.17,103.942,69.687,60.785,60.016,2300.395,2300.395,2300.395
-6.26,-0.193,0,40483.12,0,261,150.046,116.392,113.196,103.955,69.719,60.778,60.02,2300.382,2300.382,2300.382
-6.269,-0.228,0,40483.819,0,261,150.033,116.427,113.218,103.962,69.752,60.789,60.014,2300.387,2300.387,2300.387
-6.278,-0.262,0,40484.516,0,261,150.027,116.464,113.252,103.983,69.789,60.787,60.009,2300.388,2300.388,2300.388
-6.287,-0.296,0,40485.225,0,261,150.016,116.518,113.27,103.999,69.828,60.783,60.005,2300.388,2300.388,2300.388
-6.296,-0.335,0,40485.924,0,261,150.004,116.556,113.297,104.01,69.866,60.771,59.994,2300.39,2300.39,2300.39
-6.305,-0.375,0,40486.621,0,261,149.995,116.614,113.339,104.031,69.915,60.772,59.978,2300.407,2300.407,2300.407
-6.315,-0.424,0,40487.329,0,261,149.981,116.668,113.374,104.047,69.953,60.753,59.949,2300.408,2300.408,2300.408
-6.327,-0.466,0,40488.017,0,261,149.953,116.705,113.401,104.06,69.988,60.72,59.911,2300.394,2300.394,2300.394
-6.344,-0.513,0,40488.718,0,261,149.934,116.743,113.431,104.08,70.022,60.694,59.866,2300.384,2300.384,2300.384
-6.354,-0.56,0,40489.419,0,261,149.93,116.791,113.449,104.101,70.066,60.672,59.843,2300.384,2300.384,2300.384
-6.368,-0.609,0,40490.119,0,261,149.917,116.849,113.493,104.122,70.11,60.643,59.814,2300.396,2300.396,2300.396
-6.379,-0.658,0,40490.819,0,261,149.896,116.888,113.524,104.132,70.139,60.608,59.772,2300.385,2300.385,2300.385
-6.39,-0.708,0,40491.516,0,261,149.892,116.943,113.562,104.159,70.194,60.587,59.746,2300.394,2300.394,2300.394
-6.4,-0.755,0,40492.222,0,261,149.866,116.99,113.604,104.171,70.244,60.545,59.711,2300.388,2300.388,2300.388
-6.408,-0.805,0,40492.926,0,261,149.845,117.039,113.632,104.191,70.276,60.515,59.667,2300.386,2300.386,2300.386
-6.412,-0.859,0,40493.619,0,261,149.833,117.093,113.661,104.208,70.323,60.478,59.628,2300.387,2300.387,2300.387
-6.414,-0.906,0,40494.322,0,261,149.832,117.158,113.721,104.243,70.378,60.465,59.603,2300.406,2300.406,2300.406
-6.415,-0.952,0,40495.017,0,261,149.816,117.203,113.757,104.252,70.421,60.426,59.558,2300.401,2300.401,2300.401
-6.435,-1,0,40495.724,0,261,149.799,117.276,113.797,104.28,70.471,60.4,59.532,2300.415,2300.415,2300.415
-6.45,-1.054,0,40496.418,0,261,149.776,117.311,113.826,104.288,70.495,60.351,59.486,2300.398,2300.398,2300.398
-6.462,-1.108,0,40497.125,0,261,149.756,117.368,113.879,104.301,70.531,60.322,59.446,2300.389,2300.389,2300.389
-6.468,-1.159,0,40497.842,0,261,149.749,117.437,113.923,104.33,70.588,60.282,59.414,2300.406,2300.406,2300.406
-6.47,-1.227,0,40498.534,0,261,149.733,117.482,113.963,104.333,70.614,60.251,59.358,2300.387,2300.387,2300.387
-6.467,-1.296,0,40499.236,0,261,149.715,117.545,114.008,104.349,70.652,60.224,59.309,2300.404,2300.404,2300.404
-6.487,-1.369,0,40499.919,0,261,149.695,117.604,114.044,104.364,70.674,60.178,59.268,2300.396,2300.396,2300.396
-6.502,-1.438,0,40500.618,0,261,149.67,117.668,114.086,104.373,70.686,60.127,59.209,2300.389,2300.389,2300.389
-6.511,-1.51,0,40501.319,0,261,149.658,117.747,114.147,104.388,70.688,60.093,59.162,2300.409,2300.409,2300.409
-6.511,-1.583,0,40502.038,0,261,149.638,117.794,114.188,104.39,70.667,60.022,59.104,2300.393,2300.393,2300.393
-6.508,-1.659,0,40502.745,0,261,149.616,117.863,114.225,104.405,70.658,59.977,59.051,2300.4,2300.4,2300.4
-6.518,-1.746,0,40503.456,0,261,149.593,117.931,114.277,104.41,70.622,59.914,58.994,2300.387,2300.387,2300.387
-6.54,-1.835,0,40504.123,0,261,149.572,118.002,114.324,104.406,70.589,59.881,58.943,2300.391,2300.391,2300.391
-6.552,-1.923,0,40504.819,0,261,149.558,118.07,114.39,104.431,70.55,59.845,58.903,2300.407,2300.407,2300.407
-6.555,-2.019,0,40505.52,0,261,149.554,118.131,114.436,104.434,70.517,59.796,58.864,2300.414,2300.414,2300.414
-6.552,-2.106,0,40506.226,0,261,149.534,118.198,114.472,104.446,70.454,59.743,58.796,2300.397,2300.397,2300.397
-6.553,-2.189,0,40506.92,0,261,149.518,118.24,114.53,104.469,70.402,59.704,58.756,2300.403,2300.403,2300.403
-6.568,-2.247,0,40507.62,0,261,149.513,118.295,114.595,104.488,70.344,59.657,58.716,2300.412,2300.412,2300.412
-6.58,-2.313,0,40508.318,0,261,149.496,118.341,114.644,104.505,70.303,59.614,58.674,2300.412,2300.412,2300.412
-6.584,-2.303,0,40509.031,0,261,149.484,118.397,114.682,104.503,70.233,59.561,58.618,2300.399,2300.399,2300.399
-6.582,-2.333,0,40509.719,0,261,149.473,118.442,114.737,104.533,70.174,59.514,58.575,2300.409,2300.409,2300.409
-6.585,-2.411,0,40510.429,0,261,149.464,118.496,114.79,104.552,70.136,59.47,58.535,2300.41,2300.41,2300.41
-6.585,-2.475,0,40511.131,0,261,149.449,118.535,114.832,104.563,70.088,59.425,58.494,2300.397,2300.397,2300.397
-6.585,-2.537,0,40511.818,0,261,149.441,118.589,114.875,104.585,70.033,59.373,58.445,2300.404,2300.404,2300.404
-6.596,-2.599,0,40512.536,0,261,149.43,118.634,114.931,104.597,69.979,59.343,58.407,2300.403,2300.403,2300.403
-6.611,-2.646,0,40513.221,0,261,149.425,118.679,114.98,104.629,69.942,59.292,58.372,2300.416,2300.416,2300.416
-6.623,-2.7,0,40513.918,0,261,149.406,118.723,115.025,104.628,69.89,59.241,58.314,2300.402,2300.402,2300.402
-6.634,-2.755,0,40514.625,0,261,149.395,118.769,115.061,104.656,69.842,59.203,58.274,2300.404,2300.404,2300.404
-6.643,-2.808,0,40515.317,0,261,149.395,118.822,115.118,104.672,69.802,59.166,58.241,2300.416,2300.416,2300.416
-6.651,-2.861,0,40516.027,0,261,149.374,118.857,115.169,104.676,69.755,59.124,58.2,2300.411,2300.411,2300.411
-6.659,-2.915,0,40516.746,0,261,149.363,118.895,115.212,104.696,69.711,59.074,58.141,2300.407,2300.407,2300.407
-6.666,-2.973,0,40517.424,0,261,149.343,118.933,115.249,104.706,69.687,59.026,58.082,2300.4,2300.4,2300.4
-6.673,-3.031,0,40518.143,0,261,149.341,118.958,115.287,104.732,69.645,58.962,58.039,2300.395,2300.395,2300.395
-6.68,-3.089,0,40518.819,0,261,149.33,119.005,115.34,104.761,69.624,58.925,57.989,2300.406,2300.406,2300.406
-6.688,-3.14,0,40519.525,0,261,149.332,119.057,115.383,104.79,69.6,58.873,57.939,2300.422,2300.422,2300.422
-6.695,-3.196,0,40520.221,0,261,149.319,119.078,115.43,104.818,69.561,58.818,57.883,2300.407,2300.407,2300.407
-6.703,-3.258,0,40520.93,0,261,149.303,119.129,115.458,104.848,69.534,58.759,57.838,2300.398,2300.398,2300.398
-6.71,-3.317,0,40521.63,0,261,149.289,119.165,115.491,104.88,69.522,58.722,57.792,2300.399,2300.399,2300.399
-6.719,-3.378,0,40522.322,0,261,149.277,119.202,115.522,104.91,69.486,58.667,57.743,2300.389,2300.389,2300.389
-6.728,-3.445,0,40523.021,0,261,149.268,119.25,115.567,104.943,69.466,58.64,57.71,2300.403,2300.403,2300.403
-6.733,-3.507,0,40523.719,0,261,149.251,119.292,115.614,104.976,69.452,58.59,57.669,2300.402,2300.402,2300.402
-6.74,-3.573,0,40524.423,0,261,149.26,119.344,115.662,105.027,69.446,58.569,57.645,2300.421,2300.421,2300.421
-6.744,-3.635,0,40525.117,0,261,149.229,119.367,115.683,105.042,69.415,58.514,57.595,2300.397,2300.397,2300.397
-6.748,-3.691,0,40525.834,0,261,149.239,119.424,115.736,105.09,69.394,58.49,57.558,2300.411,2300.411,2300.411
-6.75,-3.757,0,40526.523,0,261,149.226,119.467,115.771,105.115,69.374,58.448,57.521,2300.403,2300.403,2300.403
-6.754,-3.82,0,40527.239,0,261,149.215,119.517,115.816,105.159,69.376,58.43,57.505,2300.418,2300.418,2300.418
-6.753,-3.884,0,40527.921,0,261,149.21,119.552,115.85,105.177,69.344,58.388,57.467,2300.409,2300.409,2300.409
-6.757,-3.955,0,40528.622,0,261,149.203,119.598,115.894,105.216,69.338,58.357,57.446,2300.415,2300.415,2300.415
-6.762,-4.037,0,40529.333,0,261,149.183,119.643,115.941,105.251,69.327,58.332,57.413,2300.423,2300.423,2300.423
-6.771,-4.12,0,40530.032,0,261,149.165,119.678,115.97,105.281,69.306,58.306,57.381,2300.414,2300.414,2300.414
-6.783,-4.173,0,40530.723,0,261,149.161,119.724,116.011,105.304,69.283,58.276,57.353,2300.409,2300.409,2300.409
-6.794,-4.233,0,40531.42,0,261,149.15,119.749,116.042,105.327,69.275,58.24,57.326,2300.407,2300.407,2300.407
-6.803,-4.284,0,40532.123,0,261,149.131,119.785,116.086,105.363,69.25,58.209,57.294,2300.399,2300.399,2300.399
-6.811,-4.345,0,40532.824,0,261,149.136,119.831,116.132,105.397,69.247,58.184,57.272,2300.412,2300.412,2300.412
-6.816,-4.412,0,40533.521,0,261,149.118,119.861,116.153,105.428,69.228,58.143,57.237,2300.392,2300.392,2300.392
-6.821,-4.467,0,40534.221,0,261,149.116,119.906,116.198,105.46,69.214,58.124,57.209,2300.402,2300.402,2300.402
-6.823,-4.512,0,40534.925,0,261,149.115,119.938,116.242,105.494,69.211,58.099,57.169,2300.406,2300.406,2300.406
-6.823,-4.555,0,40535.629,0,261,149.107,119.974,116.271,105.535,69.202,58.063,57.132,2300.401,2300.401,2300.401
-6.82,-4.601,0,40536.334,0,261,149.1,120.015,116.319,105.57,69.199,58.038,57.107,2300.406,2300.406,2300.406
-6.817,-4.642,0,40537.02,0,261,149.109,120.057,116.359,105.61,69.194,58.011,57.084,2300.406,2300.406,2300.406
-6.83,-4.672,0,40537.726,0,261,149.095,120.089,116.397,105.646,69.194,57.987,57.059,2300.414,2300.414,2300.414
-6.841,-4.703,0,40538.434,0,261,149.079,120.116,116.436,105.679,69.193,57.952,57.034,2300.409,2300.409,2300.409
-6.851,-4.744,0,40539.124,0,261,149.079,120.172,116.462,105.725,69.2,57.926,57.019,2300.414,2300.414,2300.414
-6.858,-4.781,0,40539.831,0,261,149.064,120.217,116.509,105.75,69.195,57.911,56.981,2300.413,2300.413,2300.413
-6.862,-4.822,0,40540.522,0,261,149.063,120.253,116.537,105.783,69.195,57.897,56.972,2300.42,2300.42,2300.42
-6.863,-4.862,0,40541.221,0,261,149.041,120.3,116.585,105.823,69.202,57.868,56.944,2300.416,2300.416,2300.416
-6.859,-4.893,0,40541.921,0,261,149.036,120.331,116.614,105.858,69.211,57.845,56.923,2300.407,2300.407,2300.407
-6.854,-4.936,0,40542.623,0,261,149.02,120.376,116.657,105.888,69.211,57.826,56.907,2300.403,2300.403,2300.403
-6.867,-4.993,0,40543.338,0,261,149.01,120.421,116.69,105.915,69.222,57.809,56.885,2300.404,2300.404,2300.404
-6.883,-5.043,0,40544.029,0,261,149.007,120.472,116.734,105.969,69.235,57.789,56.871,2300.419,2300.419,2300.419
-6.889,-5.048,0,40544.721,0,261,149,120.512,116.77,105.991,69.239,57.77,56.854,2300.418,2300.418,2300.418
-6.891,-5.047,0,40545.435,0,261,148.985,120.562,116.809,106.018,69.248,57.764,56.837,2300.417,2300.417,2300.417
-6.89,-5.048,0,40546.12,0,261,148.97,120.616,116.856,106.043,69.243,57.745,56.825,2300.426,2300.426,2300.426
-6.885,-5.048,0,40546.833,0,261,148.956,120.653,116.882,106.065,69.247,57.726,56.812,2300.416,2300.416,2300.416
-6.879,-5.047,0,40547.524,0,261,148.951,120.693,116.924,106.08,69.237,57.711,56.784,2300.413,2300.413,2300.413
-6.868,-5.048,0,40548.226,0,261,148.942,120.732,116.976,106.12,69.237,57.7,56.784,2300.422,2300.422,2300.422
-6.877,-5.047,0,40548.927,0,261,148.933,120.781,117.007,106.133,69.229,57.685,56.758,2300.416,2300.416,2300.416
-6.923,-5.099,0,40549.62,0,261,148.929,120.823,117.035,106.151,69.221,57.664,56.749,2300.41,2300.41,2300.41
-6.928,-5.084,0,40550.321,0,261,148.911,120.881,117.089,106.163,69.272,57.653,56.732,2300.418,2300.418,2300.418
-6.931,-5.104,0,40551.023,0,261,148.885,120.957,117.128,106.141,69.345,57.643,56.716,2300.423,2300.423,2300.423
-6.929,-5.078,0,40551.719,0,261,148.858,121.024,117.174,106.122,69.408,57.63,56.705,2300.421,2300.421,2300.421
-6.922,-5.027,0,40552.43,0,261,148.836,121.104,117.21,106.115,69.466,57.615,56.687,2300.421,2300.421,2300.421
-6.904,-4.979,0,40553.122,0,261,148.81,121.155,117.254,106.102,69.506,57.605,56.665,2300.407,2300.407,2300.407
-6.895,-4.931,0,40553.824,0,261,148.812,121.225,117.292,106.101,69.525,57.601,56.673,2300.417,2300.417,2300.417
-6.9,-4.889,0,40554.559,0,261,148.797,121.291,117.357,106.103,69.559,57.597,56.667,2300.434,2300.434,2300.434
-6.903,-4.846,0,40555.234,0,261,148.772,121.335,117.388,106.1,69.569,57.589,56.661,2300.414,2300.414,2300.414
-6.902,-4.787,0,40555.925,0,261,148.762,121.403,117.438,106.108,69.577,57.591,56.66,2300.418,2300.418,2300.418
-6.894,-4.724,0,40556.621,0,261,148.751,121.455,117.484,106.108,69.581,57.586,56.662,2300.431,2300.431,2300.431
-6.879,-4.659,0,40557.334,0,261,148.748,121.505,117.539,106.127,69.582,57.595,56.671,2300.433,2300.433,2300.433
-6.859,-4.614,0,40558.027,0,261,148.731,121.541,117.577,106.127,69.568,57.592,56.666,2300.423,2300.423,2300.423
-6.862,-4.552,0,40558.726,0,261,148.722,121.594,117.639,106.155,69.575,57.6,56.671,2300.437,2300.437,2300.437
-6.861,-4.468,0,40559.421,0,261,148.702,121.636,117.668,106.162,69.558,57.598,56.662,2300.421,2300.421,2300.421
-6.854,-4.376,0,40560.121,0,261,148.69,121.664,117.699,106.168,69.534,57.585,56.654,2300.402,2300.402,2300.402
-6.841,-4.309,0,40560.831,0,261,148.689,121.708,117.756,106.201,69.523,57.594,56.67,2300.417,2300.417,2300.417
-6.819,-4.245,0,40561.52,0,261,148.678,121.756,117.802,106.235,69.509,57.594,56.666,2300.419,2300.419,2300.419
-6.814,-4.175,0,40562.223,0,261,148.673,121.791,117.837,106.256,69.486,57.603,56.674,2300.42,2300.42,2300.42
-6.818,-4.097,0,40562.932,0,261,148.655,121.833,117.872,106.286,69.464,57.608,56.681,2300.416,2300.416,2300.416
-6.812,-4.011,0,40563.625,0,261,148.66,121.871,117.932,106.316,69.445,57.621,56.692,2300.431,2300.431,2300.431
-6.795,-3.935,0,40564.328,0,261,148.648,121.901,117.955,106.348,69.434,57.622,56.693,2300.425,2300.425,2300.425
-6.772,-3.875,0,40565.022,0,261,148.65,121.93,118.015,106.391,69.416,57.628,56.713,2300.422,2300.422,2300.422
-6.781,-3.817,0,40565.721,0,261,148.631,121.971,118.04,106.425,69.384,57.638,56.715,2300.427,2300.427,2300.427
-6.783,-3.769,0,40566.424,0,261,148.628,121.995,118.084,106.465,69.365,57.644,56.721,2300.42,2300.42,2300.42
-6.773,-3.743,0,40567.123,0,261,148.622,122.034,118.122,106.51,69.353,57.652,56.74,2300.43,2300.43,2300.43
-6.751,-3.688,0,40567.821,0,261,148.63,122.068,118.166,106.544,69.333,57.67,56.749,2300.43,2300.43,2300.43
-6.764,-3.674,0,40568.529,0,261,148.614,122.102,118.201,106.575,69.32,57.672,56.748,2300.424,2300.424,2300.424
-6.766,-3.629,0,40569.223,0,261,148.611,122.127,118.228,106.611,69.31,57.666,56.753,2300.416,2300.416,2300.416
-6.752,-3.567,0,40569.937,0,261,148.613,122.158,118.272,106.656,69.308,57.678,56.755,2300.42,2300.42,2300.42
-6.731,-3.523,0,40570.646,0,261,148.603,122.195,118.302,106.694,69.297,57.695,56.77,2300.429,2300.429,2300.429
-6.743,-3.474,0,40571.329,0,261,148.601,122.225,118.353,106.742,69.304,57.693,56.782,2300.438,2300.438,2300.438
-6.746,-3.454,0,40572.024,0,261,148.596,122.261,118.386,106.777,69.292,57.701,56.795,2300.442,2300.442,2300.442
-6.736,-3.455,0,40572.725,0,261,148.578,122.273,118.416,106.807,69.287,57.703,56.785,2300.427,2300.427,2300.427
-6.727,-3.441,0,40573.436,0,261,148.583,122.3,118.446,106.847,69.275,57.687,56.766,2300.417,2300.417,2300.417
-6.737,-3.392,0,40574.127,0,261,148.58,122.341,118.487,106.897,69.293,57.691,56.772,2300.434,2300.434,2300.434
-6.741,-3.367,0,40574.826,0,261,148.565,122.371,118.512,106.922,69.286,57.695,56.748,2300.423,2300.423,2300.423
-6.727,-3.318,0,40575.537,0,261,148.553,122.392,118.539,106.961,69.293,57.677,56.748,2300.418,2300.418,2300.418
-6.713,-3.278,0,40576.223,0,261,148.571,122.453,118.593,107.022,69.323,57.682,56.746,2300.444,2300.444,2300.444
-6.729,-3.249,0,40576.923,0,261,148.541,122.477,118.609,107.048,69.315,57.659,56.728,2300.41,2300.41,2300.41
-6.732,-3.198,0,40577.631,0,261,148.531,122.517,118.647,107.1,69.341,57.669,56.744,2300.427,2300.427,2300.427
-6.722,-3.15,0,40578.328,0,261,148.535,122.553,118.695,107.14,69.371,57.665,56.735,2300.429,2300.429,2300.429
-6.707,-3.08,0,40579.03,0,261,148.529,122.597,118.721,107.202,69.415,57.663,56.738,2300.43,2300.43,2300.43
-6.719,-3.005,0,40579.724,0,261,148.513,122.622,118.753,107.219,69.435,57.667,56.748,2300.419,2300.419,2300.419
-6.717,-2.925,0,40580.435,0,261,148.518,122.66,118.794,107.26,69.485,57.674,56.754,2300.433,2300.433,2300.433
-6.705,-2.841,0,40581.134,0,261,148.508,122.695,118.826,107.3,69.54,57.682,56.766,2300.434,2300.434,2300.434
-6.681,-2.741,0,40581.826,0,261,148.502,122.71,118.858,107.324,69.572,57.68,56.767,2300.419,2300.419,2300.419
-6.684,-2.632,0,40582.522,0,261,148.51,122.747,118.904,107.357,69.623,57.704,56.783,2300.438,2300.438,2300.438
-6.679,-2.518,0,40583.226,0,261,148.496,122.758,118.929,107.372,69.66,57.704,56.784,2300.425,2300.425,2300.425
-6.665,-2.405,0,40583.936,0,261,148.497,122.78,118.968,107.414,69.706,57.731,56.805,2300.443,2300.443,2300.443
-6.639,-2.294,0,40584.624,0,261,148.491,122.777,118.993,107.436,69.722,57.722,56.807,2300.419,2300.419,2300.419
-6.623,-2.189,0,40585.322,0,261,148.488,122.812,119.017,107.469,69.748,57.742,56.824,2300.427,2300.427,2300.427
-6.622,-2.083,0,40586.022,0,261,148.485,122.826,119.046,107.49,69.763,57.757,56.835,2300.42,2300.42,2300.42
-6.615,-1.996,0,40586.725,0,261,148.48,122.838,119.074,107.537,69.787,57.779,56.858,2300.428,2300.428,2300.428
-6.601,-1.895,0,40587.426,0,261,148.48,122.86,119.103,107.581,69.812,57.796,56.867,2300.433,2300.433,2300.433
-6.58,-1.804,0,40588.128,0,261,148.485,122.882,119.135,107.614,69.821,57.813,56.89,2300.43,2300.43,2300.43
-6.555,-1.728,0,40588.824,0,261,148.491,122.898,119.161,107.654,69.839,57.829,56.916,2300.439,2300.439,2300.439
-6.549,-1.646,0,40589.535,0,261,148.485,122.921,119.191,107.718,69.853,57.865,56.935,2300.445,2300.445,2300.445
-6.544,-1.57,0,40590.237,0,261,148.492,122.944,119.207,107.766,69.866,57.886,56.973,2300.446,2300.446,2300.446
-6.535,-1.499,0,40590.925,0,261,148.495,122.946,119.233,107.821,69.876,57.913,56.989,2300.449,2300.449,2300.449
-6.524,-1.428,0,40591.629,0,261,148.485,122.949,119.248,107.874,69.863,57.916,56.996,2300.423,2300.423,2300.423
-6.506,-1.363,0,40592.324,0,261,148.482,122.972,119.272,107.933,69.873,57.947,57.013,2300.428,2300.428,2300.428
-6.483,-1.299,0,40593.028,0,261,148.472,122.98,119.287,107.99,69.876,57.961,57.038,2300.422,2300.422,2300.422
-6.479,-1.241,0,40593.723,0,261,148.481,122.989,119.312,108.054,69.882,57.978,57.068,2300.424,2300.424,2300.424
-6.481,-1.186,0,40594.424,0,261,148.494,122.994,119.347,108.116,69.886,58.006,57.095,2300.424,2300.424,2300.424
-6.473,-1.12,0,40595.135,0,261,148.502,123.003,119.365,108.189,69.901,58.037,57.135,2300.438,2300.438,2300.438
-6.457,-1.06,0,40595.85,0,261,148.512,123.004,119.385,108.241,69.902,58.084,57.181,2300.447,2300.447,2300.447
-6.434,-1.005,0,40596.527,0,261,148.514,122.997,119.399,108.293,69.897,58.105,57.21,2300.437,2300.437,2300.437
-6.434,-0.958,0,40597.223,0,261,148.525,123,119.433,108.346,69.909,58.143,57.25,2300.449,2300.449,2300.449
-6.436,-0.912,0,40597.962,0,261,148.533,122.989,119.444,108.384,69.903,58.177,57.283,2300.436,2300.436,2300.436
-6.425,-0.862,0,40598.624,0,261,148.543,122.982,119.448,108.432,69.895,58.205,57.328,2300.434,2300.434,2300.434
-6.4,-0.818,0,40599.324,0,261,148.552,122.969,119.467,108.47,69.897,58.254,57.369,2300.435,2300.435,2300.435
-6.407,-0.783,0,40600.035,0,261,148.569,122.955,119.473,108.508,69.887,58.289,57.412,2300.434,2300.434,2300.434
-6.405,-0.733,0,40600.725,0,261,148.593,122.963,119.498,108.563,69.894,58.341,57.459,2300.451,2300.451,2300.451
-6.39,-0.694,0,40601.425,0,261,148.588,122.935,119.502,108.585,69.876,58.373,57.497,2300.434,2300.434,2300.434
-6.38,-0.653,0,40602.16,0,261,148.61,122.933,119.513,108.612,69.87,58.414,57.539,2300.444,2300.444,2300.444
-6.383,-0.605,0,40602.829,0,261,148.616,122.9,119.512,108.635,69.853,58.449,57.575,2300.427,2300.427,2300.427
-6.367,-0.566,0,40603.525,0,261,148.626,122.886,119.527,108.663,69.854,58.498,57.642,2300.438,2300.438,2300.438
-6.361,-0.527,0,40604.225,0,261,148.635,122.877,119.523,108.677,69.842,58.535,57.682,2300.434,2300.434,2300.434
-6.361,-0.484,0,40604.931,0,261,148.649,122.861,119.525,108.707,69.834,58.585,57.722,2300.433,2300.433,2300.433
-6.335,-0.447,0,40605.625,0,261,148.662,122.86,119.535,108.726,69.832,58.631,57.765,2300.438,2300.438,2300.438
-6.344,-0.403,0,40606.326,0,261,148.682,122.846,119.538,108.752,69.824,58.671,57.826,2300.443,2300.443,2300.443
-6.332,-0.364,0,40607.03,0,261,148.695,122.847,119.544,108.78,69.831,58.722,57.87,2300.449,2300.449,2300.449
-6.324,-0.331,0,40607.744,0,261,148.687,122.819,119.531,108.786,69.825,58.76,57.903,2300.431,2300.431,2300.431
-6.326,-0.299,0,40608.444,0,261,148.703,122.81,119.532,108.804,69.814,58.817,57.975,2300.443,2300.443,2300.443
-6.308,-0.266,0,40609.127,0,261,148.72,122.812,119.551,108.824,69.822,58.875,58.024,2300.466,2300.466,2300.466
-6.319,-0.235,0,40609.84,0,261,148.717,122.783,119.53,108.835,69.814,58.911,58.055,2300.441,2300.441,2300.441
-6.293,-0.202,0,40610.535,0,261,148.726,122.767,119.531,108.846,69.797,58.941,58.104,2300.446,2300.446,2300.446
-6.307,-0.172,0,40611.227,0,261,148.745,122.757,119.534,108.862,69.804,58.996,58.164,2300.458,2300.458,2300.458
-6.286,-0.148,0,40611.944,0,261,148.755,122.732,119.524,108.861,69.79,59.028,58.2,2300.438,2300.438,2300.438
-6.297,-0.123,0,40612.636,0,261,148.765,122.716,119.528,108.875,69.776,59.088,58.266,2300.452,2300.452,2300.452
-6.29,-0.107,0,40613.325,0,261,148.769,122.674,119.517,108.875,69.764,59.13,58.312,2300.441,2300.441,2300.441
-6.293,-0.093,0,40614.039,0,261,148.802,122.642,119.518,108.892,69.769,59.192,58.393,2300.456,2300.456,2300.456
-6.279,-0.084,0,40614.726,0,261,148.81,122.61,119.494,108.873,69.746,59.243,58.429,2300.44,2300.44,2300.44
-6.293,-0.078,0,40615.43,0,261,148.827,122.592,119.5,108.905,69.763,59.303,58.506,2300.46,2300.46,2300.46
-6.277,-0.074,0,40616.13,0,261,148.843,122.545,119.475,108.897,69.758,59.358,58.568,2300.45,2300.45,2300.45
-6.291,-0.071,0,40616.824,0,261,148.875,122.509,119.474,108.9,69.763,59.42,58.619,2300.458,2300.458,2300.458
-6.273,-0.068,0,40617.533,0,261,148.882,122.455,119.451,108.893,69.763,59.46,58.676,2300.443,2300.443,2300.443
-6.289,-0.067,0,40618.231,0,261,148.925,122.418,119.458,108.919,69.794,59.527,58.75,2300.466,2300.466,2300.466
-6.268,-0.064,0,40618.926,0,261,148.94,122.371,119.423,108.917,69.807,59.582,58.804,2300.459,2300.459,2300.459
-6.284,-0.064,0,40619.64,0,261,148.954,122.331,119.406,108.919,69.824,59.632,58.848,2300.456,2300.456,2300.456
-6.26,-0.063,0,40620.325,0,261,148.966,122.278,119.378,108.932,69.842,59.689,58.907,2300.452,2300.452,2300.452
-6.275,-0.061,0,40621.039,0,261,148.986,122.243,119.36,108.937,69.868,59.753,58.981,2300.458,2300.458,2300.458
-6.251,-0.06,0,40621.73,0,261,149,122.206,119.329,108.934,69.89,59.796,59.034,2300.44,2300.44,2300.44
-6.266,-0.056,0,40622.428,0,261,149.01,122.168,119.306,108.942,69.922,59.868,59.105,2300.447,2300.447,2300.447
-6.245,-0.051,0,40623.128,0,261,149.041,122.128,119.277,108.94,69.946,59.928,59.167,2300.448,2300.448,2300.448
-6.251,-0.049,0,40623.827,0,261,149.064,122.088,119.264,108.954,69.987,60.004,59.245,2300.462,2300.462,2300.462
-6.239,-0.042,0,40624.526,0,261,149.08,122.034,119.222,108.955,70.011,60.056,59.306,2300.441,2300.441,2300.441
-6.23,-0.037,0,40625.229,0,261,149.109,121.986,119.189,108.946,70.054,60.136,59.381,2300.457,2300.457,2300.457
-6.229,-0.033,0,40625.936,0,261,149.139,121.917,119.173,108.946,70.082,60.202,59.459,2300.451,2300.451,2300.451
-6.202,-0.028,0,40626.64,0,261,149.164,121.855,119.146,108.937,70.116,60.27,59.533,2300.451,2300.451,2300.451
-6.216,-0.025,0,40627.325,0,261,149.202,121.777,119.106,108.938,70.157,60.35,59.611,2300.454,2300.454,2300.454
-6.202,-0.022,0,40628.027,0,261,149.218,121.708,119.083,108.925,70.186,60.418,59.678,2300.443,2300.443,2300.443
-6.192,-0.019,0,40628.74,0,261,149.259,121.635,119.05,108.937,70.235,60.504,59.77,2300.459,2300.459,2300.459
-6.181,-0.02,0,40629.435,0,261,149.278,121.553,119.008,108.932,70.257,60.574,59.862,2300.454,2300.454,2300.454
-6.149,-0.019,0,40630.126,0,261,149.317,121.499,118.97,108.935,70.31,60.676,59.986,2300.472,2300.472,2300.472
-6.152,-0.02,0,40630.827,0,261,149.345,121.424,118.924,108.929,70.343,60.766,60.107,2300.458,2300.458,2300.458
-6.13,-0.02,0,40631.542,0,261,149.373,121.355,118.88,108.925,70.402,60.897,60.241,2300.467,2300.467,2300.467
-6.112,-0.02,0,40632.229,0,261,149.387,121.272,118.817,108.902,70.434,61,60.377,2300.44,2300.44,2300.44
-6.105,-0.019,0,40632.931,0,261,149.429,121.226,118.79,108.912,70.499,61.151,60.529,2300.471,2300.471,2300.471
-6.069,-0.02,0,40633.647,0,261,149.437,121.153,118.744,108.893,70.547,61.277,60.664,2300.463,2300.463,2300.463
-6.073,-0.02,0,40634.325,0,261,149.467,121.093,118.689,108.884,70.601,61.421,60.803,2300.46,2300.46,2300.46
-6.053,-0.019,0,40635.036,0,261,149.475,121.02,118.631,108.865,70.655,61.535,60.935,2300.443,2300.443,2300.443
-6.039,-0.02,0,40635.727,0,261,149.503,120.967,118.584,108.86,70.731,61.684,61.083,2300.447,2300.447,2300.447
-6.025,-0.021,0,40636.441,0,261,149.541,120.924,118.55,108.859,70.808,61.847,61.249,2300.479,2300.479,2300.479
-6.01,-0.02,0,40637.129,0,261,149.55,120.852,118.503,108.84,70.875,61.967,61.37,2300.461,2300.461,2300.461
-6.003,-0.02,0,40637.826,0,261,149.565,120.794,118.442,108.814,70.943,62.101,61.512,2300.453,2300.453,2300.453
-5.996,-0.02,0,40638.526,0,261,149.608,120.755,118.404,108.811,71.037,62.247,61.672,2300.48,2300.48,2300.48
