1000
560.797651064978
979.917806482947
1153.989211608
1247.67164278476
1304.1884034108
1337.19652585406
1357.7856899344
1384.42983674081
1394.82407020333
1408.02072702228
1423.26533525219
1418.31732757041
1416.49064754301
1427.45194720217
1431.54201469528
1446.01759741699
1445.14423567519
1425.4120638958
1424.49308416165
1438.89470581018
1442.86307426383
1438.44058620292
1437.07278007893
1435.79413730961
1418.49695306561
1433.0501891378
1444.50908765459
1435.56680328133
1433.92259524121
1441.73060011085
1452.04118487176
1455.83664370989
1458.8962361567
1456.73498453763
1459.47379304804
1470.51057897649
1476.52304584996
1478.67271639103
1479.63288925255
1483.19136209364
1507.39426781816
1504.91013918526
1497.56519395235
1492.39939101187
1497.49594205299
1506.65233395107
1519.41662944532
1522.2495490692
1533.87118470571
1548.23518473584
1548.03156794171
1563.63517890495
1563.98511939875
1575.06791835359
1596.85737795511
1594.25280471611
1591.71961660851
1590.15198194946
1616.61494574482
1625.65865629124
1626.59265028876
1628.15090940312
1627.31467872935
1631.36122811334
1645.33066205455
1657.96659028907
1663.68088369086
1673.8665885623
1668.70650129014
1660.10998114901
1665.22633586632
1684.58727819325
1693.03519660322
1680.4056987959
1685.98232017787
1690.18864481369
1696.31222491188
1695.6298672024
1691.19577982398
1692.284949463
1690.69663828039
1697.50269866024
1709.5641768396
1712.44576787459
1725.16258011083
1713.06690445802
1704.40190557388
1718.62271550558
1731.14695144781
1718.4430232472
1726.17186167516
1728.37569989074
1734.70390254779
1743.22798359055
1738.26346536792
1744.84448500269
1735.28691423394
1742.89552727459
1754.10131558009
1759.49980914456
1760.01372851059
1746.67630203117
1755.44572729333
1760.4912280543
1757.11902062829
1750.92542000633
1751.93365348982
1751.03312503618
1757.40108815549
1765.68765050567
1761.37324185718
1757.59319950796
1756.75722319558
1751.5155548203
1762.8357826883
1756.1761132421
1750.55983413029
1764.17383519325
1763.62458189428
1757.94215087589
1753.44187023136
1756.06251494728
1758.44092340761
1754.4631997123
1747.91351336628
1745.55472656337
1743.74896925231
1755.2052372339
1748.37252163362
1750.81995293818
1748.5841632411
1752.67053586012
1752.95716185643
1749.9336723225
1763.56284597213
1756.81199774564
1757.70512436751
1762.45434504305
1789.30065659976
1826.21039776074
1859.39599530688
1877.98608403376
1886.3747294594
1899.3811679552
1902.39730405809
1899.65028631082
1907.05162936621
1912.39840067007
1917.01026976019
1908.45820284491
1907.1636603218
1916.60802154645
1915.95076808977
1914.88688533353
1910.15025314054
1909.7210777465
1917.33112256155
1920.61900144566
1909.11463846572
1899.91203113892
1896.51079276549
1895.26618788616
1893.1455021309
1889.38219751398
1882.95757809012
1887.70476129243
1878.47865673468
1870.58595865889
1870.64784617248
1862.98443348778
1862.29139172916
1860.86509579749
1860.90924929498
1847.2729169935
1846.4546877454
1848.57607006283
1842.56363902947
1842.1818541176
1835.12884398217
1831.97343800441
1832.78187518743
1831.51707095892
1832.60589849263
1843.0492324231
1847.98367962388
1854.65397281501
1853.15647425589
1861.75628451917
1873.09629907971
1877.21214011017
1875.11899805483
1879.41428214362
1871.39269118674
1867.06813294979
1859.1376664514
1849.43964173543
1848.4496346284
1837.09336202725
1819.87374349073
1812.87588105455
1800.82569394445
1778.14497909125
1766.09884509795
1749.19080968709
1732.20461099957
1718.68131923897
1705.72061919348
1692.8229006309
1682.61441673017
1679.25432573739
1673.30278850991
1659.87716096026
1650.49271555173
1642.12720040571
1640.46813326909
1640.57382221228
1637.10093389535
1630.88696547771
1619.7709129757
1616.40490514828
1609.66765339917
1605.23664743459
1601.68357221548
1590.3431578052
1591.07532984055
1583.48443118922
1576.80098449309
1568.59113821619
1570.14980311207
1569.2788011052
1566.87489230211
1561.70137091248
1553.13226304035
1548.96946323821
1544.48816195263
1545.11029328658
1539.82974981808
1537.43540288705
1528.98667982191
1526.80285562184
1531.04276461755
1526.94420562906
1524.75941803835
1515.37908378363
1518.72692730043
1520.5456463289
1514.77259623487
1511.22371694734
1507.89811464951
1510.90321168045
1509.81628490165
1505.07752024505
1499.95001354227
1498.02321303361
1491.28004094947
1494.6221845341
1492.82205293781
1485.54809887427
1486.85625069421
1482.69152870824
1476.57353357462
1480.32462038802
1473.26545764076
1470.3585956738
1472.89645823472
1465.15479994841
1463.30670293005
1462.5342820672
1461.24752880639
1460.13792573334
1460.24062025861
1455.9541382112
1455.46578669565
1457.65096966803
1449.50095537951
1449.29043605165
1452.19195149368
1448.4808529778
1454.16855481078
1451.75150706183
1443.90057538226
1443.28943028815
1445.15445542274
1444.32002068375
1441.74568149575
1432.18047116352
1440.42918367643
1447.28875648424
1444.59380329867
1436.32751251376
1433.20384850846
1438.6440239731
1439.85145360596
1444.26090983779
1454.78803917371
1454.616069945
1459.23548612497
1465.89614581085
1465.49268451223
1474.71974540716
1478.62673827255
1484.86207021664
1486.90276463454
1481.52877125958
1488.55394047474
1492.96133922308
1490.1827270583
1497.21409760182
1498.99747627799
1506.93134261138
1508.59735510774
1500.89223588974
1505.15009732948
1510.28307683942
1517.07481506421
1525.38593145507
1531.18064408909
1540.58906534885
1547.68532217361
1548.34294776617
1565.63113486796
1577.45191838218
1579.79247515571
1590.05494512398
1606.12103929599
1607.12568481929
1613.84990525619
1624.84094526711
1634.05138287222
1646.57941732234
1664.57523260193
1673.74358153812
1686.41458520731
1697.7433701552
1708.92650858306
1720.82763936275
1728.879766098
1734.02853544032
1740.15897621298
1739.91576332279
1738.8672578612
1740.13646697984
1749.39309347183
1738.92462131297
1727.8826731336
1734.26989594905
1723.77905034708
1716.10956701797
1717.67128132767
1716.05886965156
1718.6535316025
1720.43728048682
1724.95582705114
1727.40138234082
1720.28821190532
1724.91820267664
1727.42491007833
1728.7828185973
1727.72319788168
1731.39041831349
1740.75895916521
1740.23735762384
1735.0314573317
1736.88223729976
1741.6043332051
1740.64919746814
1749.91922591439
1749.4257999999
1746.70823309386
1742.96849350124
1748.18399266021
1742.79280173341
1739.09458532315
1747.21224745361
1747.30837418745
1744.54044626597
1745.6343765029
1745.13199325762
1743.32285183036
1747.27040113424
1748.67051708298
1743.98714248171
1745.06566009359
1751.39382082727
1745.53534488105
1742.89334830516
1743.18398880465
1742.77199209015
1738.93199076166
1745.61171157911
1746.15446665733
1747.80652503743
1745.65925310604
1746.52985195371
1750.10863678424
1746.03616033117
1750.00644846071
1757.12759386955
1755.15843772947
1751.97355971046
1754.62359400179
1757.78926939215
1763.46878234481
1768.42011964988
1803.75860758752
1850.65938771446
1888.3057945649
1915.9060838639
1930.01498618327
1944.66716044778
1942.38187248842
1946.64223176872
1946.03680267704
1946.8886064687
1949.72222419365
1941.03375037756
1942.47868776753
1945.35202430914
1939.50875600457
1930.79621597347
1928.84674827435
1929.51299476285
1924.24113772585
1913.60823219678
1901.01905827871
1900.02586111101
1889.96204155362
1891.25356455346
1889.87688496887
1875.35488109839
1868.75214626465
1865.78207947324
1866.72277407066
1858.82548897946
1853.59127155031
1850.34027730342
1844.63228466484
1841.12348518299
1834.0238717561
1826.84470712688
1829.70496549154
1824.06984672609
1817.6185667827
1822.72881650853
1822.27838645304
1821.96305414901
1824.75853598108
1833.83084123999
1847.73305486047
1856.62763685987
1863.12261531955
1877.87227957679
1886.96405211654
1892.02769366796
1896.49130548048
1898.50330327912
1895.1944715746
1884.57046157516
1881.26536562854
1873.52406171955
1865.6481345344
1855.10329127946
1841.23824130198
1831.4939093633
1813.15456442989
1799.47324760488
1791.12109588412
1776.23777899632
1767.65140518556
1753.54600746784
1743.17381933123
1731.4178877047
1720.19293758353
1715.96413777574
1707.45911361448
1697.94994674951
1691.30594534405
1678.82383559298
1673.43764242108
1662.66892382083
1659.06208504832
1655.40183983481
1643.38134501827
1641.35668597109
1632.72188448296
1618.1695969441
1614.7154721983
1610.63439682458
1601.33061463652
1598.05097756727
1591.33048658611
1589.70775839222
1579.53359358849
1569.53776876647
1563.52314629994
1559.56391926153
1557.1997576698
1556.34488300154
1549.77304838641
1549.03556763054
1541.01051395761
1533.57850467241
1530.24967396871
1529.84163145249
1527.20904908559
1527.68855406034
1516.51144218224
1522.06599847106
1523.34126488653
1512.81309839621
1517.25688229815
1516.09059915818
1511.64884637247
1506.67806906836
1506.21588302839
1501.42502567268
1502.13522483732
1498.28849933157
1495.65334671896
1494.88161303455
1492.55630440093
1486.74413266943
1481.62863896696
1483.9393088121
1487.40844051656
1480.00234073264
1479.53260000755
1473.26144525593
1470.03142098916
1471.68587509549
1466.95911863122
1464.49113810211
1466.76684818278
1463.5323608616
1464.03184613992
1463.65176078108
1461.17532256283
1461.03179428126
1461.41209615995
1456.15719788957
1456.48562596918
1459.02807274329
1459.67894457989
1456.30207610366
1458.18410417112
1457.29902323156
1454.19802741172
1452.24509176785
1450.13231795033
1456.64586850704
1451.43865735727
1455.62716893287
1455.69892406736
1452.9679069886
1456.15627477493
1461.72675292957
1463.00710772882
1464.67687332661
1465.39777888218
1472.9336420738
1479.07988652602
1476.66800188725
1480.56076840932
1487.7364435959
1494.92567343978
1498.67562921101
1498.97786523801
1499.36083225019
1505.44632525932
1512.16089391192
1509.48936752852
1514.86462083732
1515.43271236712
1516.22666490026
1523.27793978461
1527.63867989553
1532.97866227898
1542.26223681975
1552.12285338026
1558.7019247229
1565.41356271423
1570.35479757496
1578.25230259569
1589.27394259205
1599.19002415165
1612.01492394052
1630.33264547323
1638.22270151743
1649.92467270596
1661.49362330274
1677.3541573935
1690.97804325592
1699.40211629889
1712.62039861129
1728.35910784435
1743.03608097273
1757.25181765995
1764.33294303796
1769.9264306001
1770.91677031088
1769.06390392733
1769.39071445212
1765.49700686686
1767.30280774073
1757.74064771012
1758.40696302396
1750.76543637007
1736.83698125692
1727.79943523765
1729.63385316549
1731.55461467653
1719.93920259728
1720.94639876192
1727.53595967191
1722.50399222345
1720.54146046867
1718.54705668934
1724.67521492606
1721.18222602828
1720.69335963196
1728.37591348069
1727.92426902234
1736.37334169101
1735.47719455202
1732.58920976517
1735.96682944931
1730.08990846662
1728.9075211471
1734.80073328269
1732.2675257277
1731.07648664252
1735.14380060401
1734.03726642186
1735.93067777767
1730.53522190099
1730.2645442278
1737.45780191129
1737.35949661098
1738.8694992191
1738.74423515684
1736.92709570801
1736.98529284551
1743.94517659801
1738.3888164434
1737.97351980498
1737.77084797036
1735.98793421036
1738.94159029723
1736.86047657289
1737.58779183166
1737.48085054034
1739.65843884065
1743.37304283631
1743.70964136177
1747.10014167484
1749.7923016857
1750.75434717854
1754.04747616399
1756.78217748596
1764.06915292818
1760.8606651819
1763.68597063543
1771.93480662986
1771.9936258487
1776.08712025895
1778.77919114533
1773.42511799173
1775.18551955522
1779.55136083439
1807.72803578885
1864.85827969538
1913.20953902986
1940.13957960684
1956.69035846147
1959.04474280601
1964.17639501712
1968.44599578805
1966.54889583389
1967.63743289749
1962.84564211775
1959.16801373588
1956.5994097942
1952.89347587504
1949.54673622587
1939.71948540175
1927.68076960693
1921.30445253474
1913.77687336719
1906.52950170203
1903.63708910434
1892.79535208717
1878.27993691416
1868.90319601926
1861.97519548564
1856.60976238941
1855.83789454409
1853.63558767467
1849.07666353369
1843.06127226933
1839.83535408698
1835.28100382294
1834.32230705927
1827.6704321976
1825.08469653795
1827.43233285075
1827.65831120324
1825.65894185399
1823.98944328622
1824.67447492078
1831.85219745573
1835.84552410209
1845.66209413951
1860.18743359827
1872.16246397553
1881.0183128843
1891.08393598207
1903.45167072284
1906.38628947533
1902.37017310979
1899.64213348507
1898.9256216009
1891.67733253273
1884.16168987258
1878.54524195113
1873.75072231738
1857.45511269221
1845.4655409461
1834.78211395498
1814.51717278864
1801.18386561245
1790.67083155557
1777.46422519731
1764.4735568931
1752.44700099989
1744.00607266062
1733.25241775211
1726.56534963517
1722.31366740823
1709.54599556709
1701.99035433377
1694.52050808683
1682.16832505676
1673.96938558017
1670.6027928683
1662.36656097266
1656.42007277045
1652.90602435196
1642.86014610883
1636.68298788607
1628.06550569797
1621.05540343074
1619.70368625636
1611.4298476151
1605.49097995228
1599.89154176355
1589.14355219424
1584.49306169052
1581.07870902075
1570.15139720778
1563.70760673807
1559.1408783451
1556.63299528708
1549.37759509392
1545.41386793516
1544.37394752674
1542.0042338505
1537.12716778395
1535.17277853146
1533.6876925017
1526.6446215246
1524.07636991981
1524.39755315215
1523.49766165366
1520.73680505337
1517.78049093295
1512.8643778519
1517.70112928819
1515.4847120296
1513.42391676428
1513.04803014525
1511.24384188953
1505.51633605841
1496.5821957536
1496.00708201228
1492.68137223546
1493.22774423919
1493.58953931188
1489.07228190003
1485.51359994632
1483.08397732536
1480.80396106085
1479.54041923819
1475.93664139251
1473.81633508323
1476.05498678858
1475.46691910551
