1000
910.184391160028
1417.70345213647
1635.85890855491
1773.85106627967
1847.65285045024
1924.54577256523
1957.37181222923
2000.15656854206
2030.71985245359
2023.27140393984
2045.11603316935
2056.36321151964
2066.02065064905
2063.13562387106
2059.12951176431
2059.13510598493
2061.21152158061
2070.76051950048
2064.28174615541
2067.08573138104
2076.48049021853
2056.01824063283
2042.62222838576
2055.99616290937
2038.93795234682
2047.45761074505
2026.62092371704
2031.93250286069
2035.51732731168
2047.03124015017
2051.46695640256
2019.29534026796
2022.04057273749
2037.66646665589
2033.73567329023
2045.26205588327
2053.91258009287
2073.06409666998
2095.08832514361
2095.85552965889
2092.01641383947
2123.24726239272
2132.09706318168
2119.10356423098
2123.08749205802
2132.36279783837
2132.47390627544
2149.75917104163
2160.61778500148
2153.05251304118
2162.4907194743
2180.06265468783
2183.12895233016
2163.18657359917
2182.03183752301
2211.07447697456
2216.99916266364
2221.49779977745
2244.61128301771
2266.89102484582
2265.615509477
2269.82974528777
2293.01548093491
2319.84019927172
2316.59785449244
2314.5425325267
2338.66334010448
2357.72627855415
2357.00540392524
2349.50048886489
2352.91075725815
2371.67044555774
2392.20862755136
2392.04001537374
2359.59832158924
2376.59679060526
2383.10218914684
2364.90521149272
2383.58809661775
2406.58559292677
2382.74903598812
2370.61915754993
2382.77130502344
2375.88497119944
2378.69866184245
2380.67770593393
2386.95402574467
2380.54852142649
2381.8200671864
2391.82858672773
2390.53823256417
2393.66626604061
2390.75281207867
2387.40833116493
2388.41563144635
2384.61646062686
2382.18068847656
2402.13521705741
2397.39677360666
2386.09731846068
2393.55117532561
2401.77548229956
2396.83627954666
2392.26492703427
2396.52484063462
2404.58991959939
2405.62184463326
2403.74108883193
2406.09193632335
2409.45815250084
2414.90972026703
2428.58611096212
2416.79140268707
2416.63100287343
2430.23087812518
2438.088493442
2429.06349693869
2439.91533146511
2436.88250920524
2445.33029831527
2443.45622232761
2457.20223071092
2450.23489369893
2461.78231467449
2466.05970728122
2461.0082830688
2459.89997633988
2470.63574331988
2478.23915774833
2475.30661456536
2477.7616625716
2487.58524077153
2489.27643891403
2494.60807075632
2495.31793027469
2497.08245801636
2507.79027958363
2512.07409800044
2523.89120904767
2519.95831390422
2527.99187650598
2545.84127603683
2566.12188395768
2556.6294901194
2559.68903792734
2575.03850131511
2579.17951999822
2568.75724193683
2557.8234747733
2562.68705987595
2562.29121267977
2562.98412361746
2563.4861594439
2550.29214834157
2535.30421174896
2533.32774690505
2534.9919785619
2527.52331748364
2520.68813936788
2522.8786827664
2516.51465465655
2489.88898541292
2485.79535433034
2478.67321153887
2462.17790365801
2468.1400446148
2461.47889951852
2451.76376950588
2443.57504596515
2435.96705852088
2426.80883981545
2424.73611652378
2417.17408259414
2410.57259481279
2414.19610595949
2395.72995912212
2384.04994253286
2386.11276870508
2387.14434232133
2379.93455440315
2377.93161106502
2371.75841592626
2369.38993029068
2364.29155946965
2358.30342764851
2368.58003304843
2373.49783923596
2366.60240781968
2376.15215727257
2380.55033902483
2386.12674468647
2399.27090872203
2389.25260012277
2398.40579187261
2404.82355449613
2405.34544447318
2405.53353876489
2408.42661111593
2400.59150466931
2386.38748845313
2372.01431770017
2360.1467838987
2356.89187355378
2342.69937730578
2323.69294470877
2319.24770192224
2311.26662941252
2303.96404899233
2293.87423999893
2290.72784619785
2282.40454233263
2276.56803141033
2275.22694230093
2273.75375020103
2270.83030420693
2266.59498261332
2259.81746071857
2261.41977081371
2264.99275770168
2257.99040269024
2259.84655415551
2251.70621196117
2250.07567507283
2245.68607002263
2248.78531504188
2253.50632702733
2247.97213609409
2236.03335471024
2228.19339052889
2227.51736339361
2211.86910885964
2203.2681300392
2200.37994953527
2192.85316840649
2183.6376945671
2174.29796398689
2160.83418186376
2160.71762268168
2154.3861335839
2154.29485950411
2155.36134659914
2159.15847151189
2148.11365493404
2138.76611207052
2133.24005391001
2136.5157866815
2137.35162860772
2130.6287097435
2115.78669561543
2105.33797646995
2099.91639870311
2096.13877462483
2086.71824489013
2072.89435824766
2069.26128284855
2068.31122630453
2068.34693206958
2061.64350323404
2052.48085579522
2053.90925677063
2055.70217723785
2041.16584015589
2040.75673881263
2039.88242969034
2035.23328507805
2035.77757764082
2026.73801692312
2029.80517129491
2024.32206765429
2023.15586801391
2024.24825369889
2023.0422082573
2021.27410536821
2021.85735810942
2012.90515988906
2011.55667562826
2018.91636728474
2015.08581033112
2010.80110990141
2013.34368145052
2011.92341964367
2013.38707451898
2010.90671315304
2007.29828644568
2011.78942848086
2005.69609590167
2010.23893004894
2002.52957729337
2004.5066240505
2005.98832290406
2002.88097929924
2003.06037267296
2004.17316112909
2006.91596147879
2009.89923785806
1997.61254117855
1994.29703361301
1999.92556260243
2003.63575017735
2003.233398357
2008.57863907535
2011.3013285147
2028.13108355528
2044.75536447774
2070.52612658176
2097.13125584317
2108.8800602701
2120.7267572072
2133.94731327659
2150.3774463659
2154.95939954616
2153.53954573299
2160.04702881346
2166.78333037874
2172.88289884143
2185.60161626716
2178.76123964682
2178.60861114682
2194.48961273668
2198.13853308248
2207.96524024341
2247.71176251797
2265.0910188213
2267.32901968625
2287.87758551809
2306.60296703825
2320.81029565143
2334.58282181168
2334.62617264036
2344.17079249269
2361.36020343276
2371.88317257912
2369.02239228778
2380.09383035026
2382.33339259499
2395.82747379196
2394.05996906812
2392.44938411352
2400.18335365607
2392.57452027058
2377.96143202518
2369.69417939583
2368.88139325873
2363.86924090078
2351.88155457315
2345.72830073471
2345.00992554327
2338.03475621341
2331.66731329503
2332.35261372095
2326.43516835207
2325.87154393295
2314.96975174684
2317.69995206041
2324.88634312734
2321.53143512649
2321.00269801691
2323.21665924938
2325.17219940169
2318.96791593006
2312.35785955444
2321.00939572089
2326.48261398139
2314.59605820956
2322.79149410691
2328.67885868468
2333.99524587577
2341.36678250171
2334.37190020641
2334.81627730712
2341.62319053952
2345.94540483027
2342.47215059702
2349.08496178432
2358.39871551324
2367.54061146964
2374.5851034043
2374.58184666093
2373.51397086022
2373.36705020254
2381.10095335014
2382.07631117038
2391.43637290312
2389.7493034679
2386.00642814073
2396.10317158269
2403.3469027625
2401.53444616859
2402.93449894055
2421.24972886768
2434.60001955142
2434.2033641084
2433.83516663513
2437.88683724744
2441.4554557332
2445.09844835539
2445.98898811281
2449.31319949814
2454.70196403763
2463.56354434442
2474.13295783381
2470.64273649609
2479.25820412013
2486.11240892779
2490.62925694883
2490.20831043781
2498.44508523205
2501.96374266852
2506.32815948393
2527.01498542048
2529.87445808973
2534.89487277721
2540.67853294954
2540.1470674433
2539.33090597546
2530.95171922515
2528.94191953419
2525.30583639509
2522.22345953628
2513.62005214901
2511.10847614114
2495.58512732407
2488.06149598544
2486.5138643042
2485.98417718337
2463.56910453115
2454.74161982865
2446.70401859891
2431.55159362408
2431.25763012559
2426.46082724153
2421.82241086744
2398.5185204612
2383.08887355626
2382.99726159692
2369.75231988694
2363.08311689811
2355.04341528143
2340.17427746896
2338.97657441332
2330.71462478983
2321.28250800595
2314.32026662066
2309.22533141332
2302.22026285282
2285.31742584982
2285.28944108912
2282.41581199715
2281.66304676408
2273.46487943226
2265.57909376315
2275.0877345247
2287.34700313663
2294.61124545415
2306.06528615564
2315.00969997631
2325.08730241303
2338.67392210737
2350.9727545141
2343.6378017479
2352.85244511932
2367.89210887201
2364.00426018055
2354.04101755998
2343.32630174844
2330.76852722033
2329.497394081
2315.84950435061
2300.50231764556
2285.3549929792
2264.66035104855
2255.51975047911
2256.23898151965
2249.37914584707
2241.07683411231
2231.09214921939
2227.41457601053
2223.18779636831
2215.54522339194
2224.59355364867
2217.91884645667
2215.7299135886
2220.13903925287
2213.63668534728
2212.81247345152
2206.89274087139
2214.36182784211
2209.56074881428
2196.72226226945
2208.55661257795
2204.18296922693
2209.56421577134
2207.70133370104
2198.78046817315
2199.65868344254
2206.80823625874
2196.05939337254
2191.19129495913
2191.73100892705
2180.45012083656
2163.97285155792
2169.93492129387
2161.87683809931
2155.51787472287
2157.40997198715
2141.14633723311
2138.3429715458
2140.77807191094
2141.16550594242
2139.6047957171
2137.76232158067
2136.11789390656
2130.94297766507
2125.49347759834
2115.23348359432
2108.38426216551
2097.65607104092
2088.4781464723
2081.29871646033
2082.12730030014
2078.15823847495
2062.12228224717
2054.54339933544
2050.00226564478
2042.65870296345
2034.14080743686
2034.36586735749
2031.3377863303
2028.41160064237
2030.81642084823
2024.88881569693
2021.55215576261
2023.06975519295
2019.08935369817
2011.53829547427
2012.65201482994
2017.76374508552
2010.76124089104
2011.9029736092
2004.39032503358
1996.98855244516
2001.33336199683
2005.84381833588
2007.09328309145
2003.5653240728
1995.45412093673
1997.15417112988
2003.50258887852
1996.0424338957
2001.54206600644
1995.41393647713
1989.32201377694
1997.34441491101
1999.47340485092
1998.43901924088
1998.94970218325
1993.38234551064
1994.81576312041
1994.17871729481
1990.25253392806
2000.77548432135
1997.79886952189
1991.33428079946
2001.82536003721
1997.08406279478
1987.96130984505
1995.67314924414
1996.99056467208
1994.41603807055
1993.17924406853
2001.61275167182
2015.84744218842
2037.36422839976
2070.82100595103
2099.1863267889
2110.77185686706
2132.73972278527
2140.4390930379
2153.55108586684
2160.14730476209
2163.3399742961
2176.7728941654
2174.3270200484
2176.08075730537
2174.54406854552
2190.04260867781
2192.78285405495
2200.61809676544
2204.87655140018
2208.56713786993
2224.43844700261
2234.93050568016
2267.30215710699
2279.66601426786
2284.45958927289
2299.64736358584
2312.4787775047
2329.94483182674
2334.72043998725
2343.12352268463
2351.18514961118
2364.77446070543
2377.607555267
2382.92795264692
2385.61491663092
2378.30861777255
2380.28309425216
2386.43076088337
2394.77578763983
2381.74973084664
2372.81141251111
2361.78572920642
2357.48270103085
2354.49948934235
2336.41429548072
2330.66089639896
2331.45222035472
2315.46309341415
2301.13539919825
2300.84278717188
2291.27095099348
2287.80830769552
2289.41386925401
2290.33586491644
2280.84421068839
2274.97771806416
2283.8774055498
2281.42812141651
2274.98885077882
2269.73955525681
2278.43873563139
2271.69116189027
2278.65971395228
2283.72010565693
2278.93655859229
2280.18953491905
2287.49187770831
2289.20288713821
2297.79385242263
2306.90343268646
2313.37438131805
2318.29353474801
2324.76098387998
2330.97117963874
2343.07185206427
2354.11988868139
2358.43675627398
2365.80299085684
2366.8131095978
2375.20389114361
2382.4169144966
2382.65720596589
2388.0679808045
2386.72066244555
2392.86259711321
2405.31865052414
2411.54769306378
2420.88524110201
2420.57531204736
2415.67252402878
2425.02117703258
2425.47705867916
2423.62226188045
2428.38611500731
2420.5889946808
2426.90567792133
2432.65967436758
2426.49376388517
2439.67394204066
2438.25051653892
2425.83821187619
2431.14624957757
2441.61931722346
2443.65921111091
2448.46447212878
2455.9102656618
2456.09879208215
2461.64552006424
2477.78971885024
2500.55805812788
2512.09486900021
2522.10607105832
2524.13668587949
2516.76398850434
2509.62952768308
2514.45176405142
2512.72209265373
2498.7829439882
2491.88143301718
2493.66628058767
2482.75646940453
2473.68052978639
2470.60466674011
2461.19288091707
2453.50912666253
2432.19881124479
2422.93975418065
2410.03471049544
2398.98741313726
2396.57588905531
2386.64611492795
2372.16021652566
2367.52151560876
2350.88092331655
2335.29322911719
2321.72799356372
2311.2128943139
2299.34046297696
2285.96255344332
2290.6393542168
2280.62182163542
2278.5480046108
2276.69422261882
2266.23266778841
2260.60742401509
2262.98994913985
2254.43531688537
2251.0084778273
2257.33564810454
2264.61135488927
2273.0185627178
2273.83741629193
2285.71820447565
2308.57803668235
2315.22422108667
2315.37627340675
2326.68020644021
2340.89566973742
2347.42364548871
2339.71164247196
2353.95544553251
2355.7737810215
2342.13566464627
2339.20010152608
2320.80555552547
2314.90277308468
2299.5776140925
2278.40642974923
2262.82041270314
2250.90222084701
2232.38287742878
2230.20594120796
2222.17343639393
2210.34388491832
2202.81846545195
2209.82700086154
2214.12987988536
2201.51190271168
2193.6969977738
2191.44358466189
2190.71290035363
2182.68170383251
2180.41114070625
2183.22759618145
2178.17072465327
2176.15540230058
2174.2156391727
2183.85161801089
2191.02807214239
2179.38871222883
2181.72149396727
2180.49214704901
2176.58296241495
2183.02832045895
2177.75311947237
2174.48634670143
2174.4056907493
2162.76418106846
2154.16011658714
2156.16923426623
2150.08870207887
2146.41685261602
2146.08291847713
2140.34785974553
2139.12415715993
2136.17518042498
2136.6577159843
2131.44437960372
2125.84632158846
2120.09774855444
2117.23566693849
2118.5120346267
2125.03747031899
2114.3268298194
2103.72362532577
2100.19338257879
