1000
2067.36717568273
2529.88832880894
2787.92438817988
2964.91055806163
3121.13341012299
3280.10700883821
3362.08170219351
3432.36567301961
3513.95148086206
3528.15746753867
3527.42854337041
3579.83553232574
3597.92896427122
3604.56592430533
3627.79977677067
3671.75290938471
3708.51484052393
3729.42468478845
3746.55744081396
3737.71422405765
3749.84540118419
3774.80000173314
3825.07550030529
3861.87648549394
3853.82237183256
3825.70043152959
3850.13125618276
3880.07801602929
3869.26480380277
3849.80075681119
3861.32084019324
3847.82526446112
3854.56458094104
3874.38204975969
3874.46577510603
3838.89986681564
3833.23391382166
3864.85493753857
3909.91441192406
3944.88342211697
3937.76364301841
4002.45573895445
4058.89400246045
4065.34163545844
4170.08212290189
4222.33101791541
4266.82750916571
4295.06648315447
4315.63780713707
4380.9603178981
4383.29271606512
4421.2455789407
4430.76713039656
4451.42611090819
4476.50291448131
4535.13017706094
4595.82408961233
4614.46461767084
4638.43672952413
4660.31913771959
4664.02798186549
4726.09765149682
4799.93204793853
4796.19877959594
4818.54100001929
4872.26160345961
4967.41826039487
4986.62707514169
5076.26951200143
5154.15190169443
5177.93678644084
5232.63404901384
5245.092975658
5228.53369954837
5230.91063854385
5304.23561455397
5343.10531047404
5378.26216935214
5334.56842367979
5383.06415579598
5464.55166967548
5499.06011929425
5439.74042345976
5449.75881956021
5532.38460297422
5576.67452052164
5573.22409167916
5566.83462237248
5546.94910086864
5583.30834453711
5595.03399741421
5605.77186685725
5638.03946443055
5601.60382781764
5632.42969790539
5649.76882664096
5639.50278814493
5632.14626861985
5638.06272481432
5636.18452091883
5685.57510342831
5692.88227902257
5689.88648691426
5651.31064474986
5632.27461964966
5631.61102875844
5614.52856226183
5607.2246704448
5637.13054910591
5619.27466094607
5608.0030122353
5635.53099776663
5599.31448003701
5637.98543589501
5621.58606141125
5617.53877709754
5619.66765233511
5630.59522765215
5634.91037554729
5664.72166326727
5646.59611104339
5608.21609112018
5635.09910282507
5652.58965601833
5672.08166107556
5636.12674515798
5642.7732017295
5671.22823027459
5669.13755200307
5665.61166371871
5682.06763342748
5674.72218975501
5683.13306505039
5706.84739788101
5708.27225814428
5712.23246919351
5684.99837899612
5643.860010709
5657.09912926455
5638.36465630848
5615.81236689601
5647.43118967805
5654.61683468688
5668.65585818282
5675.40171360595
5678.75482262313
5657.34197864779
5660.74218506091
5669.82010319351
5660.90515076594
5663.93583899817
5628.95318909512
5608.50283091447
5602.63849371817
5602.5857431267
5588.59519684822
5569.50466727527
5529.97838710557
5512.25360644209
5511.0845262942
5473.43983284404
5444.47007501606
5421.61925117986
5416.85372728899
5397.26921299955
5361.63285036351
5323.84034816959
5328.28431083181
5268.30496036728
5229.85239526773
5183.55191758777
5166.32483422843
5138.9165184504
5087.31046254621
5055.53659386348
5049.38516009977
5019.48032679032
5005.38097265203
5008.81812440555
5038.72360269061
5059.73216071105
5063.54998012477
5051.98734319294
5063.49964401447
5069.24609866403
5031.31691410686
5025.84072534317
5028.82207576648
5024.43998652504
5028.25272032169
5037.93884875521
5051.0442508774
5055.8032606919
5073.40812968102
5067.36642654138
5085.47461268927
5071.81439877904
5086.85007318984
5086.3177383798
5075.04953900789
5049.89253749225
5014.73114669163
4998.3226850122
4979.76337990053
4946.90141659298
4911.40289207269
4884.70319063925
4842.80477486088
4761.90021476105
4692.81187088335
4643.95254750554
4570.02434734306
4498.89182951692
4450.09192597319
4426.69207704326
4419.82620811015
4386.30323949952
4365.35706587214
4336.65240449667
4309.84977258624
4313.57910192921
4306.94487681624
4287.56064374771
4289.53139101441
4273.6609891057
4236.11515651492
4197.52667050518
4181.3012256152
4180.60121357486
4186.47415832726
4180.87870491587
4183.70772254288
4178.31975091815
4177.31055257974
4173.24095643202
4186.87679688717
4177.40694497027
4181.54869503938
4178.78153958673
4163.32576165598
4162.01420951377
4148.62204299143
4159.94926744755
4148.53939954093
4143.59672659963
4151.66244211586
4140.94192875728
4139.25564221653
4127.77495778295
4136.15457871383
4127.67741333004
4108.49857637986
4077.37173224982
4084.72848809752
4067.71538764995
4075.27211403016
4051.96173552702
4019.34901641046
4021.17668246232
4008.00786435985
3968.94646603919
3949.97410568368
3936.19149913257
3949.07774102412
3941.55630607008
3917.69882239588
3913.2060848344
3917.77816682054
3907.39225231825
3897.31721320158
3903.2155503752
3895.3679388557
3874.52388294412
3883.44051489462
3890.2408638344
3879.31548549754
3874.97650984533
3874.11112146242
3867.77729519179
3884.28690147771
3878.40448792873
3875.57534242942
3882.5508191055
3862.56349237583
3845.19292963338
3859.52517857125
3874.24327616105
3853.31114786544
3856.58996317526
3883.01124557261
3871.53062285696
3850.37890314458
3841.13842915273
3852.5571916207
3842.34857613992
3857.37684754862
3854.97637455396
3855.51703782748
3861.95501468575
3868.92180510788
3865.11796261341
3849.65418183338
3868.06154502924
3875.00967102501
3867.31818999611
3860.24350026128
3855.01764293386
3860.00914014869
3855.54549950049
3846.95516783458
3849.34173638909
3852.48083223406
3851.40084221416
3857.71901730548
3853.02825752938
3875.73300975984
3894.49989725852
3925.40619232067
3961.39446068302
3971.09215271223
3969.2036966615
3990.90332250857
3997.09337648738
4009.48157224311
4036.39206097664
4059.18315712528
4053.07227300104
4080.67365434946
4114.77805415694
4118.02016792425
4127.83814921977
4165.66749851323
4196.9817790345
4223.7013066152
4229.39080296755
4245.58668133146
4278.21555694342
4293.93072812004
4299.38564965491
4288.4183889024
4289.22049999268
4297.86972362943
4324.7252714162
4328.3557615352
4339.97938628427
4371.23780947059
4396.43898903281
4382.64884722916
4390.27094652212
4395.61032518383
4401.78019928583
4402.96203008958
4350.85520126722
4341.03756642923
4354.44217775959
4364.0436007401
4310.00385921489
4264.84225639163
4222.02353340214
4197.49698287119
4168.01348225738
4140.03502553629
4105.87296818395
4109.84921190428
4092.87903724101
4087.42459448086
4053.64021808866
4044.57716173771
4058.36560423852
4054.85259840843
4059.37886344481
4046.83882460257
4055.92102855132
4071.49990680521
4081.20170331265
4106.2134172745
4100.23293803446
4094.40600256452
4093.93209110981
4110.238718584
4094.72117080169
4090.64077693612
4087.85846263379
4096.87719130282
4116.64939287706
4113.68803072818
4116.42748005805
4130.53386510358
4110.43907904082
4120.76183328884
4140.80075043182
4160.71020330123
4157.17014374596
4152.83723884063
4158.65430636714
4152.52596398607
4153.94770296523
4150.55377202625
4170.0818847391
4183.65711091477
4194.65138164628
4222.72652681937
4230.02781081855
4244.39571616487
4288.67825709447
4303.3020670711
4336.81823956495
4379.58570685539
4423.85582256364
4467.71509266506
4483.53382011031
4495.53432788925
4547.57653169449
4563.77816739252
4600.72544497267
4679.75970907257
4746.82307539909
4772.59728315262
4778.69720404419
4790.71062604029
4802.86559218925
4804.3866872002
4913.3075303779
5091.77391649227
5146.43684124755
5156.09034983983
5189.17869939888
5206.65574540116
5214.65585942078
5188.78618521073
5156.99905890457
5144.81165883991
5139.23545802481
5150.86138878598
5135.51467987236
5113.31806293248
5082.48782695461
5082.2697351669
5058.11800643074
5031.52303548501
4996.12185345087
4952.01968176098
4936.63493422207
4905.53182080241
4888.61420299715
4876.70972592841
4846.70608628542
4819.99499636287
4784.91824307806
4736.03905784311
4709.14697548748
4702.70077713178
4678.04505788659
4625.3724642486
4607.39980164957
4611.26806508962
4614.26957126398
4589.28684683854
4585.59841842513
4573.1060136444
4578.25157118532
4604.6072736789
4624.92548330441
4618.54608678862
4639.14672701573
4694.02255757107
4728.4714203802
4737.11438724823
4766.07225093147
4799.9695794224
4814.64217740655
4818.28742838947
4818.45903918782
4842.26441231266
4820.51097302786
4800.70828530452
4799.74734675849
4788.43904385483
4756.2548058548
4751.22880209548
4715.26909636333
4675.61906324692
4645.18971959712
4592.48347077142
4519.20378382495
4431.17098000541
4347.58473174475
4287.92478531349
4227.54829924361
4163.6734218504
4128.77080168494
4101.67397586039
4081.71207403015
4048.62988128694
4030.92022730911
4032.33864697288
4023.70105038007
4037.58811775561
4026.64253222928
4009.49800753092
3999.69603292052
3999.29870105899
3997.29256743565
3987.38855037267
3971.87428503714
3977.6220092387
3977.59307171085
3987.05118387073
3977.68531302678
3950.8485056109
3963.87825636227
3984.22507674411
3993.65249990769
4009.8333876484
4013.96764241694
4019.15192763473
4022.99373508072
4025.29559359268
4039.65265822228
4034.51029459053
4040.04675684462
4045.49077053058
4045.2124393453
4048.27681031578
4054.36014800677
4048.90966857889
4060.51737666796
4076.05291192409
4058.41143797731
4070.69362691245
4056.70250855492
4050.46062621558
4048.26695298223
4027.31290692049
3993.81998798774
3990.40378324261
3986.53721643325
3968.29908832441
3938.58106604522
3928.52738920527
3925.83078123981
3912.17139089322
3897.89734556857
3888.12850607355
3892.7033373703
3895.03679153122
3884.86528672258
3888.86269235664
3878.9975728856
3861.35480887029
3875.14868455143
3875.47142057207
3847.42030471652
3851.03202636377
3875.76681633276
3866.72993792282
3852.35393103748
3866.30897450608
3873.79440806478
3859.99352877478
3864.43886128581
3859.51544431073
3874.51641134661
3880.42825106694
3891.30341046032
3878.11944568201
3874.77199447647
3873.89740492138
3863.0990581766
3880.20852403325
3880.8631124248
3866.97500851819
3873.90925658207
3879.83963636077
3870.58051498879
3871.68359869144
3887.16166858596
3898.92152684403
3890.81699846538
3871.91147775593
3883.10121780412
3880.40045530668
3899.61923464033
3951.56809958507
3987.99501285946
4031.33032697792
4076.03416880109
4103.29055803896
4126.07778032585
4144.90484503221
4144.30255499768
4169.50016749598
4176.47654491389
4182.30839490712
4184.94441791533
4186.54391978584
4205.54627086682
4217.54590952669
4223.62252025205
4221.77357399381
4244.01823913302
4243.03954291869
4257.08987902249
4290.30016244301
4270.5729807275
4266.24269172161
4290.3557296421
4315.09896545716
4339.75028253439
4314.91182022389
4318.27777340462
4333.44555170283
4355.85929467248
4365.93189842236
4370.24705613755
4389.01881520615
4401.3863626898
4397.85943111572
4403.35868654233
4410.66208925311
4410.07568255736
4381.60856651455
4338.02069988504
4326.93034172077
4318.48221132864
4280.61604918424
4243.03391893697
4221.35165082475
4202.33454543532
4161.28442674618
4140.93222794952
4136.79317786142
4113.49759228356
4090.27660252306
4120.35819235696
4123.1823108062
4098.20020651358
4102.25273362164
4097.06728529258
4086.60499133224
4099.78448613406
4103.47168990615
4101.44811262134
4095.85580511292
4102.72295559343
4098.19058352652
4095.09752676494
4109.64992424775
4110.51782287754
4116.58643875702
4115.55182546165
4128.63865494332
4147.47830723397
4145.33800311876
4164.30852059783
4169.33636785729
4177.82496078461
4188.81743626492
4223.81209471002
4234.44456008714
4229.74362933149
4212.24921154021
4211.75184275073
4251.77928479342
4278.27665974409
4258.02387500577
4262.26135226438
4274.28166223373
4273.45436369855
4304.80305889861
4318.32234833903
4334.14013030594
4352.71051191309
4369.46822665378
4391.07801638483
4439.77283184651
4514.1392030001
4577.37950865198
4609.53987814093
4650.31679729969
4682.45575768381
4716.70935092371
4776.97416184861
4797.16295315748
4784.12600107483
4815.23814115633
4843.23305085379
4869.19342101167
4869.21813161755
4867.82065768564
4872.01411488831
4911.77512362468
5007.69900644381
5086.24931672138
5132.48475425025
5144.18721745494
5134.87814919327
5154.29498048696
5167.03416738006
5137.65235037102
5112.6014172212
5116.69769313651
5102.0655659976
5074.82651453865
5074.61059229629
5062.3860926436
5058.42082304607
5047.39963681546
5030.72965058405
5006.66100991584
4970.84841716953
4958.9304054703
4933.45560097054
4899.92927424022
4865.70278104635
4818.80193093255
4777.68158113651
4753.65251859404
4728.68982418976
4700.92070303101
4705.56876307929
4699.98451813988
4694.06392193478
4681.71278954612
4669.14573858932
4666.73613573055
4675.94048227217
4649.67347175153
4660.97487727872
4660.31200359913
4650.1606661892
4653.99237720478
4651.83810055834
4657.30249960513
4673.65079223938
4708.74385561484
4743.36019067971
4756.88456583852
4782.65974386209
4802.30754187135
4811.12601950791
4806.93539370527
4795.03399048862
4825.26706099333
4799.3824955096
4768.8610340923
4752.02257044849
4737.10733066435
4716.34438289432
4668.02581635201
4647.79034485365
4592.78268406273
4540.26070494095
4469.96894182806
4381.81952286215
4299.85753404722
4237.02453176918
4205.29669751015
4150.33228947092
4111.02554503505
4081.95972402756
4047.17233379201
4025.13647061572
4015.80349904253
3999.83247889694
3999.32080670689
3978.94013601124
3971.45493959185
3977.36321086535
3967.99625058296
3956.212753361
3948.01817452533
3940.34373496044
3950.98428347598
3950.14876281204
3965.19046368725
3974.63642955634
3963.31799353411
3974.2995156723
3971.6096323715
3965.06214310018
3972.50977943726
3979.79707051892
4003.22242018605
4009.14976917667
3992.71236352249
4005.34826999187
4025.04249348087
4025.34100019624
4023.82058486023
4006.42410410639
4018.74125758723
4033.79355728013
4022.18631566998
4034.64060323922
4046.40578807128
4042.5786467729
4038.66102799293
4031.19543030151
4033.03348832459
4042.96206215575
4023.45958622159
4023.70519829608
4000.95960125997
3981.05133253298
3975.04252716697
3952.37758892601
3922.03327428362
3926.47571143109
3923.18030662335
3929.37289567491
3896.13970912704
3890.84503531583
3902.42136479222
3896.16228404427
3879.49671886373
3887.99393429387
3893.97767924603
3887.09660079857
3886.93331428851
3878.29080475053
3886.65845760644
